1 0.353125 0.49609375 0.03671875 0.125
0 0.5375 0.59609375 0.03828125 0.128125
0 0.85234375 0.47890625 0.0390625 0.11953125
1 0.2859375 0.37578125 0.025 0.0984375
0 0.640625 0.59765625 0.03671875 0.140625
0 0.01171875 0.46328125 0.0234375 0.109375
0 0.87890625 0.4765625 0.0390625 0.125
1 0.825 0.41484375 0.03046875 0.10703125
0 0.5796875 0.49140625 0.0359375 0.13359375
0 0.73984375 0.43046875 0.0265625 0.09921875
0 0.5390625 0.503125 0.03125 0.1140625
0 0.76875 0.46015625 0.03515625 0.10703125
0 0.78203125 0.496875 0.04375 0.1109375
0 0.55703125 0.48984375 0.0328125 0.115625
0 0.7875 0.446875 0.03125 0.10859375