0 0.0328125 0.90859375 0.065625 0.1828125
0 0.4078125 0.58515625 0.0359375 0.125
1 0.27578125 0.55390625 0.0375 0.121875
0 0.01484375 0.55859375 0.0296875 0.10078125
0 0.540625 0.54453125 0.03984375 0.1265625
0 0.6328125 0.49453125 0.040625 0.11640625
1 0.2484375 0.4203125 0.0296875 0.09921875
0 0.65703125 0.54140625 0.046875 0.096875
0 0.80390625 0.5328125 0.04140625 0.121875
0 0.69453125 0.52734375 0.04296875 0.09921875
0 0.746875 0.50390625 0.03515625 0.1125
0 0.76796875 0.5375 0.04296875 0.109375
1 0.77265625 0.45859375 0.03359375 0.1109375
0 0.51328125 0.5859375 0.0390625 0.1234375
0 0.503125 0.54296875 0.03828125 0.1234375
0 0.01015625 0.51015625 0.0203125 0.09921875
0 0.6765625 0.5296875 0.040625 0.08828125
0 0.52265625 0.53828125 0.0375 0.11328125
0 0.01640625 0.540625 0.0328125 0.0875
0 0.6453125 0.48359375 0.02734375 0.08984375