0 0.525 0.51640625 0.04375 0.1140625
0 0.3984375 0.39296875 0.0390625 0.128125
0 0.653125 0.4625 0.0390625 0.125
0 0.5765625 0.50859375 0.04140625 0.128125
0 0.4015625 0.49453125 0.05390625 0.0859375
0 0.2796875 0.48046875 0.04375 0.0859375
0 0.73359375 0.51015625 0.0421875 0.14296875
0 0.459375 0.50546875 0.0484375 0.14453125
1 0.5875 0.35859375 0.0328125 0.11640625
0 0.5953125 0.465625 0.03828125 0.1265625
0 0.55625 0.503125 0.03984375 0.128125
0 0.609375 0.4046875 0.03984375 0.10703125
0 0.35 0.4953125 0.0421875 0.10390625
0 0.5328125 0.446875 0.0421875 0.11796875
0 0.3078125 0.446875 0.03828125 0.10703125
0 0.3703125 0.465625 0.04296875 0.128125
0 0.3203125 0.4109375 0.0359375 0.1
1 0.70390625 0.490625 0.0390625 0.13359375
0 0.309375 0.475 0.03984375 0.10859375
0 0.6921875 0.4765625 0.03671875 0.14140625
0 0.60390625 0.4171875 0.0390625 0.109375
0 0.328125 0.46328125 0.040625 0.1234375