0 0.471875 0.5828125 0.04921875 0.09609375
0 0.875 0.74296875 0.04296875 0.16953125
0 0.7890625 0.5453125 0.034375 0.11640625
0 0.4 0.61484375 0.04140625 0.109375
0 0.6921875 0.5609375 0.028125 0.121875
0 0.57109375 0.6453125 0.03671875 0.1390625
0 0.6234375 0.7828125 0.03984375 0.1671875
0 0.609375 0.61875 0.03984375 0.08828125
0 0.05546875 0.56953125 0.0359375 0.11484375
0 0.7421875 0.64765625 0.0359375 0.1328125
0 0.26484375 0.70546875 0.03828125 0.14765625
0 0.16171875 0.48046875 0.03203125 0.1015625
0 0.4171875 0.5390625 0.03828125 0.1140625
0 0.515625 0.61328125 0.04921875 0.08671875
0 0.34296875 0.44765625 0.02734375 0.1
0 0.54765625 0.62265625 0.046875 0.103125
1 0.2453125 0.4234375 0.028125 0.1015625
0 0.2171875 0.63359375 0.03515625 0.13828125
0 0.50546875 0.55 0.04375 0.07734375
0 0.53359375 0.56640625 0.040625 0.06796875
0 0.5625 0.55859375 0.04296875 0.028125
1 0.2265625 0.60078125 0.03125 0.13125
0 0.52578125 0.5515625 0.03828125 0.0625
0 0.56171875 0.58046875 0.03828125 0.0296875