0 0.678125 0.48125 0.02578125 0.090625
0 0.6546875 0.61171875 0.034375 0.11484375
0 0.3359375 0.5921875 0.03046875 0.10859375
1 0.44453125 0.76484375 0.04296875 0.13828125
0 0.815625 0.55546875 0.0296875 0.10859375
1 0.93203125 0.446875 0.0265625 0.084375
0 0.75234375 0.6671875 0.05 0.12421875
1 0.09375 0.5015625 0.03046875 0.10625
0 0.69453125 0.6140625 0.05078125 0.1125
0 0.01796875 0.63515625 0.0359375 0.1296875
0 0.703125 0.575 0.0328125 0.1046875
1 0.4140625 0.465625 0.02578125 0.0984375
0 0.56953125 0.53046875 0.03125 0.0984375
0 0.86328125 0.64609375 0.04921875 0.1078125
0 0.76875 0.4890625 0.02890625 0.0890625
0 0.7515625 0.48671875 0.0265625 0.0875
0 0.84921875 0.56796875 0.0265625 0.115625
0 0.6484375 0.5484375 0.03203125 0.075
0 0.74140625 0.58984375 0.03046875 0.11328125
1 0.5421875 0.51875 0.0359375 0.1046875
0 0.82890625 0.64609375 0.03125 0.121875
0 0.5453125 0.49921875 0.025 0.0765625
0 0.53671875 0.48984375 0.03359375 0.09765625
0 0.6453125 0.553125 0.02890625 0.09921875