1 0.88125 0.815625 0.05546875 0.1640625
1 0.45 0.653125 0.0359375 0.1265625
1 0.671875 0.61640625 0.03515625 0.10546875
0 0.4078125 0.70859375 0.03671875 0.13046875
0 0.04140625 0.6796875 0.0328125 0.1265625
0 0.2484375 0.6453125 0.040625 0.11796875
0 0.32890625 0.696875 0.040625 0.134375
0 0.390625 0.66484375 0.0390625 0.13203125
0 0.278125 0.709375 0.04296875 0.12890625
0 0.3375 0.65234375 0.03984375 0.1375
0 0.3046875 0.68671875 0.040625 0.1265625
0 0.21953125 0.69140625 0.0421875 0.128125
0 0.23671875 0.671875 0.0421875 0.1140625
0 0.1015625 0.709375 0.040625 0.1234375
0 0.2 0.678125 0.03515625 0.12109375
0 0.084375 0.665625 0.0328125 0.12109375
0 0.20390625 0.63203125 0.0390625 0.1