0 0.5328125 0.43359375 0.05859375 0.1703125
0 0.390625 0.32265625 0.06015625 0.1703125
0 0.0484375 0.35 0.059375 0.16875
0 0.1484375 0.31796875 0.04765625 0.13671875
0 0.96171875 0.52109375 0.0765625 0.1875
0 0.06015625 0.13671875 0.05234375 0.109375
0 0.11015625 0.19453125 0.0296875 0.159375
0 0.9140625 0.2046875 0.04765625 0.1390625
0 0.13984375 0.19140625 0.04453125 0.13203125
1 0.25390625 0.7828125 0.05390625 0.1390625
0 0.596875 0.37890625 0.05859375 0.1421875
0 0.94296875 0.2046875 0.0328125 0.1421875
1 0.79609375 0.42421875 0.0421875 0.1546875
0 0.63671875 0.43671875 0.05234375 0.11484375
0 0.63671875 0.29375 0.0265625 0.13046875
0 0.60078125 0.2921875 0.0375 0.0953125
0 0.61796875 0.31640625 0.0328125 0.09921875
0 0.82109375 0.26171875 0.0734375 0.13671875