1 0.11640625 0.6828125 0.04375 0.20078125
0 0.35703125 0.56875 0.05859375 0.15078125
0 0.4265625 0.440625 0.053125 0.13671875
0 0.2984375 0.4828125 0.06640625 0.13828125
0 0.65078125 0.453125 0.05078125 0.13203125
0 0.78203125 0.62890625 0.05078125 0.153125
0 0.446875 0.64140625 0.06171875 0.1390625
0 0.4859375 0.74375 0.06015625 0.1859375
0 0.65234375 0.7515625 0.08203125 0.20859375
0 0.10859375 0.53671875 0.053125 0.15546875
0 0.7609375 0.56328125 0.05234375 0.15
1 0.65859375 0.934375 0.06953125 0.13125
0 0.5921875 0.5859375 0.0640625 0.121875
0 0.521875 0.6546875 0.06640625 0.16875
1 0.49453125 0.221875 0.03046875 0.1046875
0 0.51875 0.4625 0.05390625 0.10625
0 0.6375 0.59921875 0.0609375 0.115625
0 0.51640625 0.5375 0.06640625 0.096875
0 0.6390625 0.646875 0.06328125 0.14140625
0 0.60703125 0.4984375 0.06015625 0.09609375
0 0.61875 0.5390625 0.05859375 0.0984375
0 0.52421875 0.58984375 0.06640625 0.109375
0 0.62265625 0.57109375 0.05625 0.10625