1 0.0546875 0.48984375 0.0375 0.1484375
0 0.22578125 0.48046875 0.0453125 0.14453125
0 0.590625 0.54140625 0.03984375 0.10859375
0 0.534375 0.49609375 0.03671875 0.1390625
0 0.56484375 0.4484375 0.0375 0.11640625
0 0.4078125 0.5484375 0.04375 0.11640625
0 0.50390625 0.478125 0.040625 0.13046875
0 0.5875 0.45078125 0.03984375 0.12109375
0 0.2921875 0.509375 0.05 0.11640625
0 0.3265625 0.48203125 0.04375 0.13359375
0 0.375 0.484375 0.04296875 0.11953125
0 0.3921875 0.428125 0.03671875 0.1109375
1 0.43125 0.484375 0.03671875 0.1265625
0 0.4796875 0.47109375 0.03984375 0.1359375
0 0.284375 0.4 0.03671875 0.09453125
0 0.32265625 0.43515625 0.0390625 0.109375
0 0.30625 0.475 0.04296875 0.125
0 0.3046875 0.42421875 0.03984375 0.09609375
0 0.28203125 0.471875 0.0421875 0.12109375
0 0.57578125 0.4484375 0.0390625 0.121875
0 0.4546875 0.46171875 0.03984375 0.1265625
1 0.5609375 0.39296875 0.03359375 0.11640625
0 0.428125 0.446875 0.03828125 0.1125
0 0.3984375 0.4875 0.0375 0.10859375