0 0.61953125 0.45546875 0.0359375 0.146875
0 0.58671875 0.40234375 0.040625 0.134375
0 0.646875 0.30234375 0.03359375 0.11796875
0 0.4921875 0.590625 0.0453125 0.1609375
1 0.71484375 0.403125 0.0328125 0.13203125
0 0.5140625 0.40625 0.03828125 0.1375
0 0.6765625 0.371875 0.03203125 0.125
0 0.4703125 0.484375 0.0390625 0.15546875
0 0.95390625 0.4078125 0.0375 0.140625
0 0.190625 0.3828125 0.02265625 0.1125
0 0.2078125 0.4015625 0.0234375 0.1390625
0 0.4609375 0.440625 0.0375 0.14609375
0 0.278125 0.303125 0.01875 0.0359375
0 0.1734375 0.38046875 0.02578125 0.125
0 0.50078125 0.3296875 0.0359375 0.1265625
0 0.2515625 0.39296875 0.0296875 0.13046875
0 0.2421875 0.35078125 0.021875 0.0984375
0 0.2640625 0.3171875 0.0171875 0.0265625
0 0.275 0.384375 0.02421875 0.140625
1 0.07578125 0.81875 0.0421875 0.059375
0 0.215625 0.31640625 0.01328125 0.05546875
0 0.515625 0.3609375 0.03125 0.10859375
0 0.28984375 0.37734375 0.0203125 0.12109375
0 0.2046875 0.328125 0.00859375 0.0234375