0 0.684375 0.52421875 0.05625 0.1375
0 0.90390625 0.5109375 0.0484375 0.1375
0 0.39453125 0.51015625 0.059375 0.1140625
0 0.71484375 0.465625 0.0421875 0.11953125
0 0.35390625 0.48046875 0.05 0.10703125
0 0.70546875 0.37578125 0.03828125 0.1109375
0 0.3765625 0.353125 0.04609375 0.1359375
0 0.67109375 0.43359375 0.046875 0.11640625
1 0.40390625 0.31015625 0.0421875 0.12890625
0 0.62578125 0.328125 0.04296875 0.11640625
1 0.90546875 0.434375 0.03828125 0.1234375
0 0.5640625 0.55859375 0.05234375 0.10234375
0 0.55234375 0.515625 0.05 0.1125
0 0.52890625 0.50546875 0.05390625 0.10078125
0 0.54453125 0.46328125 0.02890625 0.059375
0 0.51328125 0.47421875 0.03125 0.1109375
0 0.49375 0.4515625 0.05078125 0.09140625
0 0.46875 0.42734375 0.05 0.08828125
0 0.53125 0.39453125 0.03671875 0.08671875
0 0.5640625 0.421875 0.0515625 0.03203125
0 0.57578125 0.440625 0.05234375 0.03125
0 0.59609375 0.46875 0.04921875 0.0265625
0 0.6140625 0.5171875 0.053125 0.071875
0 0.58359375 0.45 0.059375 0.0125