0 0.77421875 0.56171875 0.0875 0.240625
0 0.5671875 0.49765625 0.0578125 0.215625
1 0.4328125 0.05234375 0.03359375 0.0984375
0 0.696875 0.66015625 0.06484375 0.253125
1 0.42265625 0.45234375 0.0578125 0.2015625
0 0.634375 0.59609375 0.06015625 0.24453125
0 0.365625 0.5328125 0.04921875 0.21640625
1 0.35625 0.77421875 0.12109375 0.3109375
1 0.9890625 0.065625 0.021875 0.11640625
0 0.6140625 0.37265625 0.0484375 0.1890625
0 0.7203125 0.534375 0.0546875 0.2140625
0 0.4859375 0.37734375 0.04453125 0.16328125
0 0.7046875 0.43125 0.0546875 0.20703125
0 0.46484375 0.60078125 0.06484375 0.23359375
0 0.34375 0.6140625 0.04453125 0.246875
0 0.47421875 0.42265625 0.05 0.18203125
0 0.63359375 0.43828125 0.05 0.16796875
0 0.42265625 0.58515625 0.065625 0.1625
0 0.4953125 0.50859375 0.0609375 0.23046875
0 0.5984375 0.6125 0.059375 0.23359375
0 0.42890625 0.71328125 0.1015625 0.13203125
0 0.525 0.71875 0.09140625 0.103125
0 0.528125 0.75234375 0.09140625 0.07890625