0 0.1515625 0.5546875 0.03828125 0.14140625
1 0.6265625 0.49375 0.03828125 0.12421875
0 0.1703125 0.60234375 0.046875 0.14296875
1 0.58828125 0.25234375 0.02109375 0.09921875
1 0.1125 0.28046875 0.02578125 0.09765625
1 0.6796875 0.86796875 0.05546875 0.20546875
0 0.24609375 0.49453125 0.04375 0.09609375
0 0.2578125 0.51171875 0.04609375 0.10234375
0 0.275 0.53203125 0.03046875 0.1546875
0 0.284375 0.52265625 0.04921875 0.06875
0 0.309375 0.53203125 0.0453125 0.0609375
0 0.31953125 0.590625 0.03828125 0.1046875
0 0.34140625 0.61640625 0.03984375 0.1046875
0 0.30078125 0.603125 0.05703125 0.1578125
0 0.2984375 0.45078125 0.03828125 0.125
0 0.32109375 0.41953125 0.0265625 0.128125
0 0.36796875 0.52578125 0.04765625 0.09765625
0 0.3796875 0.5578125 0.04921875 0.0828125
0 0.41875 0.58125 0.06640625 0.09609375
0 0.446875 0.46953125 0.028125 0.14296875
0 0.49140625 0.52109375 0.0421875 0.14453125
0 0.48671875 0.61015625 0.046875 0.16484375
0 0.49765625 0.75 0.05625 0.2
0 0.5734375 0.5578125 0.040625 0.13828125
0 0.71640625 0.5671875 0.0375 0.1578125
0 0.759375 0.5234375 0.0328125 0.1515625