0 0.38515625 0.52265625 0.0515625 0.1484375
0 0.47578125 0.5765625 0.05625 0.1671875
0 0.4703125 0.7171875 0.059375 0.20546875
1 0.33046875 0.4578125 0.0484375 0.12890625
0 0.46640625 0.4828125 0.05390625 0.1421875
0 0.78671875 0.5625 0.05390625 0.15078125
0 0.5390625 0.5453125 0.06640625 0.1140625
0 0.22265625 0.61484375 0.04453125 0.18046875
0 0.515625 0.43515625 0.046875 0.1375
0 0.7109375 0.44609375 0.05546875 0.10234375
0 0.80703125 0.5125 0.05078125 0.1453125
1 0.27421875 0.8515625 0.065625 0.25390625
0 0.2375 0.50703125 0.04765625 0.1640625
0 0.5765625 0.515625 0.05703125 0.0984375
0 0.6578125 0.5765625 0.065625 0.14375
1 0.36640625 0.21171875 0.028125 0.1015625
0 0.69921875 0.4640625 0.059375 0.10078125
0 0.6171875 0.5828125 0.0625 0.125
0 0.6609375 0.41484375 0.04140625 0.13203125
1 0.8453125 0.23828125 0.03359375 0.10390625
0 0.6546875 0.38671875 0.04453125 0.13046875
0 0.59140625 0.47421875 0.05859375 0.0890625
0 0.68046875 0.5140625 0.05 0.08984375
0 0.64375 0.51171875 0.0515625 0.10234375
0 0.64296875 0.5421875 0.05546875 0.11171875
0 0.6765625 0.4875 0.0515625 0.071875