0 0.77578125 0.48125 0.028125 0.13984375
1 0.8515625 0.3421875 0.025 0.07265625
1 0.99296875 0.4703125 0.01328125 0.134375
0 0.2671875 0.44453125 0.0265625 0.11953125
1 0.40859375 0.44453125 0.025 0.11328125
0 0.365625 0.4625 0.03515625 0.128125
0 0.36875 0.42734375 0.02578125 0.10625
0 0.42734375 0.45546875 0.02578125 0.12734375
0 0.4484375 0.43515625 0.02421875 0.1125
0 0.51484375 0.48125 0.03515625 0.07890625
0 0.53984375 0.4734375 0.0390625 0.078125
0 0.49140625 0.4609375 0.02734375 0.13125
0 0.47578125 0.4640625 0.02109375 0.12734375
0 0.4734375 0.4546875 0.025 0.1171875
0 0.525 0.43984375 0.03125 0.11484375
0 0.51796875 0.409375 0.02421875 0.06328125
0 0.55 0.396875 0.021875 0.07890625
0 0.5640625 0.46953125 0.03671875 0.1140625
0 0.56484375 0.446875 0.025 0.11484375
0 0.5890625 0.46953125 0.03828125 0.07421875
0 0.5859375 0.43203125 0.0265625 0.11640625
0 0.575 0.39296875 0.025 0.0765625
0 0.6109375 0.4546875 0.01875 0.1234375
0 0.61953125 0.46171875 0.03515625 0.07109375
0 0.665625 0.4453125 0.02578125 0.12578125