0 0.13515625 0.559375 0.05390625 0.159375
1 0.62890625 0.934375 0.0609375 0.13125
0 0.4046875 0.74375 0.08359375 0.15703125
0 0.46953125 0.72421875 0.096875 0.19453125
1 0.08046875 0.67734375 0.04921875 0.203125
0 0.71484375 0.50859375 0.0453125 0.13125
0 0.678125 0.56875 0.0484375 0.146875
0 0.6140625 0.62734375 0.06484375 0.16953125
0 0.415625 0.5625 0.053125 0.1296875
0 0.4265625 0.5 0.05390625 0.1546875
1 0.46328125 0.22421875 0.0328125 0.1046875
0 0.65234375 0.59765625 0.04921875 0.153125
0 0.54296875 0.47890625 0.053125 0.134375
0 0.57421875 0.63046875 0.06015625 0.1359375
0 0.46875 0.54140625 0.0640625 0.13125
0 0.534375 0.57890625 0.06484375 0.16171875
0 0.54609375 0.584375 0.0640625 0.1578125
0 0.63203125 0.5828125 0.05078125 0.13828125
0 0.5109375 0.5171875 0.05703125 0.1390625
0 0.43984375 0.45625 0.05 0.14296875
0 0.5078125 0.56953125 0.059375 0.146875
0 0.4625 0.64296875 0.0640625 0.13046875
0 0.44296875 0.4890625 0.05234375 0.15390625