1 0.0203125 0.8640625 0.040625 0.246875
0 0.059375 0.45546875 0.04296875 0.1640625
1 0.73515625 0.28828125 0.034375 0.1328125
1 0.1796875 0.234375 0.03359375 0.1203125
0 0.8421875 0.57109375 0.04296875 0.1796875
0 0.81953125 0.55 0.046875 0.1734375
0 0.78828125 0.62890625 0.0453125 0.18984375
0 0.74375 0.57734375 0.04453125 0.1546875
0 0.72265625 0.51875 0.04921875 0.1609375
0 0.67734375 0.54765625 0.05390625 0.18359375
0 0.68125 0.5109375 0.03828125 0.171875
0 0.63125 0.57734375 0.05546875 0.17734375
0 0.49609375 0.5578125 0.03671875 0.17265625
0 0.43125 0.584375 0.053125 0.16953125
1 0.4171875 0.5671875 0.04375 0.13046875
0 0.5515625 0.4765625 0.04921875 0.16953125
0 0.3390625 0.52578125 0.03828125 0.17578125
0 0.3546875 0.51171875 0.0265625 0.165625
0 0.36640625 0.490625 0.034375 0.16796875
0 0.41484375 0.48203125 0.03515625 0.1609375
0 0.41015625 0.42265625 0.03671875 0.14296875
0 0.421875 0.39375 0.0296875 0.14609375
0 0.17890625 0.55390625 0.03671875 0.16953125
0 0.19140625 0.4921875 0.0390625 0.17578125
0 0.23125 0.525 0.02890625 0.16796875
0 0.278125 0.47578125 0.05 0.1625