0 0.51875 0.47890625 0.03203125 0.11171875
0 0.80546875 0.40390625 0.02109375 0.10390625
1 0.95859375 0.9515625 0.0484375 0.096875
0 0.4484375 0.546875 0.04375 0.12265625
0 0.17421875 0.48203125 0.03203125 0.11875
1 0.72734375 0.453125 0.02734375 0.10703125
0 0.99375 0.521875 0.0125 0.12890625
0 0.3453125 0.45 0.03125 0.103125
0 0.609375 0.37890625 0.0359375 0.0984375
0 0.39140625 0.56015625 0.0265625 0.13359375
0 0.6609375 0.509375 0.03046875 0.11796875
0 0.4671875 0.44921875 0.02890625 0.11640625
0 0.6828125 0.4828125 0.025 0.13203125
1 0.3375 0.346875 0.02109375 0.1078125
0 0.3359375 0.4953125 0.03671875 0.11484375
0 0.35078125 0.4578125 0.025 0.103125
0 0.3671875 0.49140625 0.03359375 0.13671875
0 0.64765625 0.3609375 0.02734375 0.06015625
0 0.4484375 0.53046875 0.04765625 0.128125
0 0.3984375 0.50546875 0.025 0.12109375
0 0.378125 0.49609375 0.02421875 0.128125
0 0.4140625 0.48046875 0.03046875 0.1359375