0 0.2890625 0.58125 0.0515625 0.13515625
0 0.621875 0.746875 0.06640625 0.17578125
0 0.63046875 0.54765625 0.05 0.14453125
0 0.85 0.67578125 0.0515625 0.17734375
0 0.57890625 0.60546875 0.05703125 0.1578125
0 0.2515625 0.5484375 0.04453125 0.13046875
0 0.69921875 0.56875 0.05078125 0.1578125
0 0.4765625 0.55859375 0.04140625 0.1140625
1 0.71875 0.48359375 0.0390625 0.1234375
0 0.43984375 0.59609375 0.0546875 0.14453125
1 0.77578125 0.8765625 0.0515625 0.246875
0 0.52734375 0.4609375 0.02890625 0.11640625
1 0.68125 0.23828125 0.0171875 0.0953125
0 0.5390625 0.525 0.05234375 0.11796875
0 0.4015625 0.55390625 0.046875 0.1484375
0 0.3671875 0.52734375 0.04453125 0.1265625
1 0.20703125 0.2671875 0.0234375 0.09453125
0 0.43828125 0.484375 0.03828125 0.0828125
0 0.3546875 0.421875 0.0203125 0.1
0 0.3765625 0.47890625 0.06015625 0.1265625
0 0.3546875 0.45546875 0.05703125 0.12734375
0 0.39765625 0.5046875 0.04296875 0.10859375
0 0.44453125 0.565625 0.05390625 0.13125
0 0.365625 0.42578125 0.0125 0.08046875