0 0.90078125 0.30390625 0.0484375 0.1140625
1 0.9765625 0.3921875 0.04296875 0.140625
0 0.7875 0.6375 0.0640625 0.1609375
1 0.0390625 0.3796875 0.040625 0.14296875
0 0.40625 0.31171875 0.04453125 0.140625
0 0.796875 0.36484375 0.06328125 0.12890625
1 0.121875 0.64375 0.05234375 0.165625
0 0.496875 0.534375 0.05546875 0.15
0 0.46640625 0.359375 0.04375 0.14609375
0 0.56484375 0.41640625 0.0515625 0.146875
0 0.51640625 0.38828125 0.0515625 0.1375
0 0.8765625 0.44453125 0.05 0.140625
0 0.60078125 0.34140625 0.05703125 0.13828125
0 0.609375 0.25078125 0.0390625 0.13203125
0 0.675 0.39375 0.05546875 0.12421875
0 0.71015625 0.3296875 0.0421875 0.11328125
0 0.65390625 0.340625 0.0515625 0.1375
1 0.96640625 0.1296875 0.0296875 0.09140625
0 0.6875 0.39453125 0.03046875 0.0890625
0 0.49453125 0.35234375 0.0484375 0.134375
0 0.55546875 0.31796875 0.04375 0.103125
0 0.4953125 0.3390625 0.04921875 0.13046875
0 0.7171875 0.4 0.040625 0.10234375
0 0.8453125 0.453125 0.05703125 0.15078125