1 0.43984375 0.76875 0.0515625 0.1765625
1 0.21640625 0.2625 0.02109375 0.09609375
1 0.7625 0.24609375 0.01953125 0.09296875
1 0.52109375 0.43359375 0.0265625 0.15
0 0.17890625 0.48671875 0.03125 0.19375
0 0.13046875 0.459375 0.03984375 0.18671875
0 0.1140625 0.446875 0.03046875 0.165625
0 0.19296875 0.3421875 0.021875 0.1203125
0 0.23671875 0.4046875 0.0296875 0.15078125
0 0.34765625 0.48359375 0.03984375 0.1875
0 0.31484375 0.48671875 0.0265625 0.18515625
0 0.29921875 0.4640625 0.0265625 0.1765625
0 0.2921875 0.4421875 0.01875 0.18046875
0 0.27890625 0.4375 0.021875 0.159375
0 0.26640625 0.41640625 0.02265625 0.1640625
0 0.40859375 0.4515625 0.03359375 0.15703125
0 0.4078125 0.43203125 0.03125 0.16640625
0 0.4078125 0.39921875 0.02578125 0.15703125
0 0.4640625 0.47578125 0.03984375 0.175
0 0.49140625 0.45234375 0.0265625 0.1734375
0 0.55 0.36328125 0.021875 0.1359375
0 0.5734375 0.4625 0.03671875 0.15703125
0 0.61796875 0.45234375 0.03125 0.165625
0 0.68984375 0.48125 0.0359375 0.1765625
0 0.71640625 0.44296875 0.034375 0.159375
0 0.8578125 0.428125 0.03359375 0.15546875