0 0.475 0.6859375 0.05234375 0.1515625
0 0.68828125 0.59765625 0.040625 0.13359375
0 0.46953125 0.596875 0.0484375 0.09140625
0 0.18359375 0.796875 0.0796875 0.16171875
0 0.43203125 0.8125 0.05078125 0.16015625
0 0.39296875 0.63515625 0.05 0.1125
0 0.7140625 0.440625 0.03359375 0.09765625
0 0.13984375 0.56875 0.03671875 0.12265625
0 0.48828125 0.42890625 0.03671875 0.10546875
0 0.434375 0.628125 0.0453125 0.0953125
0 0.2828125 0.56875 0.04375 0.14375
0 0.571875 0.51640625 0.03359375 0.11328125
0 0.653125 0.671875 0.04296875 0.14453125
1 0.884375 0.615625 0.040625 0.1703125
0 0.55 0.5765625 0.05703125 0.08125
0 0.52578125 0.6375 0.08046875 0.103125
0 0.640625 0.34609375 0.0359375 0.09609375
0 0.84140625 0.559375 0.0421875 0.1296875
0 0.47265625 0.56171875 0.04609375 0.046875
0 0.71015625 0.353125 0.03125 0.0921875
0 0.47890625 0.53671875 0.04609375 0.03671875
1 0.2421875 0.8828125 0.0484375 0.15703125
0 0.52890625 0.60625 0.05703125 0.08828125
1 0.7078125 0.29609375 0.02265625 0.09375
0 0.365625 0.68046875 0.0546875 0.1078125