0 0.09921875 0.625 0.05078125 0.13359375
0 0.1578125 0.65078125 0.05078125 0.14921875
0 0.7640625 0.71015625 0.04921875 0.14453125
0 0.3 0.46328125 0.05 0.13359375
0 0.67421875 0.6203125 0.0453125 0.121875
0 0.38203125 0.6640625 0.04609375 0.13125
0 0.09765625 0.48984375 0.03984375 0.11484375
1 0.2859375 0.7796875 0.04765625 0.190625
0 0.2375 0.71953125 0.04921875 0.16015625
0 0.42109375 0.62421875 0.05625 0.09453125
1 0.98515625 0.50546875 0.02890625 0.15
0 0.4859375 0.66640625 0.0609375 0.103125
0 0.38046875 0.571875 0.04609375 0.1296875
0 0.54375 0.70234375 0.06796875 0.11015625
0 0.684375 0.71953125 0.05234375 0.115625
0 0.62734375 0.78671875 0.0453125 0.159375
0 0.609375 0.659375 0.0515625 0.103125
0 0.50078125 0.58828125 0.05 0.08671875
0 0.58671875 0.56953125 0.03984375 0.10078125
0 0.5515625 0.6515625 0.05390625 0.09453125
0 0.6390625 0.69296875 0.0421875 0.09921875
1 0.06640625 0.371875 0.02734375 0.0953125
0 0.57890625 0.63125 0.0359375 0.13046875
0 0.534375 0.61875 0.04453125 0.0953125
0 0.63046875 0.71953125 0.03203125 0.1625