0 0.94453125 0.64765625 0.05234375 0.140625
0 0.87734375 0.675 0.05390625 0.153125
0 0.6296875 0.6890625 0.04921875 0.13203125
0 0.2296875 0.740625 0.053125 0.134375
0 0.63359375 0.590625 0.04921875 0.1296875
0 0.52265625 0.690625 0.0609375 0.10390625
1 0.74375 0.82109375 0.0546875 0.20625
0 0.71875 0.47578125 0.05078125 0.1359375
0 0.79375 0.74609375 0.05390625 0.16015625
0 0.59140625 0.64375 0.059375 0.10078125
1 0.00625 0.51875 0.0125 0.159375
0 0.93359375 0.50390625 0.04140625 0.11875
0 0.31328125 0.7453125 0.053125 0.1171875
0 0.32265625 0.6421875 0.04609375 0.12890625
0 0.46171875 0.725 0.0734375 0.121875
0 0.375 0.81953125 0.046875 0.1640625
0 0.4171875 0.59296875 0.04375 0.1140625
0 0.396875 0.6859375 0.053125 0.1015625
0 0.51171875 0.61171875 0.0515625 0.0890625
1 0.9625 0.37734375 0.0265625 0.10234375
0 0.35859375 0.7171875 0.05390625 0.1125
0 0.38046875 0.740625 0.0375 0.15234375
0 0.46875 0.6390625 0.0515625 0.0953125
0 0.45234375 0.66875 0.0546875 0.10234375
0 0.43984375 0.66875 0.05234375 0.1078125