0 0.51953125 0.1015625 0.05078125 0.2015625
1 0.925 0.33671875 0.059375 0.26328125
0 0.15390625 0.3328125 0.05546875 0.2609375
0 0.03046875 0.55234375 0.06015625 0.3328125
0 0.0984375 0.44765625 0.06328125 0.284375
1 0.02734375 0.0359375 0.0359375 0.071875
0 0.29140625 0.84296875 0.07265625 0.30703125
0 0.353125 0.6421875 0.084375 0.3265625
0 0.82890625 0.540625 0.053125 0.2
0 0.453125 0.65234375 0.0703125 0.3171875
0 0.39375 0.559375 0.046875 0.2671875
0 0.3859375 0.44140625 0.046875 0.1203125
0 0.50546875 0.63515625 0.0546875 0.30703125
0 0.5515625 0.62578125 0.0578125 0.34375
0 0.684375 0.7390625 0.0703125 0.39921875
0 0.83828125 0.778125 0.07421875 0.36875
0 0.684375 0.41171875 0.071875 0.13515625
0 0.66328125 0.59609375 0.06484375 0.30546875
0 0.60859375 0.528125 0.06171875 0.21953125
0 0.51015625 0.45625 0.046875 0.0953125
0 0.70546875 0.5546875 0.05234375 0.15703125
1 0.59765625 0.74140625 0.06171875 0.334375
1 0.446875 0.5796875 0.0625 0.3171875
0 0.675 0.46484375 0.046875 0.0859375