0 0.6390625 0.6578125 0.06328125 0.1453125
0 0.846875 0.65 0.04140625 0.15390625
0 0.6421875 0.52109375 0.04453125 0.121875
1 0.23359375 0.7703125 0.04765625 0.1828125
0 0.77734375 0.6265625 0.04609375 0.14375
0 0.05234375 0.51875 0.03828125 0.121875
0 0.36015625 0.6875 0.04453125 0.153125
0 0.11484375 0.5078125 0.05078125 0.12578125
0 0.2984375 0.61015625 0.0375 0.103125
0 0.51015625 0.603125 0.06015625 0.153125
0 0.4453125 0.62265625 0.04921875 0.13046875
0 0.54609375 0.55546875 0.04453125 0.1421875
0 0.80078125 0.6171875 0.03203125 0.1609375
0 0.37890625 0.60703125 0.04609375 0.1109375
1 0.09921875 0.36640625 0.0328125 0.09453125
0 0.33203125 0.60234375 0.04375 0.1265625
0 0.57265625 0.5578125 0.04921875 0.1265625
0 0.45546875 0.58671875 0.05078125 0.1046875
0 0.3484375 0.596875 0.04296875 0.11015625
0 0.5109375 0.55234375 0.04921875 0.11875
0 0.4109375 0.60625 0.0734375 0.05078125
0 0.578125 0.58203125 0.0453125 0.07734375