0 0.43203125 0.353125 0.034375 0.13671875
0 0.33046875 0.35390625 0.0359375 0.1359375
0 0.440625 0.7296875 0.084375 0.15859375
0 0.38046875 0.41796875 0.0359375 0.13828125
0 0.9515625 0.66328125 0.06796875 0.16796875
0 0.1890625 0.31640625 0.0328125 0.134375
0 0.47421875 0.403125 0.0359375 0.14453125
0 0.2828125 0.31875 0.0375 0.134375
0 0.99453125 0.42265625 0.0109375 0.1515625
0 0.90390625 0.26796875 0.0328125 0.1140625
0 0.46015625 0.3421875 0.0328125 0.12890625
0 0.82890625 0.37734375 0.03359375 0.13046875
0 0.903125 0.63828125 0.05234375 0.146875
1 0.82421875 0.14296875 0.02578125 0.09296875
1 0.73359375 0.39765625 0.03046875 0.13828125
1 0.046875 0.7390625 0.053125 0.21875
1 0.203125 0.21015625 0.02734375 0.10859375
0 0.34140625 0.70859375 0.05 0.16171875
0 0.178125 0.30703125 0.021875 0.1328125
0 0.3078125 0.703125 0.071875 0.14140625
0 0.234375 0.303125 0.03359375 0.13671875
0 0.23984375 0.26953125 0.028125 0.134375
0 0.9953125 0.40234375 0.009375 0.1484375
0 0.1546875 0.31875 0.03203125 0.12421875