1 0.1109375 0.68984375 0.04453125 0.203125
0 0.3546875 0.57421875 0.05859375 0.15234375
0 0.425 0.44453125 0.05390625 0.13828125
0 0.2953125 0.4875 0.0671875 0.13984375
0 0.6515625 0.45703125 0.0515625 0.13359375
0 0.784375 0.63515625 0.0515625 0.1546875
0 0.4453125 0.64765625 0.06171875 0.140625
0 0.484375 0.7515625 0.06015625 0.18828125
0 0.653125 0.75859375 0.0828125 0.2109375
0 0.103125 0.5421875 0.05390625 0.15703125
0 0.7625 0.56796875 0.05234375 0.1515625
1 0.65859375 0.93828125 0.0703125 0.12265625
0 0.5921875 0.59140625 0.06484375 0.1234375
0 0.52109375 0.6609375 0.0671875 0.1703125
1 0.49296875 0.2234375 0.03046875 0.10546875
0 0.51796875 0.46640625 0.0546875 0.1078125
0 0.63828125 0.60546875 0.06171875 0.1171875
0 0.515625 0.54296875 0.0671875 0.0984375
0 0.63984375 0.653125 0.0640625 0.14296875
0 0.60703125 0.503125 0.0609375 0.09765625
0 0.61875 0.54375 0.059375 0.09921875
0 0.5234375 0.5953125 0.0671875 0.11015625
0 0.62265625 0.5765625 0.05703125 0.1078125