0 0.68828125 0.48515625 0.02421875 0.0859375
0 0.66640625 0.609375 0.0328125 0.109375
0 0.3625 0.590625 0.0296875 0.10390625
1 0.465625 0.7546875 0.040625 0.13203125
0 0.81953125 0.55546875 0.028125 0.10390625
1 0.93046875 0.4515625 0.025 0.0796875
0 0.759375 0.6625 0.04765625 0.11875
1 0.13203125 0.5046875 0.02890625 0.10078125
0 0.70390625 0.61171875 0.0484375 0.10703125
0 0.0515625 0.63203125 0.04921875 0.125
0 0.7125 0.57421875 0.03125 0.1
1 0.43671875 0.4703125 0.025 0.09375
0 0.58515625 0.53203125 0.0296875 0.09375
0 0.865625 0.6421875 0.046875 0.103125
0 0.775 0.4921875 0.02734375 0.08515625
0 0.75859375 0.490625 0.025 0.0828125
0 0.8515625 0.56796875 0.02578125 0.11015625
0 0.66015625 0.54921875 0.03046875 0.07109375
0 0.74921875 0.58828125 0.0296875 0.1078125
1 0.55859375 0.52109375 0.034375 0.1
0 0.83203125 0.6421875 0.0296875 0.115625
0 0.56171875 0.5015625 0.02421875 0.07265625
0 0.553125 0.49375 0.03203125 0.09296875
0 0.65703125 0.553125 0.028125 0.09453125