0 0.58203125 0.6015625 0.0578125 0.1859375
0 0.89375 0.38359375 0.0453125 0.14609375
0 0.6484375 0.48046875 0.04375 0.18203125
0 0.80859375 0.44375 0.0484375 0.15078125
0 0.45625 0.44296875 0.04375 0.16015625
0 0.48828125 0.3984375 0.04140625 0.1515625
0 0.42734375 0.346875 0.034375 0.140625
0 0.08125 0.36640625 0.0421875 0.14765625
0 0.4265625 0.221875 0.02890625 0.1234375
0 0.62890625 0.43515625 0.04453125 0.1765625
0 0.7328125 0.40703125 0.053125 0.1234375
1 0.34609375 0.38203125 0.02890625 0.14453125
0 0.5890625 0.3890625 0.0390625 0.15625
0 0.8453125 0.4484375 0.04765625 0.16875
0 0.65078125 0.2140625 0.040625 0.11875
0 0.76015625 0.31796875 0.0421875 0.12578125
1 0.5359375 0.1359375 0.0265625 0.103125
0 0.78515625 0.36328125 0.04140625 0.13359375
0 0.7328125 0.375 0.04921875 0.1
0 0.79140625 0.4140625 0.0453125 0.1171875
0 0.72734375 0.3234375 0.04375 0.11484375
0 0.58359375 0.34921875 0.0390625 0.14765625
0 0.5859375 0.2890625 0.0359375 0.1203125
0 0.5859375 0.31484375 0.03828125 0.1390625