0 0.39453125 0.790625 0.08046875 0.1953125
0 0.384375 0.59453125 0.04765625 0.1328125
0 0.52421875 0.8 0.06171875 0.16484375
0 0.29296875 0.52265625 0.04609375 0.10234375
0 0.4359375 0.434375 0.0453125 0.1171875
1 0.77890625 0.5375 0.03828125 0.15078125
0 0.74375 0.38359375 0.0359375 0.12734375
0 0.8171875 0.503125 0.0375 0.14765625
0 0.5890625 0.6125 0.0546875 0.13515625
0 0.66171875 0.5359375 0.04296875 0.128125
0 0.5953125 0.403125 0.03984375 0.11015625
1 0.0125 0.38359375 0.02421875 0.12734375
0 0.56875 0.45703125 0.04921875 0.08828125
0 0.44375 0.58046875 0.05 0.115625
0 0.53203125 0.5953125 0.06953125 0.11875
1 0.57421875 0.2671875 0.0296875 0.10234375
0 0.55 0.50625 0.0578125 0.09609375
1 0.36875 0.9671875 0.04765625 0.065625
0 0.49453125 0.5265625 0.05390625 0.10859375
0 0.459375 0.5515625 0.05078125 0.103125
0 0.48671875 0.45078125 0.04921875 0.0765625
0 0.540625 0.5640625 0.06640625 0.10859375
0 0.62578125 0.4984375 0.0453125 0.1171875
0 0.46015625 0.50390625 0.04609375 0.08671875
0 0.47734375 0.490625 0.04765625 0.0796875
0 0.4796875 0.51015625 0.04921875 0.09375