0 0.34765625 0.71875 0.053125 0.16953125
0 0.11953125 0.69140625 0.05234375 0.16328125
0 0.71328125 0.4421875 0.06171875 0.12109375
0 0.53125 0.434375 0.05234375 0.1296875
0 0.74921875 0.62734375 0.05078125 0.17421875
0 0.3234375 0.61015625 0.0515625 0.16171875
0 0.109375 0.46796875 0.03828125 0.15703125
0 0.609375 0.71015625 0.06015625 0.1796875
0 0.41875 0.69609375 0.07578125 0.1203125
0 0.77578125 0.6140625 0.0546875 0.15703125
0 0.68984375 0.35234375 0.0484375 0.11640625
1 0.23671875 0.49140625 0.0453125 0.15234375
0 0.5046875 0.7296875 0.08203125 0.16953125
0 0.35234375 0.546875 0.05 0.14765625
0 0.49140625 0.35 0.04296875 0.1109375
0 0.4765625 0.58515625 0.0640625 0.09609375
0 0.6046875 0.59296875 0.06328125 0.1203125
0 0.4515625 0.64375 0.065625 0.10390625
0 0.57421875 0.61640625 0.06328125 0.13203125
0 0.5203125 0.62265625 0.06640625 0.10546875
0 0.36171875 0.665625 0.05 0.1546875
1 0.69375 0.275 0.03359375 0.11015625
0 0.52265625 0.6921875 0.071875 0.12578125
1 0.209375 0.9703125 0.046875 0.05859375
0 0.5375 0.6703125 0.06484375 0.12109375