0 0.3375 0.64765625 0.06484375 0.28125
0 0.60859375 0.5234375 0.06875 0.23515625
1 0.55546875 0.884375 0.07109375 0.23046875
0 0.3875 0.5953125 0.04453125 0.265625
0 0.78671875 0.85390625 0.065625 0.2921875
0 0.765625 0.82890625 0.0703125 0.3421875
0 0.48671875 0.53359375 0.0484375 0.26015625
0 0.51015625 0.49375 0.0390625 0.26875
0 0.54140625 0.79609375 0.0703125 0.31328125
0 0.46484375 0.76953125 0.0734375 0.32890625
1 0.39453125 0.50078125 0.0609375 0.23359375
0 0.175 0.65390625 0.0828125 0.28828125
0 0.12578125 0.55234375 0.075 0.2578125
0 0.23359375 0.54375 0.046875 0.2609375
0 0.86953125 0.934375 0.0703125 0.13125
0 0.8734375 0.846875 0.071875 0.30625
0 0.57265625 0.528125 0.0609375 0.22265625
0 0.4484375 0.5046875 0.04765625 0.20390625
0 0.44453125 0.58671875 0.0875 0.11484375