0 0.0484375 0.50390625 0.06328125 0.19140625
0 0.140625 0.62890625 0.06015625 0.2109375
0 0.5375 0.4125 0.05078125 0.16640625
0 0.42421875 0.565625 0.0578125 0.1984375
0 0.5140625 0.221875 0.03984375 0.140625
0 0.021875 0.36484375 0.04296875 0.15703125
0 0.27109375 0.2484375 0.0578125 0.146875
0 0.665625 0.40078125 0.04609375 0.16796875
0 0.2109375 0.3421875 0.0453125 0.15390625
0 0.12890625 0.21640625 0.04375 0.1359375
0 0.3296875 0.67265625 0.06171875 0.1875
0 0.30703125 0.575 0.053125 0.20546875
0 0.209375 0.25234375 0.04453125 0.140625
1 0.975 0.5515625 0.04765625 0.1859375
0 0.6609375 0.334375 0.04140625 0.1359375
1 0.1921875 0.028125 0.028125 0.05390625
0 0.34609375 0.63671875 0.053125 0.1984375