1 0.32265625 0.721875 0.0390625 0.17109375
0 0.8328125 0.67734375 0.04765625 0.1640625
0 0.41484375 0.6671875 0.0390625 0.14765625
0 0.44765625 0.584375 0.0375 0.14765625
0 0.73046875 0.7046875 0.04609375 0.171875
0 0.790625 0.7328125 0.0421875 0.16796875
0 0.6921875 0.71015625 0.04375 0.165625
0 0.76796875 0.75546875 0.0453125 0.1796875
0 0.94375 0.7328125 0.05078125 0.1828125
0 0.325 0.51953125 0.03125 0.14921875
0 0.52109375 0.5390625 0.0453125 0.11484375
0 0.25234375 0.4984375 0.03203125 0.1203125
0 0.4046875 0.509375 0.03515625 0.134375
1 0.78359375 0.509375 0.0296875 0.1140625
0 0.53671875 0.565625 0.04296875 0.08828125
0 0.55859375 0.54375 0.04453125 0.09453125
0 0.5828125 0.52109375 0.0421875 0.1171875
0 0.78515625 0.70234375 0.04375 0.1375