0 0.446875 0.4765625 0.0453125 0.1640625
0 0.521875 0.40390625 0.05078125 0.13359375
0 0.8 0.521875 0.0578125 0.15546875
1 0.71015625 0.39375 0.0375 0.1390625
0 0.8953125 0.34140625 0.0375 0.125
0 0.53515625 0.36875 0.04140625 0.11640625
0 0.253125 0.5375 0.0671875 0.16796875
0 0.2125 0.36640625 0.03984375 0.1265625
0 0.22890625 0.3734375 0.040625 0.13125
1 0.5484375 0.18359375 0.02734375 0.10078125
0 0.52734375 0.31171875 0.03828125 0.10703125
0 0.30234375 0.415625 0.05234375 0.11640625
0 0.39140625 0.3828125 0.04921875 0.1265625
0 0.3609375 0.384375 0.04921875 0.1203125
0 0.43984375 0.34140625 0.04609375 0.1296875
0 0.2796875 0.55 0.05546875 0.16875
0 0.34375 0.41328125 0.05234375 0.1265625
0 0.3140625 0.359375 0.04921875 0.12109375
0 0.290625 0.48203125 0.05234375 0.12109375
0 0.41796875 0.353125 0.0453125 0.1109375
0 0.40546875 0.32109375 0.04609375 0.103125
0 0.4125 0.31171875 0.04609375 0.09140625