0 0.2734375 0.58203125 0.05234375 0.1359375
0 0.609375 0.7484375 0.0671875 0.17734375
0 0.61796875 0.5484375 0.05 0.14609375
0 0.83984375 0.67734375 0.05234375 0.17890625
0 0.56640625 0.60625 0.0578125 0.159375
0 0.23515625 0.5484375 0.0453125 0.13125
0 0.6875 0.56875 0.0515625 0.159375
0 0.4625 0.55859375 0.04140625 0.11484375
1 0.70703125 0.48359375 0.03984375 0.12421875
0 0.425 0.596875 0.05546875 0.14609375
1 0.76484375 0.878125 0.05234375 0.24375
0 0.5140625 0.46015625 0.02890625 0.1171875
1 0.66953125 0.2359375 0.0171875 0.09609375
0 0.52578125 0.525 0.053125 0.11875
0 0.38671875 0.5546875 0.04765625 0.14921875
0 0.3515625 0.528125 0.04453125 0.12734375
1 0.18984375 0.26484375 0.0234375 0.0953125
0 0.4234375 0.484375 0.03828125 0.08359375
0 0.3390625 0.42109375 0.0203125 0.10078125
0 0.3609375 0.478125 0.0609375 0.128125
0 0.33984375 0.4546875 0.0578125 0.128125
0 0.3828125 0.5046875 0.04375 0.109375
0 0.4296875 0.56640625 0.0546875 0.1328125
0 0.35078125 0.42578125 0.01328125 0.08125