0 0.13515625 0.903125 0.059375 0.190625
0 0.071875 0.8796875 0.0578125 0.20078125
0 0.3828125 0.575 0.03671875 0.11640625
1 0.27890625 0.56484375 0.03828125 0.1171875
0 0.03203125 0.8078125 0.0578125 0.16640625
0 0.4765625 0.5671875 0.03828125 0.12890625
0 0.053125 0.5734375 0.03828125 0.1203125
0 0.54609375 0.55390625 0.0421875 0.125
1 0.25390625 0.42734375 0.02734375 0.1015625
0 0.61328125 0.503125 0.04453125 0.1171875
0 0.79140625 0.54921875 0.046875 0.11875
0 0.5125 0.5546875 0.03984375 0.1203125
0 0.63046875 0.54765625 0.04609375 0.0875
0 0.6703125 0.5421875 0.0328125 0.1015625
0 0.040625 0.5140625 0.03515625 0.10859375
0 0.75390625 0.54765625 0.0453125 0.1203125
0 0.6484375 0.53515625 0.0390625 0.0875
0 0.07421875 0.56015625 0.03671875 0.11171875
0 0.75546875 0.509375 0.03984375 0.11328125
1 0.77421875 0.4640625 0.03359375 0.10625
0 0.528125 0.53984375 0.03671875 0.10625
0 0.01015625 0.7921875 0.0203125 0.1625
0 0.621875 0.49453125 0.028125 0.08671875