0 0.75390625 0.24453125 0.0515625 0.14765625
0 0.68359375 0.51953125 0.05703125 0.2015625
0 0.86015625 0.415625 0.0515625 0.16640625
0 0.471875 0.409375 0.04921875 0.1734375
0 0.88984375 0.55859375 0.065625 0.2015625
0 0.834375 0.20703125 0.0453125 0.1390625
0 0.90390625 0.3546875 0.046875 0.16640625
0 0.56640625 0.58203125 0.06171875 0.19296875
0 0.503125 0.23515625 0.04296875 0.13515625
0 0.6125 0.571875 0.06171875 0.21171875
0 0.6984375 0.3734375 0.05 0.16796875
0 0.696875 0.26953125 0.05078125 0.1375
0 0.4515625 0.6484375 0.06640625 0.2
0 0.51484375 0.49609375 0.0515625 0.19140625
0 0.4 0.37890625 0.04765625 0.16796875
0 0.48984375 0.575 0.05625 0.19296875
0 0.41171875 0.65625 0.07578125 0.19296875
0 0.3921875 0.32421875 0.04453125 0.1421875
0 0.96328125 0.41484375 0.05859375 0.17890625
0 0.97109375 0.34296875 0.04921875 0.1546875
1 0.83671875 0.0671875 0.0375 0.109375
0 0.9546875 0.39765625 0.05390625 0.1703125