0 0.4078125 0.5421875 0.03828125 0.134375
0 0.4859375 0.72734375 0.04921875 0.19296875
1 0.3578125 0.4828125 0.03671875 0.115625
0 0.809375 0.5375 0.0375 0.13359375
0 0.48828125 0.5890625 0.0375 0.15859375
0 0.4859375 0.50625 0.03984375 0.12890625
0 0.53203125 0.459375 0.0296875 0.134375
0 0.790625 0.584375 0.04453125 0.13203125
0 0.2640625 0.584375 0.0234375 0.1625
0 0.6703125 0.43515625 0.0359375 0.109375
0 0.25 0.5171875 0.028125 0.14609375
1 0.3078125 0.85546875 0.05859375 0.23046875
0 0.7203125 0.471875 0.04140625 0.08046875
0 0.65625 0.4109375 0.02109375 0.11953125
1 0.3921875 0.24921875 0.01796875 0.090625
1 0.846875 0.27578125 0.02265625 0.09609375
0 0.70703125 0.49609375 0.0421875 0.09453125
0 0.6765625 0.521875 0.0296875 0.0875
0 0.68671875 0.5234375 0.0328125 0.11640625
0 0.6578125 0.52890625 0.04140625 0.078125
0 0.65 0.56796875 0.03515625 0.10546875
0 0.62890625 0.5984375 0.046875 0.1109375
0 0.66796875 0.58515625 0.0515625 0.140625
0 0.6046875 0.5125 0.04375 0.1
0 0.5921875 0.54296875 0.04765625 0.078125
0 0.5546875 0.5625 0.06171875 0.09453125