0 0.3328125 0.671875 0.0484375 0.14609375
0 0.85 0.709375 0.06328125 0.13203125
0 0.4140625 0.63046875 0.04453125 0.121875
0 0.6953125 0.784375 0.053125 0.159375
0 0.76328125 0.63828125 0.059375 0.115625
0 0.0890625 0.52265625 0.04140625 0.11796875
0 0.2578125 0.565625 0.0453125 0.1125
0 0.3609375 0.528125 0.04609375 0.10546875
0 0.3328125 0.44609375 0.0390625 0.09140625
0 0.39140625 0.4828125 0.0421875 0.10390625
1 0.6734375 0.4203125 0.02890625 0.0984375
1 0.23125 0.54140625 0.04140625 0.11640625
1 0.24296875 0.39921875 0.028125 0.0984375
0 0.15625 0.44921875 0.0359375 0.0984375
0 0.2328125 0.48203125 0.03515625 0.10546875
0 0.45625 0.478125 0.025 0.0875
0 0.45 0.52109375 0.03984375 0.0921875
0 0.4796875 0.509375 0.03828125 0.1015625
0 0.51171875 0.525 0.03203125 0.096875
0 0.5109375 0.5359375 0.0375 0.11171875
0 0.6109375 0.57421875 0.053125 0.09765625
0 0.59921875 0.4875 0.0328125 0.1046875
0 0.5640625 0.53046875 0.03203125 0.09921875
0 0.5421875 0.48046875 0.0296875 0.08828125