0 0.90703125 0.6328125 0.06484375 0.14140625
0 0.459375 0.4109375 0.0296875 0.15234375
0 0.47578125 0.72890625 0.0625 0.171875
0 0.80234375 0.384375 0.0328125 0.11484375
0 0.4125 0.36484375 0.0359375 0.13203125
0 0.35703125 0.425 0.0375 0.1359375
0 0.3390625 0.6828125 0.0484375 0.17109375
0 0.3171875 0.3703125 0.03671875 0.140625
0 0.86796875 0.2859375 0.03046875 0.1109375
0 0.271875 0.3375 0.03125 0.1234375
1 0.70390625 0.40859375 0.0328125 0.134375
1 0.79140625 0.16640625 0.025 0.09140625
1 0.046875 0.73984375 0.05 0.209375
0 0.19296875 0.32265625 0.0265625 0.1296875
0 0.978125 0.4234375 0.0359375 0.14296875
0 0.43828125 0.359375 0.03046875 0.13046875
1 0.19765625 0.2296875 0.02578125 0.10078125
0 0.18125 0.32421875 0.0171875 0.1234375
0 0.2265625 0.32109375 0.034375 0.125
0 0.2296875 0.29609375 0.0328125 0.115625
0 0.96171875 0.4125 0.02890625 0.13515625
0 0.1515625 0.33828125 0.03671875 0.1234375
0 0.32421875 0.653125 0.03203125 0.1109375
0 0.88828125 0.6484375 0.06171875 0.178125