0 0.23046875 0.37890625 0.0453125 0.14453125
0 0.1546875 0.41328125 0.05078125 0.153125
0 0.646875 0.390625 0.0296875 0.1484375
0 0.1234375 0.334375 0.040625 0.134375
0 0.71171875 0.38203125 0.04140625 0.14140625
0 0.915625 0.4484375 0.0296875 0.16015625
1 0.82734375 0.21484375 0.025 0.103125
0 0.40546875 0.43125 0.0328125 0.1515625
0 0.43828125 0.390625 0.03203125 0.1421875
1 0.46328125 0.209375 0.0296875 0.0984375
0 0.5296875 0.45 0.04140625 0.16015625
0 0.3078125 0.42265625 0.03125 0.14765625
0 0.58984375 0.3984375 0.02890625 0.1359375
0 0.428125 0.42890625 0.028125 0.15078125
1 0.3328125 0.43984375 0.03125 0.15078125
0 0.3234375 0.384375 0.02578125 0.13828125
1 0.171875 0.87578125 0.12265625 0.2484375
0 0.5859375 0.4796875 0.0375 0.16328125
0 0.34375 0.40390625 0.03828125 0.1375
0 0.00625 0.378125 0.01171875 0.146875
0 0.0375 0.45390625 0.03515625 0.15703125
0 0.021875 0.44609375 0.02734375 0.16015625
0 0.95625 0.434375 0.05 0.12890625
0 0.0046875 0.4578125 0.00859375 0.14453125