1 0.05625 0.37265625 0.02890625 0.1015625
0 0.24140625 0.4609375 0.021875 0.1140625
1 0.94921875 0.8125 0.05234375 0.196875
0 0.13359375 0.4515625 0.0265625 0.10546875
0 0.7359375 0.4828125 0.03125 0.12890625
0 0.203125 0.46328125 0.0296875 0.115625
0 0.16484375 0.4875 0.034375 0.103125
1 0.54765625 0.4796875 0.028125 0.109375
1 0.425 0.32734375 0.0203125 0.09140625
0 0.58984375 0.5453125 0.0296875 0.1421875
0 0.3625 0.50546875 0.03046875 0.1328125
0 0.34140625 0.4375 0.01953125 0.1109375
0 0.26328125 0.48984375 0.03203125 0.10078125
0 0.37734375 0.475 0.02578125 0.11796875
1 0.14921875 0.59609375 0.034375 0.125
0 0.32890625 0.4921875 0.02578125 0.12578125
0 0.28828125 0.4375 0.01953125 0.0734375
0 0.51171875 0.525 0.0359375 0.11953125
0 0.81875 0.44453125 0.0234375 0.11171875
0 0.30234375 0.52109375 0.05234375 0.090625
0 0.5296875 0.47578125 0.01875 0.09921875
0 0.5234375 0.51796875 0.0265625 0.125
0 0.57890625 0.4828125 0.03125 0.12265625
0 0.8046875 0.44375 0.01640625 0.11171875
0 0.3296875 0.45859375 0.0328125 0.07265625