0 0.528125 0.76171875 0.0234375 0.06953125
0 0.37578125 0.70625 0.021875 0.065625
0 0.43359375 0.7515625 0.021875 0.06953125
0 0.6984375 0.7 0.01953125 0.059375
0 0.72421875 0.64453125 0.01640625 0.0484375
0 0.25078125 0.67890625 0.01796875 0.05546875
0 0.83046875 0.70859375 0.01875 0.0546875
1 0.81640625 0.6359375 0.0171875 0.059375
0 0.4703125 0.71484375 0.025 0.065625
0 0.59921875 0.63359375 0.0171875 0.05
0 0.30234375 0.72109375 0.01953125 0.06328125
0 0.49921875 0.64609375 0.01796875 0.0515625
0 0.53359375 0.71171875 0.01953125 0.0640625
1 0.05390625 0.63828125 0.01953125 0.0484375
0 0.3296875 0.646875 0.021875 0.0484375
1 0.61796875 0.59140625 0.01484375 0.0453125
0 0.66796875 0.72578125 0.01953125 0.0625
0 0.3 0.6546875 0.01953125 0.05078125
0 0.3359375 0.69140625 0.01953125 0.05390625
0 0.34375 0.67578125 0.0203125 0.05390625
0 0.30625 0.68203125 0.01875 0.05625
0 0.4375 0.6765625 0.02109375 0.05625
0 0.665625 0.7171875 0.01953125 0.05390625
0 0.29453125 0.69375 0.01953125 0.06015625
0 0.3140625 0.63671875 0.01875 0.04765625
0 0.4328125 0.690625 0.01953125 0.059375
0 0.4328125 0.678125 0.02109375 0.06015625