0 0.38359375 0.8296875 0.05703125 0.18359375
0 0.48359375 0.6578125 0.0453125 0.11640625
0 0.42578125 0.6609375 0.02890625 0.15625
0 0.7828125 0.55390625 0.0328125 0.13046875
0 0.32109375 0.61171875 0.03203125 0.14375
0 0.81875 0.64296875 0.0390625 0.09609375
0 0.025 0.76640625 0.040625 0.1734375
1 0.4546875 0.515625 0.03203125 0.13203125
0 0.65078125 0.63984375 0.04765625 0.090625
0 0.4046875 0.6125 0.03515625 0.1453125
0 0.57734375 0.54921875 0.028125 0.12109375
1 0.9859375 0.74140625 0.028125 0.16171875
0 0.57265625 0.66640625 0.0359375 0.1265625
0 0.6125 0.6671875 0.04765625 0.1015625
0 0.70703125 0.51015625 0.0296875 0.11875
1 0.7796875 0.31796875 0.03125 0.09453125
0 0.78203125 0.4421875 0.02578125 0.10234375
0 0.53984375 0.68671875 0.04453125 0.1421875
0 0.759375 0.659375 0.03515625 0.1375
0 0.7453125 0.5953125 0.0484375 0.1015625
1 0.1484375 0.8578125 0.0375 0.175
0 0.62890625 0.609375 0.04609375 0.084375
0 0.66953125 0.5734375 0.0453125 0.09140625
0 0.5390625 0.64296875 0.04765625 0.09765625
0 0.6953125 0.628125 0.04296875 0.11875
0 0.70390625 0.61640625 0.03984375 0.121875