0 0.4140625 0.425 0.03515625 0.13828125
1 0.53984375 0.39765625 0.03203125 0.11640625
0 0.73125 0.384375 0.0265625 0.12265625
0 0.3546875 0.40390625 0.028125 0.14296875
0 0.7109375 0.35625 0.01640625 0.1140625
0 0.49765625 0.36640625 0.025 0.115625
0 0.634375 0.40546875 0.02578125 0.13671875
1 0.78515625 0.30625 0.01796875 0.09921875
0 0.32578125 0.4171875 0.02578125 0.13984375
0 0.578125 0.38828125 0.0265625 0.13359375
0 0.45078125 0.3921875 0.02109375 0.13203125
0 0.66796875 0.3703125 0.02578125 0.11328125
1 0.35390625 0.34921875 0.03203125 0.1140625
0 0.51328125 0.36484375 0.021875 0.11640625
0 0.5296875 0.35625 0.02109375 0.12265625
0 0.60859375 0.37265625 0.02734375 0.11640625
0 0.62578125 0.39921875 0.0234375 0.13046875
0 0.66484375 0.3578125 0.02578125 0.10859375
0 0.67421875 0.378125 0.03515625 0.07109375
0 0.60390625 0.353125 0.0203125 0.109375
0 0.58203125 0.3734375 0.01953125 0.1171875
0 0.453125 0.38515625 0.021875 0.13671875
0 0.59375 0.3734375 0.0203125 0.11484375