0 0.9328125 0.621875 0.05859375 0.196875
0 0.425 0.53828125 0.03984375 0.1546875
0 0.878125 0.46640625 0.04453125 0.15703125
0 0.63046875 0.48046875 0.05546875 0.171875
0 0.025 0.30859375 0.0296875 0.11953125
0 0.60546875 0.5515625 0.04609375 0.1796875
0 0.2125 0.371875 0.0375 0.15
0 0.3078125 0.328125 0.03359375 0.13515625
0 0.190625 0.46796875 0.04609375 0.1546875
0 0.4375 0.41640625 0.03828125 0.1453125
0 0.5375 0.5171875 0.04765625 0.18046875
0 0.29921875 0.3984375 0.03359375 0.1546875
0 0.1828125 0.3515625 0.03359375 0.12578125
0 0.1453125 0.4765625 0.03984375 0.14453125
0 0.29140625 0.30703125 0.034375 0.1140625
0 0.14375 0.4015625 0.03515625 0.125
0 0.46171875 0.52109375 0.0484375 0.1390625
1 0.39140625 0.7625 0.04453125 0.15625
1 0.54765625 0.36171875 0.03359375 0.12421875
0 0.17890625 0.70234375 0.04609375 0.18828125
0 0.5421875 0.4828125 0.04453125 0.15859375
0 0.1859375 0.43359375 0.04140625 0.13359375
0 0.47265625 0.5671875 0.05546875 0.11171875
0 0.99140625 0.4140625 0.0171875 0.14375