0 0.596875 0.68671875 0.0375 0.14375
0 0.790625 0.63515625 0.05234375 0.1265625
1 0.75390625 0.40234375 0.02421875 0.09765625
0 0.61328125 0.53828125 0.0390625 0.08828125
0 0.5015625 0.53671875 0.05 0.09296875
0 0.4171875 0.5390625 0.028125 0.125
0 0.171875 0.57421875 0.0328125 0.12890625
0 0.57578125 0.5296875 0.03671875 0.08125
0 0.378125 0.509375 0.03515625 0.1109375
0 0.4640625 0.51328125 0.04765625 0.06640625
0 0.103125 0.478125 0.03515625 0.10390625
0 0.23828125 0.42578125 0.02578125 0.084375
0 0.41953125 0.4734375 0.04453125 0.10625
1 0.3453125 0.52890625 0.02421875 0.12109375
0 0.34765625 0.38515625 0.0328125 0.08515625
0 0.396875 0.42734375 0.0359375 0.08671875
0 0.5421875 0.54296875 0.03828125 0.10859375
0 0.50625 0.4875 0.03515625 0.0671875
1 0.24609375 0.3625 0.02109375 0.084375
0 0.70234375 0.4734375 0.0296875 0.09765625
0 0.684375 0.47890625 0.02265625 0.12265625
0 0.1078125 0.409375 0.025 0.09296875
0 0.5296875 0.51171875 0.0390625 0.071875
0 0.54453125 0.52734375 0.03203125 0.07109375
0 0.39765625 0.41171875 0.0375 0.08046875