0 0.06875 0.5875 0.04921875 0.15
0 0.67890625 0.4703125 0.0375 0.1125
0 0.60703125 0.41875 0.02421875 0.05625
0 0.05 0.5359375 0.0515625 0.15
0 0.42578125 0.4765625 0.0453125 0.08359375
0 0.79609375 0.396875 0.0375 0.109375
0 0.696875 0.384375 0.03359375 0.1015625
0 0.36875 0.4515625 0.034375 0.10859375
1 0.5734375 0.30625 0.02578125 0.09296875
0 0.4734375 0.46328125 0.04453125 0.084375
1 0.3125 0.428125 0.0328125 0.09140625
0 0.515625 0.49375 0.0484375 0.0875
1 0.0109375 0.43359375 0.02109375 0.13359375
0 0.4859375 0.41796875 0.03515625 0.08359375
0 0.9609375 0.3453125 0.03671875 0.09609375
0 0.57578125 0.446875 0.03359375 0.1015625
0 0.63203125 0.44375 0.03828125 0.08359375
1 0.96796875 0.4703125 0.03125 0.11796875
0 0.53984375 0.46953125 0.03671875 0.08046875
0 0.5015625 0.459375 0.0375 0.075
0 0.55625 0.45390625 0.03828125 0.07578125
0 0.59609375 0.44921875 0.0359375 0.06640625
0 0.525 0.471875 0.03046875 0.06640625
0 0.8890625 0.334375 0.021875 0.08984375