0 0.95234375 0.6125 0.06796875 0.203125
0 0.62109375 0.54765625 0.0484375 0.19453125
0 0.02578125 0.290625 0.03515625 0.13203125
0 0.2265625 0.3515625 0.0421875 0.1546875
0 0.440625 0.53359375 0.04453125 0.16953125
0 0.91171875 0.4546875 0.04609375 0.1640625
0 0.31484375 0.38359375 0.0515625 0.159375
0 0.20390625 0.4453125 0.0453125 0.18046875
0 0.1484375 0.46484375 0.04609375 0.159375
0 0.53984375 0.49921875 0.04609375 0.1796875
0 0.296875 0.290625 0.03828125 0.125
0 0.19453125 0.34140625 0.03984375 0.140625
0 0.1875 0.6953125 0.0484375 0.2
0 0.6328125 0.46328125 0.04296875 0.16953125
1 0.56875 0.3484375 0.03828125 0.14375
0 0.315625 0.30546875 0.040625 0.13359375
0 0.15078125 0.37734375 0.04296875 0.13359375
0 0.16015625 0.41640625 0.04296875 0.15546875
0 0.540625 0.46328125 0.040625 0.15859375
0 0.453125 0.390625 0.0390625 0.128125
1 0.45703125 0.4109375 0.040625 0.140625
0 0.4703125 0.50703125 0.04609375 0.13671875
1 0.30078125 0.77109375 0.04453125 0.1625
0 0.478125 0.5265625 0.05 0.14453125