1 0.9796875 0.475 0.040625 0.153125
1 0.584375 0.271875 0.03984375 0.146875
1 0.284375 0.5359375 0.046875 0.1515625
1 0.02109375 0.21953125 0.03046875 0.121875
0 0.8078125 0.53203125 0.05703125 0.1765625
0 0.59765625 0.53359375 0.053125 0.17734375
0 0.54609375 0.65546875 0.05625 0.19140625
0 0.48359375 0.503125 0.04765625 0.1734375
0 0.45078125 0.4828125 0.0359375 0.159375
0 0.425 0.575 0.0453125 0.1640625
0 0.4328125 0.5421875 0.0421875 0.165625
0 0.40078125 0.47734375 0.0484375 0.16328125
0 0.3625 0.5515625 0.05859375 0.17890625
0 0.3296875 0.45078125 0.034375 0.17109375
0 0.25078125 0.4234375 0.040625 0.1265625
0 0.24765625 0.45859375 0.05390625 0.15
0 0.24453125 0.49765625 0.04453125 0.17109375
0 0.2078125 0.3765625 0.025 0.134375
0 0.20078125 0.47265625 0.0328125 0.1328125
0 0.203125 0.5171875 0.04765625 0.16015625
0 0.17421875 0.53671875 0.0453125 0.1984375
0 0.134375 0.54765625 0.0453125 0.17890625
0 0.096875 0.51015625 0.0296875 0.1875
0 0.0671875 0.509375 0.0421875 0.1875