0 0.3078125 0.5765625 0.04609375 0.14375
0 0.66640625 0.50078125 0.0578125 0.1375
1 0.184375 0.51640625 0.04140625 0.15078125
0 0.24453125 0.47421875 0.05078125 0.1328125
0 0.709375 0.42890625 0.04609375 0.13125
0 0.34609375 0.478125 0.0484375 0.1265625
1 0.3484375 0.34453125 0.028125 0.11796875
0 0.1859375 0.41171875 0.04609375 0.115625
0 0.60859375 0.49375 0.059375 0.13203125
0 0.7859375 0.515625 0.06171875 0.1375
0 0.6359375 0.4609375 0.0390625 0.13359375
0 0.6390625 0.50625 0.05234375 0.103125
0 0.22890625 0.41953125 0.03984375 0.1140625
0 0.5859375 0.48828125 0.053125 0.125
0 0.56328125 0.50390625 0.046875 0.12109375
0 0.53359375 0.51640625 0.05 0.13828125
0 0.53984375 0.4609375 0.0390625 0.084375
0 0.5109375 0.553125 0.05078125 0.1578125
0 0.48046875 0.534375 0.0375 0.14609375
0 0.44453125 0.50703125 0.04375 0.134375
0 0.4703125 0.46640625 0.0328125 0.08359375
0 0.45703125 0.5 0.02578125 0.078125
0 0.496875 0.4828125 0.02421875 0.07265625