0 0.11640625 0.625 0.0375 0.12265625
0 0.1625 0.64921875 0.0375 0.14140625
0 0.775 0.69921875 0.03828125 0.16171875
0 0.23828125 0.71953125 0.03125 0.1640625
1 0.3078125 0.76171875 0.03515625 0.1828125
0 0.08671875 0.48984375 0.03125 0.11875
0 0.6953125 0.6953125 0.03828125 0.16328125
0 0.68515625 0.61640625 0.034375 0.11640625
1 0.078125 0.37265625 0.02421875 0.0921875
1 0.98671875 0.50703125 0.0265625 0.14140625
0 0.65625 0.69375 0.04140625 0.1015625
0 0.61796875 0.78828125 0.034375 0.17734375
0 0.6296875 0.71640625 0.0375 0.171875
0 0.5984375 0.6203125 0.01953125 0.1515625
0 0.59453125 0.57734375 0.03515625 0.10625
0 0.54921875 0.70546875 0.0734375 0.09921875
0 0.559375 0.6546875 0.04140625 0.096875
0 0.54375 0.61953125 0.040625 0.08515625
0 0.50625 0.6015625 0.04140625 0.0984375
0 0.49375 0.665625 0.05390625 0.0953125
0 0.43359375 0.62734375 0.0546875 0.0796875
0 0.3890625 0.571875 0.03203125 0.13515625
0 0.365625 0.6625 0.03671875 0.1375
0 0.31328125 0.4640625 0.04140625 0.125