0 0.0171875 0.52421875 0.03359375 0.1296875
0 0.10234375 0.5328125 0.04140625 0.13984375
0 0.440625 0.565625 0.0421875 0.140625
0 0.6125 0.5734375 0.03671875 0.12578125
0 0.25625 0.50703125 0.04296875 0.13359375
0 0.5546875 0.52109375 0.0375 0.11484375
0 0.5921875 0.59453125 0.0390625 0.125
0 0.4890625 0.48984375 0.03984375 0.11875
1 0.49453125 0.39296875 0.03203125 0.11328125
0 0.2921875 0.50859375 0.04140625 0.12578125
0 0.1953125 0.55546875 0.04140625 0.14296875
0 0.38125 0.49921875 0.0453125 0.12109375
0 0.30625 0.57109375 0.04140625 0.134375
0 0.3265625 0.56640625 0.04296875 0.15
0 0.18515625 0.3671875 0.0296875 0.0953125
0 0.49765625 0.61953125 0.0421875 0.15
0 0.3328125 0.4765625 0.0375 0.109375
0 0.1828125 0.55546875 0.03828125 0.1359375
0 0.39921875 0.621875 0.046875 0.075
0 0.4296875 0.4890625 0.0375 0.11796875
0 0.38984375 0.4859375 0.04296875 0.10703125
0 0.51015625 0.55703125 0.03984375 0.1296875
0 0.38125 0.46640625 0.03984375 0.0953125