0 0.3109375 0.55234375 0.02890625 0.1046875
0 0.71796875 0.6078125 0.03203125 0.1140625
0 0.6859375 0.60390625 0.03046875 0.08046875
0 0.23046875 0.590625 0.02578125 0.11171875
0 0.56640625 0.5734375 0.03125 0.05625
0 0.5828125 0.5671875 0.034375 0.075
1 0.09921875 0.5046875 0.02421875 0.0890625
1 0.2796875 0.48046875 0.02421875 0.090625
0 0.47421875 0.5125 0.01953125 0.090625
1 0.4890625 0.66328125 0.03203125 0.109375
0 0.52421875 0.578125 0.028125 0.06640625
0 0.42109375 0.5984375 0.03046875 0.06328125
0 0.45 0.5921875 0.0296875 0.05703125
0 0.61796875 0.49921875 0.0234375 0.09296875
0 0.534375 0.53046875 0.0203125 0.08046875
0 0.60703125 0.559375 0.0296875 0.065625
0 0.60078125 0.51796875 0.01875 0.075
1 0.4578125 0.54453125 0.02421875 0.0765625
0 0.52421875 0.55859375 0.021875 0.04921875
0 0.484375 0.5921875 0.034375 0.0859375
0 0.49921875 0.571875 0.025 0.04140625
0 0.49921875 0.5875 0.03125 0.084375
1 0.86484375 0.4703125 0.0203125 0.0703125
0 0.5140625 0.58515625 0.03125 0.0671875
0 0.47421875 0.58046875 0.03046875 0.05
0 0.540625 0.58125 0.02578125 0.05