0 0.625 0.73125 0.065625 0.178125
0 0.409375 0.64921875 0.05 0.1640625
0 0.68828125 0.6109375 0.0453125 0.15859375
0 0.359375 0.70546875 0.05 0.184375
0 0.52578125 0.44921875 0.0453125 0.125
0 0.9671875 0.54921875 0.040625 0.1484375
0 0.89375 0.55234375 0.06640625 0.16484375
0 0.6875 0.44453125 0.03515625 0.1328125
0 0.33984375 0.39453125 0.04921875 0.1078125
0 0.74140625 0.50234375 0.03984375 0.16015625
0 0.853125 0.5 0.04921875 0.15625
0 0.42578125 0.47734375 0.02890625 0.12890625
0 0.84140625 0.48671875 0.02421875 0.1421875
0 0.3921875 0.42109375 0.0390625 0.08984375
1 0.43984375 0.51015625 0.0359375 0.13671875
0 0.39140625 0.3828125 0.025 0.08359375
1 0.4953125 0.321875 0.03203125 0.1
0 0.36953125 0.4015625 0.028125 0.08671875