0 0.5546875 0.4640625 0.046875 0.16796875
0 0.478125 0.38984375 0.0515625 0.13671875
0 0.19296875 0.51171875 0.059375 0.159375
1 0.284375 0.37890625 0.03828125 0.14296875
0 0.09453125 0.32578125 0.03828125 0.128125
0 0.4640625 0.35390625 0.0421875 0.11953125
0 0.75390625 0.52734375 0.06875 0.171875
0 0.79609375 0.3515625 0.040625 0.13046875
0 0.77890625 0.35859375 0.04140625 0.13515625
1 0.45078125 0.1640625 0.028125 0.10390625
0 0.471875 0.2953125 0.03984375 0.11015625
0 0.703125 0.40234375 0.05390625 0.11953125
0 0.6125 0.36796875 0.05 0.13046875
0 0.64296875 0.36953125 0.05078125 0.1234375
0 0.5625 0.32578125 0.046875 0.1328125
0 0.7265625 0.53984375 0.05703125 0.17265625
0 0.6609375 0.4 0.05390625 0.13046875
0 0.69140625 0.34453125 0.05078125 0.12421875
0 0.715625 0.4703125 0.05390625 0.12421875
0 0.584375 0.3375 0.046875 0.1140625
0 0.59765625 0.3046875 0.046875 0.10546875
0 0.590625 0.2953125 0.046875 0.09375