0 0.06015625 0.6125 0.05390625 0.14140625
0 0.1203125 0.6375 0.0515625 0.1546875
0 0.52421875 0.69140625 0.07265625 0.11484375
0 0.26875 0.44140625 0.0515625 0.13515625
0 0.19921875 0.70859375 0.04921875 0.17265625
0 0.75625 0.69609375 0.04921875 0.159375
0 0.39609375 0.6109375 0.0578125 0.096875
1 0.253125 0.7671875 0.05 0.19609375
0 0.46484375 0.65546875 0.06640625 0.1046875
0 0.6625 0.60546875 0.046875 0.12734375
0 0.3546875 0.6515625 0.04765625 0.13515625
1 0.98515625 0.48515625 0.0296875 0.15625
0 0.35390625 0.5546875 0.0484375 0.1328125
0 0.05546875 0.46640625 0.03828125 0.1234375
0 0.6109375 0.78046875 0.04609375 0.16328125
0 0.61640625 0.70625 0.04140625 0.1703125
0 0.5953125 0.646875 0.0515625 0.10703125
0 0.56875 0.55078125 0.04140625 0.09765625
0 0.67421875 0.7109375 0.05625 0.11640625
0 0.47890625 0.57265625 0.05 0.09140625
0 0.53046875 0.63828125 0.05703125 0.090625
1 0.0234375 0.34453125 0.02890625 0.10078125
0 0.51640625 0.59921875 0.04921875 0.08671875
1 0.49921875 0.01953125 0.0203125 0.0390625
0 0.56640625 0.6078125 0.034375 0.14375
0 0.62578125 0.6796875 0.04296875 0.10625