1 0.36875 0.64609375 0.040625 0.12265625
1 0.71953125 0.7890625 0.0375 0.159375
1 0.6296875 0.596875 0.03203125 0.134375
0 0.1046875 0.70078125 0.0375 0.12109375
0 0.1578125 0.69375 0.03671875 0.1296875
0 0.03203125 0.66796875 0.0375 0.11875
1 0.48515625 0.5703125 0.028125 0.12734375
0 0.0203125 0.7125 0.0359375 0.12578125
0 0.2328125 0.70390625 0.03515625 0.12890625
0 0.1171875 0.63828125 0.03359375 0.11015625
0 0.18125 0.68046875 0.03671875 0.12265625
0 0.27734375 0.67578125 0.0359375 0.1171875
0 0.08515625 0.67265625 0.03359375 0.12578125
0 0.25703125 0.678125 0.03515625 0.12109375
0 0.26171875 0.6109375 0.03359375 0.10859375
0 0.303125 0.6953125 0.034375 0.12265625
0 0.14296875 0.625 0.03359375 0.1140625
0 0.3203125 0.68203125 0.0328125 0.12734375
0 0.2328125 0.64765625 0.034375 0.10625
0 0.29765625 0.6578125 0.03359375 0.11171875
0 0.29765625 0.634375 0.03359375 0.1046875