0 0.37890625 0.66953125 0.0359375 0.1265625
1 0.55859375 0.8703125 0.06015625 0.19453125
0 0.50390625 0.7 0.03828125 0.13984375
0 0.79375 0.7984375 0.0375 0.14296875
1 0.33203125 0.5921875 0.034375 0.10859375
1 0.13515625 0.62265625 0.0359375 0.12109375
1 0.54765625 0.6359375 0.0359375 0.13359375
0 0.53203125 0.73125 0.0390625 0.1515625
0 0.8375 0.68984375 0.03046875 0.13203125
0 0.8203125 0.73671875 0.0375 0.14296875
0 0.7625 0.71796875 0.04609375 0.13203125
1 0.88046875 0.590625 0.03046875 0.1109375
0 0.5984375 0.7265625 0.040625 0.153125
0 0.7953125 0.7125 0.03671875 0.121875
0 0.63515625 0.753125 0.03828125 0.15234375
0 0.5671875 0.775 0.04453125 0.13828125
0 0.76484375 0.6796875 0.040625 0.11796875
0 0.6 0.665625 0.03828125 0.12890625
0 0.7265625 0.67734375 0.040625 0.15703125
0 0.69453125 0.71796875 0.04375 0.15625
0 0.6765625 0.6703125 0.034375 0.146875
0 0.73203125 0.6515625 0.0390625 0.140625
0 0.62578125 0.67109375 0.01953125 0.1265625
0 0.534375 0.66796875 0.034375 0.12578125
0 0.68203125 0.696875 0.0421875 0.1453125
0 0.6375 0.678125 0.025 0.10859375