0 0.46015625 0.67578125 0.0625 0.15078125
0 0.759375 0.62421875 0.0609375 0.1578125
0 0.359375 0.6171875 0.0515625 0.14375
1 0.15546875 0.59765625 0.03359375 0.16640625
0 0.03515625 0.65703125 0.05 0.165625
0 0.7921875 0.58359375 0.05 0.175
0 0.3921875 0.57109375 0.04296875 0.1421875
0 0.4953125 0.5015625 0.0421875 0.12265625
0 0.134375 0.4625 0.03671875 0.1359375
0 0.6890625 0.553125 0.03984375 0.12734375
0 0.5703125 0.40859375 0.034375 0.11484375
0 0.5171875 0.34375 0.03359375 0.09453125
0 0.80234375 0.43125 0.03671875 0.11484375
1 0.23984375 0.91328125 0.0546875 0.1734375
0 0.4984375 0.61796875 0.053125 0.11953125
0 0.546875 0.565625 0.05234375 0.1296875
1 0.0828125 0.2421875 0.0234375 0.0921875
0 0.81015625 0.36171875 0.0453125 0.10078125
0 0.57421875 0.521875 0.04453125 0.09921875
1 0.8390625 0.28828125 0.0296875 0.0953125
0 0.63828125 0.57578125 0.03046875 0.1375
0 0.6171875 0.54140625 0.0359375 0.13984375
0 0.584375 0.55625 0.03828125 0.084375
0 0.5953125 0.6046875 0.0578125 0.1359375
0 0.584375 0.64765625 0.05234375 0.13984375
0 0.5546875 0.67265625 0.040625 0.13984375