0 0.41875 0.6765625 0.071875 0.1625
0 0.59296875 0.61171875 0.04921875 0.1640625
0 0.32578125 0.578125 0.03515625 0.14921875
0 0.64921875 0.67890625 0.04765625 0.175
0 0.50546875 0.434375 0.034375 0.11796875
0 0.0640625 0.5296875 0.03828125 0.140625
0 0.1421875 0.534375 0.046875 0.1609375
0 0.321875 0.43125 0.0390625 0.12421875
0 0.65390625 0.39375 0.028125 0.1015625
0 0.2671875 0.484375 0.0328125 0.153125
0 0.14296875 0.48125 0.03046875 0.1453125
0 0.57734375 0.459375 0.0375 0.13671875
0 0.1625 0.46953125 0.021875 0.1375
0 0.6046875 0.4140625 0.028125 0.06328125
1 0.52578125 0.4953125 0.03359375 0.14140625
0 0.57421875 0.3828125 0.034375 0.103125
1 0.48359375 0.31640625 0.03984375 0.09453125
0 0.6265625 0.41328125 0.03671875 0.07109375