0 0.46640625 0.4046875 0.03125 0.140625
0 0.73984375 0.42734375 0.03984375 0.1390625
0 0.584375 0.3921875 0.03671875 0.1234375
1 0.5015625 0.346875 0.02421875 0.1109375
1 0.19375 0.81015625 0.06171875 0.29453125
0 0.690625 0.36640625 0.03125 0.128125
0 0.628125 0.33125 0.02265625 0.11171875
0 0.321875 0.321875 0.02109375 0.10234375
0 0.546875 0.36171875 0.01640625 0.13125
0 0.35859375 0.3375 0.02109375 0.1140625
0 0.534375 0.34375 0.01796875 0.11484375
0 0.54921875 0.3234375 0.01953125 0.0890625
0 0.61484375 0.334375 0.0140625 0.11875
1 0.7375 0.3203125 0.025 0.1078125
0 0.5921875 0.3078125 0.01171875 0.0828125
0 0.5890625 0.35 0.025 0.1328125
1 0.321875 0.28515625 0.01875 0.08125
0 0.42890625 0.34453125 0.021875 0.1078125
0 0.5046875 0.340625 0.01640625 0.11953125
0 0.4796875 0.321875 0.015625 0.109375
0 0.46953125 0.325 0.01875 0.10078125
0 0.60625 0.328125 0.0125 0.11484375
0 0.57109375 0.3328125 0.021875 0.10234375
0 0.425 0.33359375 0.0234375 0.10703125