0 0.740625 0.45234375 0.0421875 0.1703125
0 0.31640625 0.43046875 0.04140625 0.16875
0 0.80859375 0.4359375 0.04453125 0.1671875
0 0.46484375 0.40234375 0.03515625 0.159375
0 0.171875 0.3953125 0.03671875 0.165625
1 0.54609375 0.21796875 0.03203125 0.1265625
0 0.0078125 0.54296875 0.015625 0.17890625
0 0.69296875 0.3859375 0.03125 0.15703125
1 0.8859375 0.2734375 0.03046875 0.14375
0 0.4484375 0.31953125 0.0296875 0.146875
1 0.19453125 0.3765625 0.03359375 0.1609375
0 0.38671875 0.4125 0.03125 0.165625
0 0.35546875 0.38046875 0.0328125 0.15234375
0 0.52421875 0.459375 0.0546875 0.18125
0 0.7421875 0.375 0.03671875 0.15234375
0 0.54921875 0.44453125 0.04140625 0.18046875
0 0.6203125 0.4125 0.0296875 0.1671875
0 0.575 0.40859375 0.04140625 0.13125
0 0.63125 0.3890625 0.0328125 0.1546875
0 0.53828125 0.346875 0.03359375 0.1359375
0 0.521875 0.36953125 0.0328125 0.171875
0 0.5578125 0.40390625 0.0296875 0.1015625
0 0.37265625 0.34765625 0.02890625 0.15078125
0 0.39609375 0.5984375 0.06328125 0.20859375
0 0.55078125 0.31171875 0.02734375 0.09140625