1 0.5671875 0.86015625 0.05703125 0.19296875
0 0.77578125 0.6703125 0.04609375 0.14609375
0 0.859375 0.7921875 0.04140625 0.159375
0 0.9765625 0.659375 0.0328125 0.13671875
1 0.3515625 0.578125 0.034375 0.1109375
0 0.92265625 0.70703125 0.03984375 0.14140625
0 0.4859375 0.72265625 0.0421875 0.1578125
0 0.70625 0.7546875 0.0359375 0.15703125
0 0.59375 0.75859375 0.03984375 0.17265625
0 0.88828125 0.68359375 0.0375 0.14375
0 0.5359375 0.76796875 0.04375 0.14921875
0 0.81953125 0.64765625 0.040625 0.13828125
1 0.15859375 0.6171875 0.028125 0.11328125
0 0.83984375 0.67578125 0.04296875 0.13671875
0 0.92734375 0.621875 0.03046875 0.1234375
0 0.6359375 0.8546875 0.04140625 0.1796875
0 0.87578125 0.64921875 0.03984375 0.14765625
0 0.67109375 0.82109375 0.0390625 0.18203125
1 0.815625 0.596875 0.02109375 0.12734375
0 0.7859375 0.87265625 0.03671875 0.1765625
0 0.6453125 0.68125 0.02265625 0.12578125
1 0.60078125 0.63125 0.0328125 0.1328125
0 0.54609375 0.6875 0.03671875 0.13984375
0 0.94921875 0.64921875 0.0328125 0.13125
0 0.6265625 0.684375 0.0296875 0.1421875
0 0.61328125 0.6359375 0.04375 0.11953125