1 0.44609375 0.85546875 0.0546875 0.184375
0 0.24609375 0.67421875 0.04375 0.13984375
0 0.165625 0.790625 0.03984375 0.15234375
0 0.05390625 0.66328125 0.03203125 0.13046875
1 0.65234375 0.5859375 0.0328125 0.10625
0 0.10546875 0.709375 0.03828125 0.13515625
0 0.52421875 0.72421875 0.03984375 0.15078125
0 0.3125 0.7546875 0.034375 0.15
0 0.4203125 0.75859375 0.03828125 0.165625
0 0.13828125 0.68671875 0.0359375 0.1375
0 0.47578125 0.76796875 0.04140625 0.14296875
0 0.2046875 0.65234375 0.0390625 0.13203125
1 0.8375 0.6234375 0.02734375 0.10859375
0 0.184375 0.67890625 0.040625 0.13046875
0 0.10078125 0.628125 0.02890625 0.11875
0 0.38046875 0.85078125 0.03984375 0.171875
0 0.15 0.65390625 0.03828125 0.14140625
0 0.346875 0.81875 0.0375 0.17421875
1 0.2078125 0.60390625 0.0203125 0.121875
0 0.23671875 0.86796875 0.03515625 0.16875
0 0.37109375 0.68515625 0.021875 0.12109375
1 0.4140625 0.63671875 0.03203125 0.1265625
0 0.465625 0.690625 0.03515625 0.134375
0 0.0796875 0.65390625 0.03203125 0.12578125
0 0.38984375 0.6875 0.028125 0.1359375
0 0.0140625 0.67265625 0.02734375 0.1359375
0 0.4015625 0.64140625 0.0421875 0.1140625