0 0.2875 0.6515625 0.05390625 0.18359375
0 0.3734375 0.49375 0.0484375 0.17109375
1 0.975 0.47265625 0.0359375 0.140625
0 0.65625 0.54375 0.04765625 0.140625
0 0.34375 0.465625 0.04453125 0.171875
0 0.27109375 0.496875 0.040625 0.15859375
0 0.0359375 0.42265625 0.0390625 0.13203125
0 0.81796875 0.5296875 0.04375 0.165625
0 0.240625 0.3515625 0.03515625 0.128125
1 0.0125 0.4578125 0.02421875 0.134375
0 0.22265625 0.4359375 0.046875 0.11640625
0 0.0265625 0.54140625 0.04609375 0.1609375
0 0.2140625 0.5046875 0.03828125 0.14609375
0 0.15 0.5734375 0.034375 0.1640625
0 0.15625 0.6140625 0.07578125 0.06640625
0 0.0953125 0.5421875 0.03359375 0.15390625
0 0.09375 0.50703125 0.03125 0.153125
0 0.1171875 0.48828125 0.02265625 0.15390625
0 0.10703125 0.428125 0.01875 0.078125
0 0.09375 0.38828125 0.0296875 0.11796875
0 0.1546875 0.509375 0.03984375 0.1640625