0 0.08828125 0.48515625 0.034375 0.16484375
0 0.26015625 0.66015625 0.046875 0.17578125
0 0.5234375 0.4296875 0.0453125 0.14140625
0 0.11796875 0.68671875 0.046875 0.18046875
0 0.58125 0.74375 0.0515625 0.19453125
0 0.70703125 0.4375 0.05390625 0.13984375
0 0.33671875 0.71953125 0.05 0.18671875
0 0.74453125 0.62890625 0.04765625 0.1953125
1 0.22890625 0.4984375 0.04140625 0.15546875
0 0.29609375 0.60234375 0.04765625 0.1640625
0 0.4921875 0.35 0.04140625 0.11171875
0 0.68046875 0.35546875 0.04296875 0.12109375
0 0.3109375 0.55078125 0.04140625 0.159375
0 0.76796875 0.603125 0.04921875 0.17890625
0 0.5984375 0.596875 0.06015625 0.12265625
0 0.46875 0.5890625 0.06328125 0.09609375
0 0.5 0.7375 0.07734375 0.16796875
0 0.4421875 0.6484375 0.06328125 0.10390625
0 0.40703125 0.70234375 0.078125 0.11796875
0 0.5125 0.62578125 0.0640625 0.10546875
0 0.56796875 0.6140625 0.059375 0.1234375
1 0.20234375 0.97109375 0.04453125 0.05703125
0 0.51953125 0.69765625 0.0671875 0.12265625
1 0.6859375 0.27890625 0.0328125 0.10859375
0 0.53046875 0.6765625 0.06328125 0.1171875