0 0.70078125 0.55703125 0.071875 0.15625
0 0.58203125 0.72578125 0.07890625 0.19453125
0 0.2203125 0.7234375 0.04609375 0.20546875
0 0.08203125 0.4234375 0.03984375 0.16015625
1 0.2609375 0.4078125 0.0453125 0.13984375
0 0.39375 0.54765625 0.0421875 0.14609375
0 0.85234375 0.4296875 0.05 0.14765625
0 0.7859375 0.4234375 0.04375 0.146875
1 0.4625 0.93671875 0.06875 0.1265625
0 0.53828125 0.4484375 0.05234375 0.10859375
0 0.40546875 0.45546875 0.03828125 0.13671875
0 0.634375 0.44765625 0.05625 0.11484375
0 0.56484375 0.40234375 0.0421875 0.10234375
0 0.5390625 0.403125 0.046875 0.0890625
1 0.6265625 0.2421875 0.03359375 0.12421875
0 0.65 0.3890625 0.04375 0.10625
0 0.61796875 0.34140625 0.04375 0.1078125
0 0.43125 0.396875 0.03515625 0.140625
0 0.6109375 0.41953125 0.0515625 0.1
0 0.6453125 0.35078125 0.040625 0.11015625
0 0.63046875 0.40859375 0.05078125 0.09140625
0 0.4328125 0.3171875 0.0328125 0.1171875
0 0.43671875 0.28046875 0.03125 0.1109375
0 0.7828125 0.3921875 0.03515625 0.15390625
0 0.63671875 0.4265625 0.05 0.0796875