1 0.05625 0.4890625 0.03828125 0.146875
0 0.61640625 0.5140625 0.0421875 0.13359375
0 0.23203125 0.48515625 0.046875 0.1484375
0 0.32734375 0.515625 0.046875 0.10859375
0 0.51875 0.48046875 0.0359375 0.125
0 0.475 0.4734375 0.03671875 0.13046875
0 0.56875 0.4765625 0.040625 0.1140625
0 0.53828125 0.49375 0.0359375 0.12890625
0 0.28828125 0.46796875 0.04375 0.1390625
0 0.56953125 0.42734375 0.0359375 0.09296875
0 0.4203125 0.5375 0.0390625 0.10546875
0 0.4453125 0.528125 0.0421875 0.1125
0 0.4109375 0.44375 0.0390625 0.1125
0 0.3765625 0.43671875 0.03515625 0.134375
0 0.4515625 0.45703125 0.03828125 0.1109375
0 0.309375 0.48671875 0.0453125 0.115625
0 0.31875 0.440625 0.04140625 0.1109375
0 0.3875 0.49375 0.04453125 0.12109375
0 0.40078125 0.49140625 0.04375 0.121875
0 0.565625 0.45625 0.0390625 0.10703125
0 0.375 0.45859375 0.04140625 0.1359375
0 0.28828125 0.434375 0.0390625 0.12890625
0 0.30234375 0.41171875 0.0375 0.10703125
0 0.459375 0.49296875 0.03671875 0.125
0 0.521875 0.44296875 0.03359375 0.1
0 0.5671875 0.3859375 0.03359375 0.103125