0 0.29765625 0.55625 0.06484375 0.15390625
0 0.415625 0.7234375 0.075 0.2015625
0 0.6234375 0.54453125 0.046875 0.14453125
0 0.30546875 0.36171875 0.04296875 0.115625
0 0.89453125 0.4078125 0.0328125 0.14921875
0 0.77109375 0.7234375 0.04296875 0.2015625
0 0.57578125 0.43671875 0.040625 0.1203125
0 0.45703125 0.4625 0.06015625 0.09375
0 0.21015625 0.4265625 0.03828125 0.13359375
0 0.36640625 0.4578125 0.04765625 0.10390625
1 0.75234375 0.409375 0.03203125 0.14140625
0 0.565625 0.29140625 0.034375 0.10546875
0 0.3890625 0.4234375 0.05078125 0.09140625
1 0.52265625 0.93828125 0.0671875 0.1234375
0 0.215625 0.38125 0.03671875 0.1203125
0 0.35390625 0.40390625 0.04296875 0.1
0 0.4359375 0.41015625 0.04765625 0.07265625
1 0.378125 0.25 0.02890625 0.1109375
0 0.571875 0.40546875 0.02421875 0.13828125
0 0.45625 0.4171875 0.04921875 0.0734375
0 0.4359375 0.3828125 0.04453125 0.065625
0 0.37265625 0.4078125 0.04765625 0.08046875
0 0.353125 0.38515625 0.0390625 0.08203125
0 0.36875 0.43359375 0.040625 0.07578125
0 0.57734375 0.384375 0.02734375 0.1359375