1 0.096875 0.34765625 0.06484375 0.2796875
0 0.7796875 0.36875 0.08671875 0.26796875
0 0.46953125 0.10078125 0.05859375 0.2015625
0 0.15078125 0.58359375 0.07421875 0.29453125
0 0.9453125 0.446875 0.08359375 0.2921875
0 0.9796875 0.56953125 0.03984375 0.29609375
1 0.98359375 0.03671875 0.0328125 0.0734375
0 0.7390625 0.6703125 0.0484375 0.32578125
0 0.09296875 0.77109375 0.11484375 0.35546875
0 0.75546875 0.88359375 0.090625 0.2328125
0 0.68203125 0.60234375 0.08359375 0.32421875
0 0.6015625 0.65390625 0.07421875 0.34375
0 0.59765625 0.453125 0.0515625 0.14453125
0 0.30625 0.43828125 0.06328125 0.13046875
0 0.3125 0.484375 0.06171875 0.0671875
0 0.3203125 0.61953125 0.0640625 0.28671875
0 0.39296875 0.52890625 0.046875 0.203125
0 0.35859375 0.4953125 0.034375 0.171875
0 0.35703125 0.775 0.0703125 0.41171875
0 0.4484375 0.64453125 0.040625 0.340625
0 0.4921875 0.66015625 0.06015625 0.3171875
0 0.5171875 0.5875 0.03828125 0.34765625
0 0.45234375 0.675 0.0625 0.16484375
1 0.54375 0.61875 0.04921875 0.3546875