0 0.87734375 0.634375 0.05234375 0.146875
0 0.8578125 0.48125 0.03828125 0.1609375
1 0.9796875 0.87734375 0.040625 0.2421875
0 0.76484375 0.5671875 0.03515625 0.16875
0 0.15 0.6453125 0.040625 0.17734375
0 0.228125 0.60859375 0.03515625 0.1640625
0 0.67734375 0.61328125 0.046875 0.16875
0 0.6703125 0.5734375 0.0328125 0.178125
0 0.55859375 0.51484375 0.0328125 0.16796875
1 0.25625 0.3234375 0.028125 0.1390625
0 0.18125 0.625 0.03671875 0.1828125
0 0.47421875 0.7125 0.04296875 0.18828125
1 0.8171875 0.2703125 0.0265625 0.1125
0 0.79453125 0.52421875 0.04453125 0.165625
0 0.31171875 0.54140625 0.0484375 0.16328125
1 0.6015625 0.58984375 0.0359375 0.159375
0 0.27734375 0.59296875 0.0484375 0.17890625
0 0.23203125 0.57265625 0.02734375 0.16640625
0 0.25546875 0.59765625 0.02734375 0.16328125
0 0.603125 0.546875 0.04140625 0.16875
0 0.2625 0.62734375 0.0421875 0.17421875
0 0.5375 0.4703125 0.02890625 0.15703125
0 0.2203125 0.559375 0.02421875 0.1671875
0 0.47734375 0.5390625 0.040625 0.15625
0 0.525 0.43046875 0.03203125 0.1375
0 0.6515625 0.56015625 0.028125 0.17265625