1 0.1546875 0.625 0.02734375 0.1171875
0 0.3359375 0.7046875 0.03125 0.121875
0 0.68203125 0.69140625 0.0390625 0.08671875
0 0.715625 0.6828125 0.04140625 0.10703125
0 0.86953125 0.72109375 0.040625 0.12890625
0 0.7484375 0.73671875 0.0390625 0.09453125
0 0.65625 0.69296875 0.03984375 0.09296875
0 0.47734375 0.721875 0.04765625 0.078125
1 0.3125 0.596875 0.0265625 0.115625
0 0.53671875 0.7328125 0.0390625 0.1
0 0.48828125 0.65 0.0328125 0.11171875
0 0.5140625 0.709375 0.03984375 0.0828125
1 0.38828125 0.68046875 0.0359375 0.1203125
0 0.53984375 0.64765625 0.03515625 0.08984375
0 0.4046875 0.71484375 0.04140625 0.12890625
0 0.62734375 0.63984375 0.034375 0.103125
0 0.62890625 0.6890625 0.03671875 0.103125
0 0.5921875 0.70234375 0.0421875 0.08515625
0 0.44453125 0.6984375 0.0375 0.11875
0 0.4078125 0.66328125 0.03359375 0.1
0 0.5703125 0.7046875 0.0390625 0.08515625
0 0.54921875 0.7078125 0.040625 0.08515625
0 0.58203125 0.68359375 0.03984375 0.06484375
0 0.42734375 0.7046875 0.03515625 0.115625
0 0.4296875 0.56328125 0.02890625 0.1
0 0.5796875 0.7046875 0.04140625 0.08671875