1 0.3984375 0.5671875 0.06015625 0.26875
0 0.8109375 0.359375 0.05234375 0.2
1 0.134375 0.27890625 0.04765625 0.175
0 0.2375 0.34765625 0.0609375 0.209375
0 0.5625 0.4828125 0.07109375 0.2203125
0 0.625 0.2921875 0.04921875 0.20390625
0 0.3078125 0.30859375 0.0578125 0.2
0 0.51171875 0.29296875 0.06015625 0.18046875
0 0.70234375 0.55625 0.0578125 0.23359375
0 0.384375 0.4203125 0.04765625 0.21875
1 0.78671875 0.06796875 0.0359375 0.1359375
0 0.90546875 0.13125 0.04375 0.17265625
0 0.9375 0.35234375 0.03828125 0.203125
0 0.45625 0.4421875 0.05859375 0.1515625
0 0.575 0.33984375 0.05234375 0.2
0 0.47734375 0.371875 0.03828125 0.18984375
0 0.940625 0.33125 0.0421875 0.19609375
1 0.6859375 0.325 0.03359375 0.19609375
0 0.41875 0.3828125 0.0453125 0.16796875
0 0.51796875 0.4921875 0.07109375 0.10625
0 0.70078125 0.371875 0.03359375 0.18203125
0 0.7140625 0.34765625 0.04140625 0.178125
0 0.51875 0.48828125 0.11015625 0.115625
0 0.4796875 0.40625 0.04375 0.1390625