1 0.00390625 0.45546875 0.0078125 0.1203125
0 0.1359375 0.5265625 0.03515625 0.1390625
0 0.8296875 0.4296875 0.0265625 0.10390625
0 0.06640625 0.6015625 0.03359375 0.1625
1 0.6 0.315625 0.01875 0.09296875
0 0.5609375 0.4671875 0.0296875 0.0984375
1 0.3421875 0.43125 0.02109375 0.11484375
0 0.78125 0.378125 0.0265625 0.1
0 0.79453125 0.38671875 0.0171875 0.10390625
0 0.85703125 0.34453125 0.0265625 0.0953125
0 0.54140625 0.45546875 0.04296875 0.08828125
0 0.60703125 0.46015625 0.025 0.1203125
1 0.95546875 0.4875 0.03984375 0.11875
0 0.6625 0.43828125 0.0421875 0.11640625
0 0.9140625 0.3390625 0.021875 0.10390625
0 0.628125 0.4640625 0.0453125 0.08984375
0 0.57421875 0.453125 0.02265625 0.09765625