0 0.96640625 0.64140625 0.06171875 0.184375
0 0.63359375 0.62421875 0.05625 0.175
0 0.98828125 0.58515625 0.0234375 0.1796875
0 0.8265625 0.66328125 0.0546875 0.190625
0 0.43203125 0.66015625 0.06328125 0.15859375
1 0.4625 0.5515625 0.04609375 0.16953125
0 0.3015625 0.5765625 0.065625 0.17109375
0 0.48359375 0.3671875 0.0375 0.121875
0 0.615625 0.42734375 0.04140625 0.1296875
0 0.40078125 0.36640625 0.040625 0.11640625
0 0.7484375 0.671875 0.05546875 0.18984375
0 0.69140625 0.73046875 0.06171875 0.14375
1 0.465625 0.88828125 0.05078125 0.17890625
0 0.72109375 0.68125 0.0578125 0.1734375
0 0.75703125 0.57109375 0.046875 0.1515625
1 0.4109375 0.20703125 0.02421875 0.08125
0 0.61640625 0.7546875 0.06328125 0.11796875
0 0.496875 0.6984375 0.09375 0.08125
0 0.53515625 0.65703125 0.06953125 0.11484375
0 0.53515625 0.66953125 0.05234375 0.16875
0 0.56796875 0.72578125 0.11171875 0.08046875
0 0.575 0.65234375 0.04140625 0.1171875
0 0.5890625 0.63515625 0.0453125 0.15859375
0 0.565625 0.609375 0.0453125 0.1421875