1 0.84296875 0.34453125 0.06015625 0.2734375
0 0.0328125 0.38828125 0.059375 0.2875
0 0.18359375 0.5734375 0.08046875 0.29375
1 0.02734375 0.0375 0.03671875 0.075
0 0.90234375 0.69609375 0.06015625 0.29296875
0 0.3078125 0.62265625 0.075 0.315625
0 0.5578125 0.08125 0.05625 0.1625
0 0.06484375 0.66953125 0.08671875 0.30625
0 0.1109375 0.8890625 0.0734375 0.221875
0 0.34765625 0.3796875 0.04765625 0.26796875
0 0.89140625 0.54609375 0.0671875 0.24921875
0 0.54296875 0.7484375 0.0703125 0.38359375
0 0.37109375 0.55234375 0.0890625 0.31328125
0 0.36953125 0.5375 0.05390625 0.3265625
0 0.49609375 0.43828125 0.06484375 0.1203125
0 0.48828125 0.6484375 0.05 0.328125
0 0.53828125 0.5046875 0.04296875 0.08046875
0 0.6765625 0.5296875 0.05625 0.3
0 0.66171875 0.3875 0.0421875 0.10546875
0 0.6359375 0.55859375 0.0421875 0.2828125
0 0.6 0.61953125 0.08515625 0.3265625
0 0.5640625 0.5390625 0.0484375 0.10703125
1 0.475 0.596875 0.071875 0.31484375
1 0.55859375 0.68203125 0.04765625 0.34296875