1 0.2703125 0.61328125 0.04609375 0.17734375
0 0.5890625 0.47109375 0.02890625 0.1296875
0 0.76875 0.434375 0.0328125 0.11328125
0 0.909375 0.39453125 0.02578125 0.109375
0 0.11328125 0.42421875 0.028125 0.11484375
0 0.53046875 0.3765625 0.02734375 0.10546875
0 0.62578125 0.3890625 0.01796875 0.11015625
0 0.590625 0.40859375 0.021875 0.10078125
0 0.6578125 0.396875 0.02109375 0.10234375
1 0.35 0.321875 0.0234375 0.08359375
1 0.4765625 0.3796875 0.02265625 0.084375
0 0.78671875 0.3796875 0.01953125 0.09765625
0 0.49765625 0.3390625 0.01796875 0.07109375
1 0.84765625 0.38359375 0.03359375 0.10390625
0 0.76328125 0.37890625 0.0234375 0.090625
0 0.8171875 0.3828125 0.021875 0.0921875
0 0.74296875 0.36796875 0.02109375 0.096875
0 0.67109375 0.3796875 0.01953125 0.0984375
0 0.70078125 0.38359375 0.02578125 0.09296875
0 0.478125 0.346875 0.01796875 0.0703125
0 0.62890625 0.38125 0.02421875 0.0921875
0 0.646875 0.35859375 0.02421875 0.0828125
0 0.703125 0.37109375 0.0203125 0.07734375
0 0.69765625 0.34375 0.0140625 0.0609375
0 0.71171875 0.36171875 0.0140625 0.08828125
0 0.72421875 0.359375 0.01484375 0.08515625