0 0.31875 0.434375 0.0421875 0.12890625
0 0.2609375 0.425 0.03671875 0.13828125
0 0.18828125 0.7546875 0.06171875 0.18046875
0 0.425 0.4921875 0.053125 0.15234375
0 0.20390625 0.4625 0.04375 0.1625
0 0.5171875 0.3734375 0.04375 0.125
0 0.51953125 0.63203125 0.03984375 0.165625
0 0.58671875 0.3625 0.0484375 0.11328125
0 0.4984375 0.7296875 0.0453125 0.20234375
0 0.66328125 0.38515625 0.028125 0.11640625
0 0.15390625 0.46328125 0.04296875 0.1515625
1 0.52578125 0.2703125 0.0296875 0.1046875
0 0.16796875 0.453125 0.034375 0.1453125
0 0.0046875 0.42265625 0.00859375 0.1
0 0.0421875 0.4203125 0.04140625 0.14765625
0 0.58203125 0.33046875 0.02734375 0.09296875
0 0.2640625 0.6 0.04453125 0.184375
1 0.6234375 0.459375 0.0296875 0.14765625
0 0.08828125 0.43046875 0.04296875 0.13984375
0 0.67109375 0.3390625 0.02109375 0.08984375
0 0.015625 0.4875 0.03125 0.04375