0 0.9 0.48671875 0.0546875 0.19375
0 0.44140625 0.3484375 0.059375 0.16875
0 0.88671875 0.19453125 0.0609375 0.16640625
0 0.66171875 0.1953125 0.05703125 0.16171875
0 0.17734375 0.221875 0.0515625 0.15625
1 0.55703125 0.23984375 0.040625 0.16640625
0 0.61796875 0.1765625 0.053125 0.146875
0 0.61015625 0.3953125 0.0671875 0.2125
0 0.68125 0.42421875 0.053125 0.13671875
0 0.84296875 0.54140625 0.07421875 0.21640625
0 0.78125 0.1296875 0.0515625 0.1453125
0 0.4953125 0.52265625 0.0734375 0.14140625
0 0.02109375 0.29453125 0.04140625 0.18984375
0 0.81171875 0.1265625 0.0484375 0.13828125
1 0.29296875 0.61953125 0.05234375 0.1328125
0 0.57421875 0.1921875 0.0453125 0.15234375
0 0.52578125 0.465625 0.0515625 0.121875
0 0.4625 0.2484375 0.05 0.12578125