0 0.64296875 0.59296875 0.04765625 0.14921875
0 0.74375 0.45859375 0.040625 0.13046875
0 0.5296875 0.5203125 0.05546875 0.11796875
1 0.79609375 0.50390625 0.03828125 0.15078125
0 0.25390625 0.5328125 0.04609375 0.13359375
0 0.228125 0.4515625 0.0453125 0.1390625
0 0.80625 0.3890625 0.04375 0.11953125
0 0.3109375 0.52421875 0.04609375 0.14453125
0 0.6578125 0.3859375 0.04140625 0.10625
0 0.51171875 0.44140625 0.04609375 0.121875
0 0.35078125 0.571875 0.06328125 0.1265625
1 0.64453125 0.328125 0.03515625 0.11640625
0 0.45859375 0.51640625 0.0546875 0.10390625
0 0.39921875 0.53984375 0.053125 0.1109375
0 0.42109375 0.44453125 0.04296875 0.09921875
0 0.4625 0.45703125 0.05 0.08515625
0 0.36796875 0.4703125 0.046875 0.1078125
0 0.47265625 0.50390625 0.05078125 0.10390625
0 0.32890625 0.49765625 0.04453125 0.12109375
0 0.42421875 0.52578125 0.0515625 0.10546875
0 0.340625 0.44921875 0.04453125 0.109375
0 0.25625 0.51171875 0.04375 0.11484375
0 0.3828125 0.4921875 0.04921875 0.10390625
0 0.3484375 0.5421875 0.05234375 0.11484375