0 0.521875 0.66015625 0.0421875 0.16953125
0 0.5953125 0.603125 0.04609375 0.16640625
0 0.3421875 0.55703125 0.0375 0.159375
0 0.65 0.67265625 0.04609375 0.171875
0 0.5453125 0.3921875 0.02578125 0.10859375
0 0.06640625 0.4875 0.03359375 0.16015625
0 0.11015625 0.51796875 0.040625 0.14453125
0 0.30859375 0.4265625 0.03046875 0.134375
0 0.65546875 0.39453125 0.02890625 0.13046875
0 0.24296875 0.4828125 0.03359375 0.16015625
0 0.10390625 0.46875 0.03515625 0.140625
0 0.14921875 0.534375 0.0375 0.16171875
0 0.6203125 0.4359375 0.028125 0.11796875
1 0.4515625 0.4921875 0.034375 0.14765625
0 0.56484375 0.42890625 0.09921875 0.0515625
1 0.4875 0.3234375 0.03515625 0.09921875
0 0.56875 0.42265625 0.03359375 0.11640625