0 0.82109375 0.575 0.0390625 0.14375
0 0.6328125 0.5671875 0.0390625 0.0796875
0 0.478125 0.46796875 0.03828125 0.12734375
0 0.54765625 0.54375 0.03984375 0.13984375
0 0.3140625 0.56484375 0.0390625 0.1390625
0 0.64296875 0.51328125 0.028125 0.125
0 0.6015625 0.5546875 0.04765625 0.0984375
0 0.51015625 0.50703125 0.03359375 0.13203125
0 0.45703125 0.5046875 0.04375 0.1421875
0 0.415625 0.5421875 0.025 0.1359375
1 0.08046875 0.6515625 0.046875 0.1640625
0 0.34765625 0.52421875 0.025 0.13671875
0 0.55 0.4546875 0.02578125 0.11953125
1 0.76953125 0.2515625 0.0203125 0.0828125
0 0.5796875 0.5390625 0.04453125 0.0953125
0 0.4203125 0.515625 0.028125 0.10703125
0 0.32421875 0.46875 0.02109375 0.12578125
1 0.3640625 0.45859375 0.03515625 0.11484375
0 0.31328125 0.5171875 0.0359375 0.115625
0 0.35546875 0.5 0.0234375 0.11484375
0 0.53359375 0.4484375 0.01796875 0.09765625
0 0.5234375 0.53671875 0.02578125 0.08671875
0 0.4296875 0.5640625 0.05078125 0.05
0 0.43515625 0.54921875 0.0375 0.0421875
0 0.33984375 0.4734375 0.021875 0.12890625