1 0.5359375 0.7984375 0.05234375 0.24140625
0 0.3859375 0.6796875 0.04453125 0.20703125
0 0.884375 0.759375 0.05859375 0.2484375
0 0.60625 0.7125 0.053125 0.228125
0 0.575 0.66015625 0.04453125 0.22890625
0 0.1078125 0.66328125 0.05078125 0.1984375
0 0.75 0.78671875 0.0484375 0.2484375
0 0.35703125 0.5703125 0.0375 0.19609375
0 0.171875 0.5484375 0.03828125 0.1859375
0 0.82265625 0.60703125 0.040625 0.1859375
0 0.5671875 0.5171875 0.03515625 0.17109375
0 0.7765625 0.70546875 0.0375 0.21953125
0 0.5359375 0.50859375 0.059375 0.10546875
0 0.5890625 0.921875 0.04765625 0.15546875
0 0.2875 0.51015625 0.0390625 0.17109375
0 0.31640625 0.51328125 0.0546875 0.159375
0 0.60703125 0.57421875 0.053125 0.159375
0 0.98359375 0.9375 0.0328125 0.11640625
1 0.340625 0.471875 0.02578125 0.15703125