0 0.8484375 0.54453125 0.05234375 0.165625
1 0.959375 0.47890625 0.034375 0.14453125
1 0.50546875 0.29453125 0.03515625 0.1171875
0 0.5921875 0.5484375 0.04921875 0.18359375
0 0.36484375 0.50859375 0.03671875 0.16484375
0 0.33203125 0.4703125 0.0328125 0.17421875
0 0.203125 0.36953125 0.0359375 0.12890625
0 0.21015625 0.51953125 0.03984375 0.17421875
0 0.1765625 0.4578125 0.0375 0.16171875
0 0.17421875 0.5359375 0.04296875 0.14609375
0 0.16015625 0.6078125 0.0578125 0.109375
0 0.128125 0.5875 0.046875 0.16953125
0 0.26640625 0.6796875 0.05234375 0.190625
0 0.1109375 0.51328125 0.0390625 0.14296875
0 0.11484375 0.4890625 0.0546875 0.15390625
0 0.096875 0.46171875 0.0484375 0.15390625
0 0.0625 0.40390625 0.0421875 0.12734375
0 0.0625 0.546875 0.0390625 0.16171875
0 0.03828125 0.5234375 0.0359375 0.1765625
1 0.0078125 0.4890625 0.015625 0.146875
0 0.00546875 0.440625 0.0109375 0.14453125