1 0.98046875 0.4890625 0.03828125 0.1546875
0 0.80234375 0.4796875 0.04765625 0.15078125
0 0.42109375 0.54375 0.04140625 0.11328125
0 0.4796875 0.4953125 0.03828125 0.1453125
0 0.4484375 0.44609375 0.0390625 0.121875
0 0.6125 0.55078125 0.0453125 0.121875
0 0.5125 0.4765625 0.0421875 0.1359375
0 0.425 0.4484375 0.04140625 0.12578125
0 0.73359375 0.51015625 0.05234375 0.121875
0 0.69765625 0.48125 0.0453125 0.1390625
0 0.646875 0.484375 0.04453125 0.125
0 0.628125 0.425 0.03828125 0.115625
1 0.5875 0.48359375 0.03828125 0.13203125
0 0.53828125 0.46953125 0.04140625 0.1421875
0 0.74140625 0.3953125 0.03828125 0.0984375
0 0.7015625 0.4328125 0.040625 0.11484375
0 0.71875 0.47421875 0.04453125 0.13046875
0 0.7203125 0.42109375 0.04140625 0.1
0 0.74375 0.4703125 0.04375 0.12578125
0 0.4375 0.44609375 0.040625 0.12734375
0 0.56328125 0.46015625 0.04140625 0.13203125
1 0.453125 0.38828125 0.03515625 0.121875
0 0.590625 0.44453125 0.03984375 0.1171875
0 0.62265625 0.48671875 0.0390625 0.11328125