0 0.2265625 0.39375 0.04375 0.146875
0 0.28515625 0.36484375 0.03125 0.1515625
0 0.4109375 0.37421875 0.0359375 0.13828125
0 0.184375 0.34921875 0.02578125 0.1375
0 0.3625 0.37734375 0.034375 0.125
0 0.578125 0.4546875 0.03359375 0.16015625
0 0.01171875 0.3609375 0.0234375 0.15
0 0.18359375 0.30234375 0.02265625 0.15234375
0 0.096875 0.3796875 0.0296875 0.14140625
1 0.1703125 0.85703125 0.05859375 0.21328125
0 0.465625 0.38046875 0.0328125 0.13828125
0 0.49609375 0.4234375 0.0390625 0.15390625
1 0.8421875 0.1875 0.0234375 0.09453125
0 0.559375 0.3609375 0.034375 0.13125
0 0.87734375 0.4375 0.04140625 0.1390625
0 0.0875 0.428125 0.04375 0.1515625
0 0.67734375 0.3734375 0.03125 0.1453125
0 0.06328125 0.415625 0.03359375 0.153125
0 0.91484375 0.4359375 0.03046875 0.15546875
0 0.69375 0.34921875 0.0265625 0.1265625
0 0.48515625 0.38203125 0.021875 0.13046875
1 0.33125 0.41171875 0.03125 0.1453125
1 0.48984375 0.1796875 0.021875 0.09296875
0 0.07578125 0.3546875 0.0234375 0.05625