0 0.31171875 0.34140625 0.02734375 0.11484375
0 0.15625 0.42734375 0.04609375 0.1359375
0 0.628125 0.58046875 0.04296875 0.16015625
0 0.8859375 0.53046875 0.04375 0.1484375
0 0.684375 0.40703125 0.02890625 0.1359375
0 0.6578125 0.48203125 0.03671875 0.14609375
0 0.0546875 0.44296875 0.03671875 0.13671875
0 0.44765625 0.403125 0.0328125 0.11796875
0 0.4921875 0.53359375 0.04453125 0.15078125
0 0.2046875 0.4140625 0.04296875 0.109375
0 0.365625 0.4484375 0.04296875 0.09140625
0 0.1328125 0.36171875 0.040625 0.10546875
1 0.534375 0.38046875 0.02734375 0.109375
1 0.46484375 0.253125 0.02578125 0.0984375
0 0.2953125 0.45703125 0.0375 0.0984375
0 0.4 0.44921875 0.0390625 0.1234375
0 0.3984375 0.37265625 0.03046875 0.09921875
1 0.04609375 0.31796875 0.028125 0.1
0 0.32109375 0.43046875 0.0375 0.08203125
0 0.25625 0.35234375 0.02890625 0.0953125
0 0.2796875 0.40234375 0.034375 0.06171875
0 0.23671875 0.43046875 0.0296875 0.0828125
0 0.27734375 0.44296875 0.03515625 0.0875
0 0.2296875 0.428125 0.0296875 0.12578125
0 0.271875 0.43359375 0.03046875 0.08359375