1 0.4296875 0.8546875 0.05703125 0.1953125
0 0.7140625 0.671875 0.04296875 0.125
1 0.8875 0.61015625 0.034375 0.1125
0 0.190625 0.74296875 0.02578125 0.13203125
0 0.24140625 0.71171875 0.0265625 0.13984375
0 0.21484375 0.69375 0.03203125 0.12109375
0 0.26015625 0.7078125 0.02421875 0.14609375
1 0.04140625 0.56796875 0.02578125 0.1046875
1 0.6953125 0.5765625 0.03359375 0.1015625
0 0.28515625 0.66484375 0.025 0.1296875
0 0.4796875 0.703125 0.03203125 0.15390625
0 0.24140625 0.678125 0.0203125 0.1359375
1 0.453125 0.59375 0.02890625 0.09453125
0 0.1921875 0.72109375 0.03125 0.10859375
0 0.31015625 0.68828125 0.03046875 0.1390625
0 0.321875 0.665625 0.03046875 0.15234375
0 0.35546875 0.61640625 0.02578125 0.0859375
0 0.35625 0.65546875 0.0171875 0.12734375
0 0.3484375 0.6734375 0.03125 0.14375
0 0.38828125 0.6859375 0.03515625 0.13984375
0 0.3953125 0.71015625 0.0265625 0.15078125
0 0.42265625 0.73046875 0.034375 0.12109375
0 0.41015625 0.64921875 0.02109375 0.08046875
0 0.4171875 0.6328125 0.02265625 0.09453125
0 0.44453125 0.63359375 0.0234375 0.09296875
0 0.459375 0.66484375 0.02890625 0.1375