1 0.37578125 0.42265625 0.0265625 0.15078125
1 0.8203125 0.259375 0.0203125 0.09453125
1 0.23984375 0.23984375 0.0171875 0.07578125
1 0.51015625 0.79921875 0.0640625 0.28671875
0 0.1078125 0.56484375 0.04921875 0.21484375
0 0.07109375 0.3875 0.0390625 0.12421875
0 0.52890625 0.30703125 0.03515625 0.10234375
0 0.59609375 0.3390625 0.02734375 0.12109375
0 0.7078125 0.34609375 0.021875 0.1265625
0 0.6890625 0.3109375 0.01640625 0.0984375
0 0.48984375 0.6203125 0.08984375 0.2359375
0 0.7875 0.44140625 0.05546875 0.1359375
0 0.84140625 0.4296875 0.04453125 0.11875
0 0.878125 0.45234375 0.0484375 0.13203125
0 0.95078125 0.43828125 0.0265625 0.1609375
0 0.78203125 0.47265625 0.0453125 0.15078125
0 0.74921875 0.50546875 0.0578125 0.13046875
0 0.70234375 0.51328125 0.07578125 0.1890625
0 0.6890625 0.5046875 0.03671875 0.171875
0 0.67578125 0.47109375 0.0515625 0.1640625
0 0.6671875 0.475 0.06015625 0.13984375
0 0.5859375 0.4625 0.0421875 0.1203125
0 0.540625 0.4875 0.04296875 0.1375
0 0.53984375 0.54296875 0.065625 0.13828125
0 0.525 0.5078125 0.03984375 0.1203125