0 0.53984375 0.51015625 0.021875 0.07890625
0 0.46171875 0.4515625 0.021875 0.15234375
1 0.53984375 0.35390625 0.02421875 0.10546875
0 0.603125 0.52109375 0.0359375 0.06953125
0 0.434375 0.51796875 0.025 0.12265625
1 0.0375 0.35234375 0.02109375 0.09765625
0 0.58359375 0.51328125 0.03203125 0.1296875
1 0.10703125 0.515625 0.0265625 0.12109375
0 0.7359375 0.49765625 0.02578125 0.11953125
0 0.46640625 0.47578125 0.03046875 0.125
0 0.653125 0.4625 0.02890625 0.11484375
0 0.18125 0.4296875 0.0265625 0.115625
0 0.35625 0.478125 0.0296875 0.11484375
1 0.78203125 0.47734375 0.03203125 0.125
0 0.6953125 0.51015625 0.02734375 0.11796875
0 0.559375 0.52734375 0.021875 0.12421875
0 0.29296875 0.40078125 0.03203125 0.1046875
0 0.56875 0.48359375 0.01875 0.07890625
0 0.64140625 0.51015625 0.04609375 0.10078125
0 0.5109375 0.47109375 0.0484375 0.07734375
0 0.48125 0.49296875 0.0296875 0.1296875
0 0.5109375 0.4875 0.03046875 0.1203125