0 0.72265625 0.7265625 0.04375 0.13203125
0 0.71953125 0.58828125 0.040625 0.1171875
0 0.13671875 0.74140625 0.06484375 0.1390625
0 0.3640625 0.7765625 0.05390625 0.15
1 0.76953125 0.5984375 0.0328125 0.13515625
0 0.5765625 0.59765625 0.040625 0.11640625
0 0.5078125 0.5640625 0.05546875 0.1046875
0 0.9765625 0.56640625 0.0359375 0.1140625
0 0.23828125 0.646875 0.04609375 0.11328125
0 0.5546875 0.52890625 0.03984375 0.11640625
0 0.465625 0.584375 0.0578125 0.103125
0 0.209375 0.53046875 0.040625 0.1140625
0 0.39453125 0.62734375 0.0484375 0.13828125
0 0.30546875 0.55859375 0.040625 0.1078125
1 0.72890625 0.415625 0.0296875 0.1
0 0.81484375 0.4703125 0.034375 0.09765625
0 0.625 0.4375 0.03359375 0.10234375
0 0.4234375 0.59375 0.05390625 0.115625
0 0.49765625 0.51953125 0.04296875 0.08984375
0 0.440625 0.38671875 0.03046875 0.09140625
0 0.4578125 0.5328125 0.04296875 0.0890625
0 0.39921875 0.5765625 0.0453125 0.0984375
0 0.42578125 0.55234375 0.04609375 0.0828125
0 0.46328125 0.5203125 0.0421875 0.0859375