1 0.92265625 0.5765625 0.04453125 0.1640625
0 0.29140625 0.4359375 0.028125 0.13203125
0 0.39453125 0.47109375 0.03515625 0.13359375
0 0.36796875 0.40859375 0.02421875 0.1171875
1 0.52109375 0.3234375 0.03046875 0.10703125
0 0.65234375 0.48046875 0.03515625 0.13046875
0 0.84609375 0.61484375 0.046875 0.16640625
0 0.86640625 0.56171875 0.0359375 0.10390625
1 0.36875 0.48515625 0.0375 0.12421875
1 0.2453125 0.37734375 0.03125 0.1140625
0 0.23125 0.396875 0.0328125 0.1171875
1 0.55625 0.46640625 0.0328125 0.12421875
0 0.565625 0.45234375 0.0296875 0.13828125
0 0.1953125 0.3578125 0.02890625 0.115625
0 0.54140625 0.44375 0.025 0.13984375
0 0.528125 0.47890625 0.040625 0.12265625
0 0.4546875 0.46640625 0.02578125 0.134375
0 0.48203125 0.4875 0.0359375 0.08671875
0 0.5203125 0.475 0.03515625 0.12265625