0 0.203125 0.453125 0.04375 0.15703125
0 0.5515625 0.5359375 0.046875 0.165625
0 0.4921875 0.45390625 0.04375 0.16015625
0 0.5140625 0.4375 0.04375 0.16015625
0 0.34453125 0.42265625 0.040625 0.1609375
0 0.89609375 0.5109375 0.04375 0.16953125
0 0.796875 0.5265625 0.046875 0.16015625
0 0.10703125 0.453125 0.0390625 0.159375
0 0.58984375 0.41171875 0.0421875 0.159375
0 0.315625 0.43828125 0.04296875 0.15546875
0 0.56875 0.459375 0.04921875 0.17265625
0 0.3453125 0.40078125 0.03984375 0.16640625
0 0.65234375 0.484375 0.0546875 0.16640625
0 0.78984375 0.46640625 0.04375 0.15546875
1 0.98046875 0.25859375 0.03203125 0.1015625
0 0.625 0.47890625 0.03984375 0.16171875
0 0.9 0.484375 0.04140625 0.14140625
0 0.61875 0.43125 0.02734375 0.1578125
1 0.63671875 0.45546875 0.0234375 0.16328125
0 0.434375 0.3640625 0.01796875 0.13203125
0 0.44375 0.38125 0.01875 0.1484375
0 0.44921875 0.39609375 0.0296875 0.15078125
0 0.42421875 0.40859375 0.0265625 0.146875
0 0.39921875 0.4203125 0.0359375 0.1546875