0 0.8484375 0.71484375 0.0296875 0.1671875
0 0.5609375 0.715625 0.05859375 0.1625
0 0.39296875 0.57421875 0.03984375 0.125
0 0.8078125 0.52109375 0.0265625 0.128125
0 0.59375 0.54609375 0.03515625 0.10390625
0 0.46796875 0.5203125 0.0484375 0.07265625
0 0.63359375 0.46640625 0.0375 0.08671875
1 0.79375 0.9 0.0359375 0.17421875
0 0.284375 0.50625 0.0296875 0.10234375
0 0.4921875 0.47734375 0.0296875 0.08515625
0 0.48203125 0.43203125 0.025 0.0953125
0 0.42890625 0.49140625 0.03671875 0.065625
0 0.41875 0.37734375 0.02109375 0.07265625
0 0.33671875 0.46640625 0.0328125 0.0703125
0 0.3828125 0.521875 0.03359375 0.0796875
0 0.41171875 0.4640625 0.0328125 0.06484375
0 0.35 0.478125 0.03359375 0.07421875
1 0.6015625 0.4375 0.02890625 0.0875
1 0.68515625 0.32734375 0.01640625 0.07890625
0 0.27734375 0.384375 0.034375 0.08359375
0 0.59453125 0.4015625 0.0203125 0.0984375
0 0.36875 0.50234375 0.03203125 0.08203125
0 0.24140625 0.47578125 0.0234375 0.121875
0 0.23515625 0.47109375 0.02265625 0.1
1 0.278125 0.35 0.01875 0.090625
0 0.371875 0.4828125 0.03515625 0.0625