0 0.51796875 0.58046875 0.04921875 0.090625
0 0.3828125 0.615625 0.04140625 0.09140625
0 0.22734375 0.65546875 0.0515625 0.13203125
0 0.11875 0.740625 0.05234375 0.1625
0 0.590625 0.6125 0.03984375 0.10703125
0 0.4171875 0.64609375 0.04375 0.12890625
0 0.696875 0.7125 0.03359375 0.14609375
0 0.29921875 0.56015625 0.03046875 0.1203125
0 0.47421875 0.61015625 0.04921875 0.0859375
0 0.3671875 0.79296875 0.05 0.14609375
0 0.93515625 0.56953125 0.03359375 0.11796875
0 0.56875 0.5375 0.03984375 0.11171875
0 0.82421875 0.48046875 0.0328125 0.1
0 0.62578125 0.44609375 0.02734375 0.1015625
0 0.2046875 0.54453125 0.0375 0.11171875
0 0.55234375 0.41015625 0.03203125 0.09375
0 0.44453125 0.61953125 0.04921875 0.0953125
0 0.490625 0.54609375 0.0421875 0.0734375
1 0.76484375 0.60546875 0.03203125 0.13203125
0 0.459375 0.5625 0.0421875 0.0671875
0 0.7859375 0.60078125 0.03203125 0.1234375
0 0.425 0.57109375 0.0421875 0.0671875
1 0.7359375 0.4265625 0.02890625 0.09921875
0 0.46875 0.5453125 0.040625 0.06015625
0 0.46171875 0.5484375 0.040625 0.05859375