0 0.17734375 0.60625 0.0421875 0.17265625
0 0.5828125 0.4703125 0.03515625 0.12890625
1 0.475 0.3265625 0.02734375 0.10390625
0 0.1328125 0.55546875 0.03828125 0.09765625
0 0.33359375 0.47578125 0.03671875 0.13359375
0 0.69765625 0.43828125 0.02890625 0.13046875
1 0.61015625 0.478125 0.03203125 0.125
1 0.0890625 0.56484375 0.03828125 0.1625
0 0.61484375 0.40546875 0.0296875 0.11328125
1 0.74296875 0.3765625 0.034375 0.1328125
0 0.5375 0.465625 0.0234375 0.12578125
0 0.7546875 0.4015625 0.0265625 0.11328125
0 0.478125 0.4921875 0.03828125 0.0984375
0 0.5125 0.4859375 0.03359375 0.08515625
0 0.50859375 0.48203125 0.0328125 0.08203125
0 0.42265625 0.4453125 0.028125 0.13203125
0 0.48046875 0.47265625 0.02421875 0.1265625
0 0.4578125 0.4359375 0.0296875 0.1296875
0 0.46796875 0.4640625 0.02734375 0.121875
1 0.44375 0.46484375 0.02734375 0.12421875
0 0.796875 0.35625 0.02734375 0.10625