0 0.79921875 0.3828125 0.0421875 0.096875
0 0.8625 0.42578125 0.046875 0.10859375
0 0.26328125 0.4625 0.0484375 0.121875
0 0.89765625 0.42578125 0.03203125 0.1171875
0 0.32734375 0.38828125 0.03671875 0.090625
0 0.47265625 0.4171875 0.03515625 0.11953125
0 0.54765625 0.4328125 0.04609375 0.121875
1 0.259375 0.3 0.021875 0.075
0 0.57890625 0.43515625 0.03203125 0.1140625
0 0.4125 0.39921875 0.02890625 0.1109375
0 0.715625 0.42734375 0.03203125 0.11640625
0 0.77734375 0.41796875 0.0390625 0.10625
0 0.69453125 0.4546875 0.0484375 0.11484375
0 0.7625 0.39375 0.02734375 0.071875
0 0.66484375 0.44296875 0.034375 0.10625
0 0.63984375 0.396875 0.02421875 0.096875
0 0.684375 0.415625 0.034375 0.10078125
0 0.5484375 0.3953125 0.0375 0.0953125
0 0.65390625 0.38359375 0.021875 0.08984375
0 0.65625 0.40078125 0.028125 0.090625
0 0.4078125 0.37734375 0.0359375 0.0953125
0 0.5859375 0.4109375 0.025 0.109375