0 0.96015625 0.58671875 0.05078125 0.15625
0 0.321875 0.46875 0.0296875 0.109375
0 0.37421875 0.434375 0.046875 0.096875
0 0.58671875 0.47421875 0.046875 0.08671875
0 0.30390625 0.3765625 0.034375 0.10703125
0 0.97734375 0.534375 0.04453125 0.1578125
0 0.19921875 0.38984375 0.03828125 0.11328125
0 0.5375 0.46171875 0.0484375 0.08828125
1 0.43125 0.2953125 0.02578125 0.096875
0 0.64140625 0.44375 0.0375 0.115625
1 0.70625 0.4234375 0.03359375 0.0953125
0 0.52265625 0.4125 0.03671875 0.08515625
0 0.4921875 0.4671875 0.0390625 0.08515625
0 0.02890625 0.33515625 0.0375 0.1
0 0.4203125 0.4453125 0.0375 0.09140625
1 0.02109375 0.46875 0.0328125 0.1203125
0 0.45234375 0.440625 0.03984375 0.078125
0 0.4265625 0.44296875 0.03203125 0.10390625
0 0.39921875 0.41171875 0.03046875 0.05546875
0 0.40703125 0.43984375 0.0390625 0.09453125
0 0.465625 0.48984375 0.05546875 0.09921875
0 0.46953125 0.45078125 0.03671875 0.07265625
0 0.50625 0.4578125 0.0359375 0.08125
0 0.1078125 0.32578125 0.02578125 0.09765625