0 0.9046875 0.63203125 0.0390625 0.1265625
0 0.8578125 0.65703125 0.0390625 0.14609375
0 0.225 0.70859375 0.0390625 0.1671875
0 0.7796875 0.72890625 0.03203125 0.16953125
1 0.70703125 0.7734375 0.0359375 0.18828125
0 0.9359375 0.4921875 0.03203125 0.12265625
0 0.30703125 0.7046875 0.03984375 0.16875
0 0.31796875 0.6234375 0.0359375 0.1203125
1 0.94453125 0.371875 0.025 0.0953125
1 0.01015625 0.509375 0.0203125 0.146875
0 0.34765625 0.703125 0.0421875 0.1046875
0 0.3875 0.8 0.03515625 0.1828125
0 0.375 0.72578125 0.03828125 0.17734375
0 0.4078125 0.62734375 0.0203125 0.15625
0 0.41171875 0.5828125 0.0359375 0.11015625
0 0.4578125 0.71484375 0.07578125 0.103125
0 0.44765625 0.6625 0.0421875 0.1
0 0.4640625 0.62578125 0.04140625 0.08828125
0 0.503125 0.6078125 0.04296875 0.1015625
0 0.515625 0.67421875 0.05625 0.0984375
0 0.57734375 0.634375 0.05703125 0.08203125
0 0.62421875 0.57734375 0.0328125 0.1390625
0 0.64765625 0.67109375 0.0375 0.14140625
0 0.7015625 0.465625 0.04296875 0.12890625