1 0.9734375 0.4890625 0.03828125 0.15390625
0 0.80703125 0.48125 0.04765625 0.153125
0 0.41171875 0.45703125 0.040625 0.13828125
0 0.44296875 0.44921875 0.03984375 0.1265625
0 0.47578125 0.49765625 0.03671875 0.1484375
0 0.434375 0.55859375 0.04765625 0.10546875
0 0.62265625 0.55859375 0.0453125 0.128125
0 0.74375 0.503125 0.03828125 0.1296875
0 0.603125 0.50703125 0.0421875 0.13828125
0 0.6484375 0.47265625 0.03984375 0.1296875
0 0.74375 0.3921875 0.03203125 0.08671875
0 0.6796875 0.48671875 0.0390625 0.11796875
1 0.45078125 0.384375 0.03515625 0.12265625
0 0.74453125 0.43828125 0.0375 0.0953125
0 0.521875 0.48046875 0.0453125 0.13984375
0 0.55390625 0.465625 0.040625 0.14140625
0 0.71171875 0.49140625 0.0421875 0.115625
0 0.7375 0.42109375 0.03671875 0.090625
0 0.69921875 0.425 0.0359375 0.09765625
0 0.6078125 0.415625 0.0359375 0.10546875
0 0.68125 0.45859375 0.03671875 0.11640625
0 0.68515625 0.42421875 0.03515625 0.09375
0 0.578125 0.4703125 0.0390625 0.134375
0 0.69921875 0.5 0.04375 0.1125