0 0.84765625 0.56171875 0.05625 0.1765625
0 0.69609375 0.646875 0.05546875 0.178125
0 0.7796875 0.484375 0.04765625 0.146875
0 0.89765625 0.53125 0.05234375 0.16953125
0 0.31875 0.53125 0.05234375 0.1296875
0 0.6203125 0.49765625 0.05234375 0.1625
0 0.9625 0.525 0.05625 0.1796875
0 0.6546875 0.4640625 0.04609375 0.1625
1 0.99140625 0.4578125 0.0171875 0.14140625
1 0.44296875 0.29296875 0.03359375 0.1203125
0 0.946875 0.4125 0.0453125 0.1328125
0 0.84375 0.47265625 0.04921875 0.134375
0 0.753125 0.440625 0.04453125 0.146875
1 0.01328125 0.471875 0.0265625 0.14375
0 0.8984375 0.37109375 0.04375 0.12109375
0 0.18984375 0.50390625 0.0421875 0.134375
0 0.746875 0.34921875 0.040625 0.12265625
0 0.709375 0.48984375 0.0546875 0.16953125
0 0.89140625 0.459375 0.0484375 0.11171875
0 0.89140625 0.4078125 0.04609375 0.1140625