0 0.4921875 0.5671875 0.059375 0.19375
0 0.57890625 0.584375 0.05625 0.20234375
0 0.41953125 0.4140625 0.05234375 0.1640625
0 0.8640625 0.24609375 0.040625 0.13125
0 0.93984375 0.3921875 0.0484375 0.1734375
0 0.7125 0.5375 0.05390625 0.190625
0 0.9734375 0.5625 0.05234375 0.19375
0 0.5234375 0.625 0.06171875 0.20234375
0 0.63828125 0.56796875 0.0546875 0.203125
0 0.7859375 0.278125 0.04453125 0.13828125
0 0.85078125 0.43203125 0.05390625 0.16640625
0 0.73515625 0.33203125 0.04453125 0.1578125
0 0.453125 0.36640625 0.05 0.165625
0 0.4109375 0.63203125 0.065625 0.21640625
0 0.5625 0.28984375 0.0421875 0.1296875
0 0.5671875 0.43515625 0.05625 0.1640625
1 0.88515625 0.12578125 0.03671875 0.11015625
0 0.709375 0.41484375 0.04609375 0.1734375
0 0.53359375 0.5109375 0.0578125 0.18203125
0 0.99453125 0.39375 0.0109375 0.13828125