0 0.1078125 0.6453125 0.0546875 0.16171875
0 0.21484375 0.68671875 0.0828125 0.196875
0 0.41640625 0.778125 0.0765625 0.1953125
0 0.57421875 0.42734375 0.0359375 0.14453125
0 0.6859375 0.6765625 0.05625 0.16328125
0 0.621875 0.65546875 0.05078125 0.16328125
0 0.6296875 0.3984375 0.0390625 0.1359375
0 0.76171875 0.3765625 0.02578125 0.13203125
0 0.22109375 0.4078125 0.03125 0.12265625
1 0.3125 0.44765625 0.034375 0.14375
0 0.71171875 0.4 0.03515625 0.13671875
0 0.075 0.43125 0.0359375 0.13671875
0 0.1578125 0.31953125 0.0296875 0.11484375
0 0.86796875 0.38203125 0.04765625 0.12109375
0 0.6921875 0.44921875 0.03203125 0.13046875
0 0.6109375 0.4 0.0328125 0.125
1 0.9859375 0.78671875 0.02734375 0.2078125
1 0.83828125 0.271875 0.0265625 0.10390625
0 0.02734375 0.43125 0.04140625 0.12890625
1 0.23046875 0.20078125 0.02734375 0.0921875
0 0.79140625 0.365625 0.03046875 0.1296875
0 0.81640625 0.37109375 0.028125 0.1234375
0 0.80625 0.30390625 0.01796875 0.03515625
0 0.83046875 0.36640625 0.01640625 0.128125