1 0.2765625 0.55859375 0.0375 0.1140625
0 0.084375 0.865625 0.05703125 0.19140625
0 0.3765625 0.56953125 0.03515625 0.11640625
0 0.4625 0.56015625 0.040625 0.12109375
0 0.146875 0.8859375 0.05390625 0.18359375
0 0.771875 0.5453125 0.046875 0.1125
0 0.01875 0.771875 0.03671875 0.153125
1 0.253125 0.42578125 0.02734375 0.0984375
0 0.5359375 0.5484375 0.040625 0.11640625
0 0.503125 0.54921875 0.0390625 0.11796875
0 0.6515625 0.5359375 0.03203125 0.1
0 0.05 0.79609375 0.053125 0.15859375
0 0.0625 0.56875 0.0375 0.1125
0 0.734375 0.54375 0.0453125 0.1125
0 0.05 0.5140625 0.0359375 0.1109375
1 0.7546875 0.459375 0.03203125 0.1
0 0.090625 0.5546875 0.04296875 0.10703125
0 0.59921875 0.49921875 0.040625 0.115625
0 0.6140625 0.54140625 0.03984375 0.0859375
0 0.6296875 0.53125 0.03515625 0.084375
0 0.51953125 0.534375 0.0359375 0.1015625
0 0.7390625 0.503125 0.0390625 0.10703125
0 0.6046875 0.49296875 0.02421875 0.08828125