0 0.390625 0.6921875 0.0609375 0.15703125
0 0.5921875 0.6234375 0.04765625 0.159375
0 0.3234375 0.58359375 0.04453125 0.15859375
0 0.640625 0.678125 0.04765625 0.175
0 0.48125 0.43515625 0.04296875 0.11796875
0 0.0640625 0.5296875 0.03828125 0.140625
0 0.13359375 0.5328125 0.06328125 0.15625
0 0.325 0.42890625 0.0359375 0.121875
0 0.65625 0.38359375 0.04140625 0.1015625
0 0.275 0.484375 0.040625 0.153125
0 0.16953125 0.484375 0.04765625 0.1453125
0 0.57734375 0.4625 0.02734375 0.12890625
0 0.18046875 0.47109375 0.01796875 0.13515625
0 0.609375 0.40859375 0.0375 0.08515625
1 0.55859375 0.49453125 0.03125 0.1296875
0 0.61015625 0.37265625 0.02421875 0.07890625
1 0.50390625 0.31484375 0.025 0.09453125
0 0.63125 0.38984375 0.0265625 0.08203125