0 0.80546875 0.51640625 0.0375 0.103125
1 0.18984375 0.33984375 0.03046875 0.10546875
0 0.89609375 0.58359375 0.0421875 0.15625
1 0.48828125 0.3046875 0.02421875 0.096875
0 0.31640625 0.42734375 0.028125 0.11015625
0 0.45 0.43046875 0.02734375 0.115625
0 0.32109375 0.38125 0.025 0.11328125
0 0.46875 0.45390625 0.03984375 0.09296875
1 0.9265625 0.54453125 0.03359375 0.15859375
0 0.56640625 0.44921875 0.0296875 0.1140625
1 0.2890625 0.46015625 0.03203125 0.10859375
0 0.28984375 0.390625 0.02421875 0.10859375
0 0.53828125 0.41171875 0.021875 0.12578125
1 0.56171875 0.434375 0.0328125 0.11328125
0 0.24296875 0.3546875 0.0234375 0.10390625
0 0.49609375 0.4546875 0.0390625 0.09609375
0 0.52109375 0.43828125 0.02578125 0.121875
0 0.503125 0.41640625 0.03359375 0.08984375
0 0.4953125 0.4421875 0.02578125 0.128125
0 0.20546875 0.33671875 0.02421875 0.1015625