1 0.98046875 0.29609375 0.0390625 0.1390625
0 0.33671875 0.346875 0.0515625 0.12890625
0 0.29609375 0.5328125 0.0640625 0.1625
0 0.7578125 0.26875 0.05078125 0.14296875
0 0.809375 0.4828125 0.06171875 0.1765625
1 0.0515625 0.525 0.05 0.18359375
0 0.47109375 0.4703125 0.0546875 0.1375
0 0.625 0.2859375 0.0421875 0.13359375
0 0.5640625 0.403125 0.05859375 0.14453125
0 0.9078125 0.390625 0.06171875 0.17109375
1 0.328125 0.08671875 0.0375 0.11796875
1 0.6609375 0.840625 0.05703125 0.190625
0 0.4890625 0.3765625 0.05234375 0.15
0 0.0578125 0.3171875 0.04921875 0.12890625
0 0.5375 0.35625 0.04453125 0.14609375
0 0.13515625 0.190625 0.0359375 0.115625
0 0.11640625 0.66171875 0.05625 0.18203125
0 0.06796875 0.20078125 0.0421875 0.12109375
0 0.76953125 0.48125 0.0640625 0.1625
0 0.73671875 0.434375 0.0859375 0.16953125
0 0.6796875 0.3953125 0.065625 0.1484375
0 0.71953125 0.35859375 0.0328125 0.16640625