0 0.85390625 0.478125 0.0421875 0.14453125
0 0.0859375 0.3734375 0.0359375 0.13125
0 0.4765625 0.40078125 0.03359375 0.13203125
0 0.7125 0.40390625 0.0359375 0.1390625
1 0.81328125 0.24609375 0.0265625 0.103125
1 0.1640625 0.86328125 0.1046875 0.2578125
1 0.44765625 0.2421875 0.03515625 0.10390625
0 0.05 0.465625 0.03125 0.15234375
0 0.2703125 0.45234375 0.0453125 0.14609375
0 0.6359375 0.43203125 0.0390625 0.13359375
0 0.5625 0.459375 0.03125 0.13828125
0 0.5671875 0.4984375 0.04140625 0.15859375
0 0.34296875 0.478125 0.0484375 0.14921875
0 0.0375 0.39765625 0.03125 0.1484375
0 0.30859375 0.41328125 0.02265625 0.13984375
0 0.3828125 0.4140625 0.03984375 0.14140625
0 0.30234375 0.43125 0.0375 0.12890625
0 0.37890625 0.465625 0.0265625 0.15234375
0 0.015625 0.47421875 0.03125 0.1609375
0 0.38046875 0.45 0.04453125 0.12109375
1 0.34375 0.43125 0.03359375 0.11640625
0 0.03515625 0.41875 0.02578125 0.1453125
0 0.6328125 0.415625 0.01640625 0.10859375
0 0.63828125 0.3953125 0.02265625 0.10703125