1 0.69453125 0.6953125 0.0390625 0.16328125
0 0.25703125 0.7046875 0.03984375 0.15390625
0 0.35078125 0.68671875 0.04296875 0.1734375
0 0.3125 0.7484375 0.046875 0.17578125
0 0.58671875 0.65859375 0.0375 0.1484375
0 0.128125 0.6515625 0.040625 0.15078125
0 0.50703125 0.559375 0.0375 0.13203125
1 0.940625 0.49453125 0.0296875 0.1015625
0 0.1203125 0.59921875 0.04375 0.1375
0 0.0359375 0.71015625 0.04375 0.15703125
0 0.24140625 0.65390625 0.03984375 0.15390625
0 0.53046875 0.5359375 0.03515625 0.13203125
0 0.02265625 0.62578125 0.040625 0.1375
0 0.55546875 0.5265625 0.0390625 0.13671875
1 0.4390625 0.5140625 0.02890625 0.1109375
0 0.62890625 0.53125 0.02890625 0.1390625
0 0.46953125 0.5203125 0.02890625 0.11171875
0 0.46015625 0.53671875 0.02578125 0.09921875