0 0.465625 0.646875 0.05703125 0.14140625
1 0.428125 0.47578125 0.0375 0.12109375
0 0.128125 0.56328125 0.04375 0.13203125
0 0.5171875 0.43515625 0.03984375 0.090625
0 0.5171875 0.62265625 0.04375 0.12890625
1 0.1671875 0.7453125 0.0453125 0.1734375
0 0.6578125 0.55 0.0421875 0.1109375
0 0.56171875 0.55625 0.0328125 0.10703125
0 0.728125 0.56953125 0.0375 0.10859375
1 0.7296875 0.2625 0.0234375 0.08359375
0 0.5265625 0.546875 0.03203125 0.0953125
0 0.753125 0.55078125 0.03515625 0.11875
0 0.7015625 0.50546875 0.034375 0.11484375
0 0.60859375 0.57734375 0.0375 0.11015625
0 0.73125 0.50234375 0.02890625 0.0984375
0 0.54921875 0.53515625 0.03359375 0.0890625
0 0.70390625 0.4171875 0.0265625 0.08671875
0 0.634375 0.521875 0.03125 0.10234375
0 0.7359375 0.4765625 0.021875 0.08828125
0 0.6859375 0.4609375 0.028125 0.0890625
0 0.603125 0.503125 0.02734375 0.10859375
0 0.62421875 0.57109375 0.03359375 0.10625
0 0.5734375 0.54296875 0.02890625 0.09375
0 0.65078125 0.521875 0.02734375 0.1125
0 0.7203125 0.47890625 0.0140625 0.08203125