0 0.48828125 0.39375 0.0375 0.13203125
1 0.8390625 0.865625 0.0625 0.25859375
0 0.26796875 0.39921875 0.03671875 0.146875
0 0.13828125 0.4859375 0.04140625 0.15
0 0.72578125 0.43046875 0.04140625 0.146875
0 0.9828125 0.4734375 0.034375 0.1625
0 0.321875 0.43046875 0.04609375 0.14296875
1 0.15859375 0.23828125 0.03359375 0.10546875
0 0.63828125 0.46875 0.05625 0.15
0 0.35390625 0.40390625 0.03046875 0.14453125
1 0.540625 0.23359375 0.0296875 0.09765625
0 0.403125 0.46328125 0.040625 0.15859375
0 0.4234375 0.50390625 0.04609375 0.1625
0 0.58203125 0.43515625 0.0421875 0.153125
0 0.96484375 0.46015625 0.0375 0.153125
0 0.5828125 0.4078125 0.04609375 0.15
0 0.9296875 0.371875 0.02890625 0.13515625
0 0.93515625 0.4140625 0.034375 0.14921875
0 0.64921875 0.4 0.02890625 0.1171875
0 0.9578125 0.384375 0.02265625 0.14296875
0 0.68828125 0.48046875 0.04921875 0.1546875
0 0.6671875 0.45234375 0.03828125 0.153125
1 0.6484375 0.425 0.03125 0.128125