0 0.36328125 0.7640625 0.05078125 0.146875
0 0.5078125 0.56328125 0.046875 0.090625
0 0.11796875 0.721875 0.06015625 0.15078125
0 0.5765625 0.59609375 0.040625 0.1046875
0 0.6921875 0.709375 0.0453125 0.13046875
1 0.7609375 0.59296875 0.0296875 0.13359375
0 0.465625 0.5921875 0.0515625 0.084375
0 0.7125 0.58125 0.0390625 0.11328125
0 0.3765625 0.59921875 0.03984375 0.08515625
0 0.30546875 0.55078125 0.03671875 0.109375
0 0.2265625 0.634375 0.04921875 0.13125
0 0.95390625 0.56015625 0.03359375 0.11328125
0 0.55546875 0.5234375 0.0390625 0.10859375
0 0.20546875 0.52890625 0.0359375 0.11015625
0 0.8046875 0.46640625 0.03203125 0.09609375
1 0.7203125 0.41328125 0.02890625 0.09921875
0 0.609375 0.43515625 0.03203125 0.0984375
0 0.3984375 0.63046875 0.04296875 0.11953125
0 0.43671875 0.603125 0.04765625 0.0859375
0 0.41484375 0.57734375 0.04140625 0.075
0 0.44765625 0.54609375 0.04296875 0.06484375
0 0.4828125 0.53203125 0.04140625 0.075
0 0.43828125 0.38515625 0.02734375 0.08671875
0 0.415625 0.5515625 0.03828125 0.06015625
0 0.46015625 0.53125 0.040625 0.0609375
0 0.4203125 0.590625 0.04296875 0.07890625