0 0.66953125 0.74609375 0.07265625 0.196875
0 0.96015625 0.615625 0.07109375 0.1921875
0 0.48671875 0.6609375 0.05 0.209375
0 0.72265625 0.30078125 0.03359375 0.1234375
0 0.87109375 0.6515625 0.03984375 0.203125
0 0.80859375 0.35234375 0.0296875 0.14140625
0 0.54921875 0.275 0.0296875 0.11953125
1 0.12578125 0.31328125 0.0390625 0.13828125
0 0.0125 0.3546875 0.025 0.146875
0 0.6828125 0.259375 0.0265625 0.115625
0 0.01875 0.30625 0.03046875 0.13828125
1 0.3015625 0.1828125 0.03046875 0.10546875
0 0.9953125 0.621875 0.009375 0.146875