0 0.5703125 0.62890625 0.03671875 0.14375
0 0.3859375 0.66015625 0.04453125 0.159375
1 0.66875 0.65546875 0.03671875 0.1515625
0 0.2296875 0.6265625 0.03359375 0.146875
1 0.84140625 0.47890625 0.03046875 0.109375
0 0.33515625 0.71328125 0.03984375 0.15625
0 0.1703125 0.60546875 0.03671875 0.14921875
0 0.2046875 0.56640625 0.03671875 0.12578125
0 0.596875 0.5203125 0.025 0.1296875
0 0.26328125 0.6625 0.034375 0.15078125
0 0.51796875 0.51640625 0.0359375 0.128125
0 0.55625 0.52578125 0.0328125 0.12421875
0 0.4625 0.52421875 0.03046875 0.14453125
0 0.04140625 0.67421875 0.03828125 0.1390625
0 0.325 0.64609375 0.0359375 0.1296875
0 0.4296875 0.515625 0.03359375 0.11015625
0 0.009375 0.68046875 0.01875 0.1296875
0 0.3296875 0.61640625 0.034375 0.10625
1 0.62265625 0.47890625 0.02109375 0.09375
0 0.48984375 0.46953125 0.02421875 0.10625
0 0.05078125 0.58671875 0.03984375 0.1109375