0 0.3015625 0.61015625 0.05078125 0.1421875
0 0.515625 0.43203125 0.04296875 0.11640625
0 0.56171875 0.83125 0.0546875 0.1828125
0 0.3796875 0.50078125 0.04765625 0.12421875
0 0.53046875 0.70078125 0.053125 0.159375
0 0.6484375 0.6921875 0.06171875 0.125
0 0.840625 0.81484375 0.07890625 0.1765625
0 0.2703125 0.44296875 0.04296875 0.11796875
0 0.62109375 0.646875 0.05390625 0.1203125
0 0.8859375 0.5765625 0.03515625 0.14375
0 0.1671875 0.56796875 0.05078125 0.14140625
0 0.7390625 0.5734375 0.03984375 0.15703125
0 0.57578125 0.634375 0.05234375 0.115625
1 0.09921875 0.62578125 0.046875 0.175
0 0.45078125 0.584375 0.05859375 0.1015625
0 0.2765625 0.68125 0.05078125 0.15546875
0 0.36171875 0.34375 0.03828125 0.1015625
0 0.46875 0.621875 0.06796875 0.1171875
1 0.28828125 0.29375 0.0296875 0.10859375
0 0.49609375 0.6375 0.0578125 0.1078125
0 0.2109375 0.3484375 0.03046875 0.109375
1 0.7796875 0.9140625 0.053125 0.1640625
0 0.5328125 0.5984375 0.053125 0.09296875
0 0.53125 0.54921875 0.04921875 0.0671875
0 0.534375 0.57734375 0.05078125 0.0765625