0 0.340625 0.68359375 0.03828125 0.0859375
1 0.846875 0.61953125 0.02734375 0.1140625
0 0.365625 0.68125 0.03515625 0.090625
1 0.69921875 0.59375 0.0296875 0.1125
0 0.1640625 0.709375 0.03828125 0.121875
0 0.309375 0.67421875 0.0390625 0.10703125
0 0.61015625 0.70625 0.0390625 0.1234375
0 0.5265625 0.64453125 0.03125 0.10546875
0 0.53828125 0.709375 0.04375 0.075
0 0.5015625 0.7 0.03828125 0.078125
0 0.278125 0.72734375 0.03359375 0.090625
0 0.39140625 0.68203125 0.034375 0.096875
0 0.6734375 0.69609375 0.02890625 0.125
0 0.48125 0.721875 0.0359375 0.09453125
0 0.39453125 0.634375 0.03125 0.0984375
0 0.478125 0.640625 0.03125 0.0875
0 0.428125 0.6890625 0.03671875 0.08046875
0 0.4515625 0.69609375 0.03828125 0.0859375
1 0.6234375 0.6734375 0.0359375 0.1140625
0 0.584375 0.69296875 0.03671875 0.121875
0 0.60703125 0.66171875 0.0328125 0.109375
0 0.5671875 0.67734375 0.03203125 0.10703125
0 0.471875 0.7 0.03515625 0.08359375
0 0.4375 0.675 0.03515625 0.0640625
0 0.571875 0.6953125 0.034375 0.115625
0 0.58046875 0.7578125 0.0265625 0.109375
0 0.4765625 0.6921875 0.03359375 0.07109375