0 0.3125 0.45703125 0.040625 0.1234375
0 0.25703125 0.44765625 0.03515625 0.1328125
0 0.1875 0.76328125 0.059375 0.1734375
0 0.4140625 0.51171875 0.05078125 0.14609375
0 0.20234375 0.48359375 0.0421875 0.15546875
0 0.50234375 0.39765625 0.0421875 0.11953125
0 0.5046875 0.64609375 0.03828125 0.15859375
0 0.56875 0.3875 0.046875 0.10859375
0 0.484375 0.73984375 0.04296875 0.19375
0 0.6421875 0.409375 0.0265625 0.11171875
0 0.15390625 0.484375 0.04140625 0.14453125
1 0.51015625 0.29921875 0.028125 0.1
0 0.16796875 0.475 0.0328125 0.1390625
0 0.0078125 0.44609375 0.015625 0.09609375
0 0.04765625 0.44375 0.03984375 0.14140625
0 0.56484375 0.35703125 0.0265625 0.0890625
0 0.26015625 0.615625 0.0421875 0.1765625
1 0.6046875 0.48046875 0.028125 0.14140625
0 0.09140625 0.45234375 0.04140625 0.13359375
0 0.65 0.36484375 0.0203125 0.08671875
0 0.01875 0.50859375 0.0375 0.0421875