0 0.62890625 0.65390625 0.06171875 0.140625
0 0.83359375 0.646875 0.03359375 0.14921875
0 0.62421875 0.5109375 0.03828125 0.11953125
1 0.22734375 0.7640625 0.04609375 0.17734375
0 0.76328125 0.6234375 0.04453125 0.13984375
0 0.065625 0.52109375 0.0375 0.11796875
0 0.359375 0.6828125 0.04296875 0.14765625
0 0.1109375 0.50546875 0.04453125 0.1234375
0 0.29921875 0.6078125 0.0359375 0.1
0 0.50390625 0.60078125 0.0578125 0.14765625
0 0.4421875 0.61953125 0.04765625 0.1265625
0 0.53984375 0.5546875 0.04296875 0.1375
0 0.78671875 0.6140625 0.03125 0.15546875
0 0.37734375 0.6046875 0.04453125 0.1078125
1 0.10703125 0.371875 0.03125 0.09140625
0 0.33203125 0.6 0.0421875 0.12265625
0 0.56484375 0.55703125 0.04765625 0.12265625
0 0.4515625 0.58515625 0.04921875 0.10078125
0 0.34765625 0.59453125 0.04140625 0.10703125
0 0.50546875 0.55234375 0.04765625 0.11484375
0 0.40859375 0.60390625 0.07109375 0.04921875
0 0.57265625 0.58046875 0.04921875 0.075