0 0.11171875 0.68203125 0.0703125 0.18359375
0 0.69765625 0.603125 0.04296875 0.15703125
0 0.52578125 0.484375 0.046875 0.08203125
0 0.22421875 0.56171875 0.05 0.15234375
0 0.38984375 0.496875 0.04375 0.1015625
0 0.3875 0.76484375 0.03828125 0.1921875
0 0.696875 0.31015625 0.04140625 0.10546875
0 0.60859375 0.496875 0.03359375 0.134375
0 0.646875 0.46953125 0.0359375 0.11328125
0 0.4328125 0.546875 0.0546875 0.10078125
0 0.82265625 0.40546875 0.03359375 0.11640625
0 0.29921875 0.45390625 0.0328125 0.1140625
0 0.56484375 0.4609375 0.04921875 0.07578125
0 0.60234375 0.34609375 0.025 0.11640625
0 0.46953125 0.515625 0.05 0.096875
0 0.921875 0.353125 0.02109375 0.121875
0 0.42265625 0.4796875 0.03828125 0.1015625
0 0.59375 0.4359375 0.0390625 0.06875
0 0.3078125 0.41640625 0.021875 0.15
1 0.88046875 0.46015625 0.021875 0.13515625
1 0.77734375 0.26796875 0.0234375 0.10625
0 0.49296875 0.43359375 0.03671875 0.078125
0 0.47578125 0.41171875 0.03125 0.084375
0 0.46875 0.46171875 0.04609375 0.06953125