0 0.45390625 0.66875 0.06171875 0.1484375
0 0.7484375 0.61796875 0.06015625 0.15546875
0 0.3546875 0.6109375 0.05078125 0.14140625
1 0.1546875 0.59140625 0.0328125 0.1640625
0 0.0359375 0.65 0.04921875 0.16328125
0 0.78046875 0.578125 0.04921875 0.171875
0 0.3875 0.565625 0.0421875 0.13984375
0 0.48828125 0.496875 0.04140625 0.1203125
0 0.1328125 0.45859375 0.0359375 0.13359375
0 0.6796875 0.54765625 0.0390625 0.125
0 0.5625 0.40546875 0.03359375 0.11328125
0 0.51015625 0.34140625 0.03359375 0.09296875
0 0.790625 0.428125 0.0359375 0.11328125
1 0.2375 0.90625 0.05390625 0.178125
0 0.49140625 0.61171875 0.05234375 0.11796875
0 0.5390625 0.56015625 0.0515625 0.128125
1 0.08203125 0.24140625 0.02265625 0.090625
0 0.7984375 0.359375 0.04453125 0.09921875
0 0.56640625 0.5171875 0.04375 0.096875
1 0.82734375 0.2875 0.02890625 0.09375
0 0.6296875 0.5703125 0.0296875 0.13515625
0 0.60859375 0.5359375 0.0359375 0.1375
0 0.5765625 0.55078125 0.03828125 0.08359375
0 0.58671875 0.5984375 0.05703125 0.13359375
0 0.5765625 0.63984375 0.0515625 0.1375
0 0.546875 0.665625 0.03984375 0.1375