0 0.965625 0.396875 0.06875 0.2875
0 0.46484375 0.09296875 0.05546875 0.18515625
1 0.15234375 0.321875 0.05546875 0.24140625
0 0.73046875 0.36171875 0.05390625 0.27421875
0 0.15 0.55234375 0.06171875 0.28984375
1 0.98671875 0.03125 0.0265625 0.0625
0 0.08515625 0.725 0.075 0.315625
0 0.834375 0.64296875 0.0765625 0.27890625
0 0.815625 0.871875 0.071875 0.25625
0 0.75234375 0.57421875 0.0609375 0.309375
0 0.65234375 0.6203125 0.08359375 0.328125
0 0.6125 0.5296875 0.05546875 0.31875
0 0.5671875 0.5640625 0.06796875 0.34140625
0 0.5109375 0.6359375 0.05546875 0.33515625
0 0.3390625 0.4953125 0.05703125 0.30546875
0 0.365625 0.45390625 0.046875 0.1265625
0 0.33984375 0.59140625 0.0625 0.32109375
0 0.45859375 0.45390625 0.05859375 0.10234375
0 0.45859375 0.6578125 0.053125 0.34296875
0 0.41640625 0.75625 0.08828125 0.41328125
0 0.38046875 0.6140625 0.08359375 0.31328125
0 0.4390625 0.5078125 0.025 0.02421875
1 0.553125 0.59140625 0.0421875 0.32109375