0 0.925 0.43125 0.0375 0.134375
0 0.45625 0.4515625 0.0390625 0.12265625
0 0.3734375 0.54609375 0.046875 0.15859375
0 0.51328125 0.37109375 0.034375 0.11015625
0 0.41328125 0.4421875 0.05234375 0.08984375
0 0.1375 0.4453125 0.04296875 0.1296875
1 0.034375 0.37109375 0.0328125 0.11875
0 0.15703125 0.48984375 0.04765625 0.12265625
0 0.384375 0.48515625 0.04765625 0.11875
0 0.3125 0.4828125 0.05546875 0.1
0 0.24453125 0.496875 0.05234375 0.10859375
0 0.28125 0.46171875 0.0484375 0.1
1 0.75546875 0.309375 0.0265625 0.09296875
0 0.1890625 0.50078125 0.04765625 0.1328125
0 0.18046875 0.40859375 0.03671875 0.103125
1 0.525 0.47265625 0.0421875 0.13984375
0 0.34140625 0.4375 0.0453125 0.0875
0 0.61875 0.37578125 0.03203125 0.12578125
0 0.20703125 0.4171875 0.03671875 0.10546875
0 0.80390625 0.3609375 0.03359375 0.10390625
1 0.88671875 0.7875 0.06484375 0.15703125
0 0.234375 0.47109375 0.046875 0.08828125
0 0.3171875 0.45234375 0.0484375 0.09296875
0 0.37890625 0.44921875 0.04453125 0.08125
0 0.628125 0.340625 0.028125 0.1015625