1 0.0140625 0.4515625 0.028125 0.14453125
1 0.5859375 0.31328125 0.03828125 0.1234375
0 0.675 0.521875 0.046875 0.1640625
0 0.6390625 0.5234375 0.0390625 0.175
0 0.440625 0.61796875 0.04453125 0.1859375
0 0.42421875 0.49921875 0.034375 0.1515625
0 0.4015625 0.50625 0.0359375 0.1484375
0 0.38515625 0.45625 0.034375 0.14609375
0 0.3578125 0.4625 0.03515625 0.16640625
0 0.334375 0.346875 0.0375 0.12890625
0 0.171875 0.34921875 0.03828125 0.090625
0 0.1796875 0.40078125 0.03671875 0.07890625
0 0.2703125 0.4796875 0.03515625 0.134375
0 0.2515625 0.45625 0.02890625 0.1125
0 0.22734375 0.478125 0.0328125 0.128125
0 0.21328125 0.43671875 0.025 0.109375
0 0.21953125 0.51640625 0.0546875 0.125
0 0.13984375 0.621875 0.0828125 0.05390625
0 0.1765625 0.603125 0.05703125 0.09140625
0 0.1734375 0.4890625 0.040625 0.1109375
0 0.159375 0.4609375 0.04296875 0.11640625
0 0.0265625 0.540625 0.05234375 0.14453125