0 0.29375 0.6203125 0.0734375 0.20234375
1 0.021875 0.54375 0.04296875 0.21328125
0 0.09453125 0.31953125 0.04140625 0.15234375
0 0.50625 0.75078125 0.05078125 0.221875
0 0.3921875 0.521875 0.05234375 0.1828125
0 0.403125 0.20390625 0.0390625 0.13984375
0 0.54921875 0.4828125 0.040625 0.19921875
1 0.08046875 0.11484375 0.03828125 0.13203125
0 0.409375 0.5765625 0.07265625 0.2078125
0 0.6609375 0.715625 0.0796875 0.19609375
1 0.73359375 0.90078125 0.06171875 0.1984375
0 0.52421875 0.6015625 0.05703125 0.175
0 0.490625 0.48515625 0.06171875 0.15703125
0 0.03515625 0.875 0.0703125 0.19453125
0 0.6640625 0.64140625 0.08984375 0.15625
0 0.4515625 0.56640625 0.06171875 0.20234375
0 0.51796875 0.67109375 0.06484375 0.1859375
0 0.46796875 0.5125 0.06015625 0.1546875
0 0.490625 0.5921875 0.06328125 0.19609375
0 0.0796875 0.89140625 0.06015625 0.21640625
0 0.48359375 0.56328125 0.06015625 0.1875
0 0.68984375 0.63359375 0.09296875 0.15
0 0.43359375 0.5734375 0.06796875 0.21640625