1 0.75390625 0.61171875 0.0328125 0.1734375
0 0.896875 0.42578125 0.03203125 0.1234375
0 0.121875 0.38359375 0.03203125 0.10859375
0 0.45546875 0.4890625 0.02890625 0.14140625
0 0.39375 0.3890625 0.015625 0.109375
1 0.68359375 0.3171875 0.01640625 0.0734375
0 0.2828125 0.44609375 0.02734375 0.11875
0 0.41640625 0.37734375 0.01796875 0.10078125
0 0.54921875 0.33828125 0.0234375 0.07734375
0 0.4953125 0.32890625 0.02109375 0.08046875
0 0.44921875 0.36796875 0.03046875 0.1
1 0.203125 0.371875 0.03203125 0.103125
1 0.51796875 0.36796875 0.0265625 0.096875
0 0.3453125 0.37265625 0.0171875 0.0984375
0 0.4359375 0.4203125 0.0203125 0.10546875
0 0.3734375 0.371875 0.02265625 0.1046875
0 0.25703125 0.3609375 0.01796875 0.0921875
1 0.37890625 0.31484375 0.01875 0.075
0 0.21796875 0.3765625 0.02578125 0.103125
0 0.2703125 0.3703125 0.01875 0.09296875
0 0.2921875 0.35390625 0.0171875 0.1
0 0.52734375 0.33828125 0.0203125 0.07890625
0 0.3296875 0.34453125 0.021875 0.0875
0 0.34609375 0.34296875 0.021875 0.0796875
0 0.30859375 0.35859375 0.01953125 0.0921875
0 0.4109375 0.37421875 0.0234375 0.096875
0 0.4 0.35859375 0.01640625 0.0921875