0 0.77265625 0.4640625 0.0375 0.10546875
0 0.109375 0.4328125 0.028125 0.13125
0 0.6015625 0.51875 0.03828125 0.1578125
0 0.55 0.4421875 0.028125 0.128125
0 0.159375 0.3703125 0.025 0.10703125
0 0.5046875 0.36875 0.021875 0.10703125
0 0.38671875 0.34375 0.02421875 0.09140625
0 0.33515625 0.38671875 0.0234375 0.1140625
0 0.825 0.453125 0.0296875 0.1375
0 0.6796875 0.47890625 0.0375 0.1421875
1 0.26015625 0.3140625 0.0203125 0.08046875
1 0.88359375 0.3859375 0.0421875 0.12578125
0 0.68125 0.41796875 0.02734375 0.11640625
0 0.80625 0.41640625 0.021875 0.1203125
0 0.7046875 0.4578125 0.02890625 0.1421875
1 0.43046875 0.7671875 0.05 0.2390625
0 0.72890625 0.43671875 0.03515625 0.13359375
0 0.61640625 0.471875 0.02578125 0.13359375
0 0.70546875 0.43671875 0.02890625 0.13671875
0 0.8859375 0.4578125 0.04140625 0.1375
0 0.878125 0.43671875 0.02265625 0.13203125
0 0.82265625 0.425 0.021875 0.1328125
1 0.625 0.45390625 0.0359375 0.11796875
0 0.625 0.43125 0.02578125 0.13828125