1 0.7203125 0.834375 0.05390625 0.21015625
0 0.571875 0.46640625 0.03671875 0.1296875
0 0.61484375 0.55703125 0.0421875 0.1484375
0 0.23515625 0.6234375 0.040625 0.16953125
0 0.66484375 0.471875 0.0375 0.12890625
0 0.30078125 0.69453125 0.04453125 0.17421875
0 0.4296875 0.6421875 0.0421875 0.16328125
0 0.3609375 0.73046875 0.04921875 0.19296875
1 0.578125 0.28125 0.02109375 0.078125
1 0.48828125 0.6375 0.0375 0.140625
0 0.65859375 0.690625 0.04609375 0.175
0 0.365625 0.66015625 0.0421875 0.15
0 0.440625 0.7703125 0.0703125 0.13359375
0 0.475 0.7046875 0.0296875 0.1765625
0 0.47890625 0.7234375 0.03359375 0.178125
0 0.5078125 0.75078125 0.03515625 0.178125
0 0.521875 0.75078125 0.03359375 0.140625
0 0.5296875 0.734375 0.03359375 0.1140625
0 0.57109375 0.7609375 0.06484375 0.1109375
0 0.58828125 0.66796875 0.025 0.14375
0 0.5671875 0.659375 0.01875 0.146875
0 0.540625 0.64609375 0.02265625 0.13046875
0 0.52578125 0.64921875 0.01953125 0.12734375