0 0.81953125 0.6 0.04375 0.17890625
0 0.39921875 0.459375 0.0359375 0.134375
1 0.5109375 0.31015625 0.028125 0.1078125
0 0.86640625 0.54765625 0.03984375 0.10078125
0 0.65546875 0.46171875 0.04296875 0.1453125
0 0.27890625 0.4265625 0.03203125 0.1359375
1 0.371875 0.4640625 0.0328125 0.1328125
1 0.91171875 0.55703125 0.0390625 0.16875
0 0.36640625 0.390625 0.03046875 0.12109375
1 0.23359375 0.36171875 0.0359375 0.1375
0 0.44609375 0.4546875 0.02734375 0.13046875
0 0.21796875 0.3875 0.03359375 0.11796875
0 0.5078125 0.48203125 0.03984375 0.10234375
0 0.47265625 0.47578125 0.034375 0.08828125
0 0.48046875 0.4703125 0.040625 0.09375
0 0.5625 0.43359375 0.0234375 0.13671875
0 0.509375 0.46328125 0.0328125 0.134375
0 0.5296875 0.4234375 0.03046875 0.134375
0 0.51953125 0.45390625 0.028125 0.1265625
1 0.54609375 0.45390625 0.034375 0.1296875
0 0.17734375 0.340625 0.028125 0.11015625