0 0.6140625 0.3359375 0.06953125 0.16640625
0 0.84453125 0.32109375 0.0515625 0.146875
0 0.453125 0.45859375 0.0703125 0.14453125
1 0.7375 0.76875 0.0515625 0.11796875
0 0.9421875 0.14921875 0.04921875 0.10390625
0 0.8734375 0.209375 0.04296875 0.128125
0 0.903125 0.20390625 0.04296875 0.14453125
0 0.94140625 0.35625 0.0453125 0.140625
0 0.1109375 0.52109375 0.05859375 0.171875
0 0.3625 0.32265625 0.0421875 0.13203125
0 0.0859375 0.215625 0.0296875 0.1359375
0 0.0265625 0.47890625 0.05234375 0.1359375
0 0.11875 0.21484375 0.04921875 0.11796875
1 0.2296875 0.42890625 0.0453125 0.146875
0 0.18828125 0.28046875 0.0546875 0.1359375
0 0.3796875 0.44140625 0.05078125 0.1109375
0 0.3921875 0.309375 0.034375 0.1140625
0 0.40390625 0.290625 0.053125 0.0640625
0 0.4296875 0.396875 0.04296875 0.12109375