0 0.16484375 0.675 0.03359375 0.12734375
0 0.23828125 0.60703125 0.0359375 0.1046875
0 0.31953125 0.51171875 0.02890625 0.08828125
0 0.20703125 0.63984375 0.0375 0.11171875
0 0.67578125 0.6875 0.02890625 0.121875
0 0.2859375 0.56015625 0.0328125 0.08671875
0 0.65625 0.61953125 0.03359375 0.09921875
0 0.34375 0.48828125 0.025 0.08203125
1 0.1828125 0.88203125 0.046875 0.14921875
0 0.659375 0.53515625 0.025 0.08359375
1 0.240625 0.48359375 0.021875 0.0765625
0 0.37890625 0.4578125 0.025 0.07265625
0 0.65859375 0.46171875 0.02578125 0.06875
0 0.3078125 0.46796875 0.0234375 0.07265625
0 0.4046875 0.43359375 0.02109375 0.06875
0 0.3921875 0.44296875 0.021875 0.0640625
1 0.64921875 0.42109375 0.01796875 0.06015625