0 0.8 0.38046875 0.0484375 0.13515625
0 0.31015625 0.38046875 0.04375 0.13515625
0 0.09375 0.44375 0.03828125 0.16875
0 0.86484375 0.3265625 0.03359375 0.1234375
1 0.190625 0.21640625 0.03359375 0.10625
0 0.88515625 0.41171875 0.0421875 0.14375
0 0.4421875 0.38125 0.03828125 0.1203125
1 0.54296875 0.2109375 0.0265625 0.0953125
1 0.67890625 0.4359375 0.040625 0.146875
0 0.66328125 0.40546875 0.0296875 0.13359375
0 0.50078125 0.44765625 0.04296875 0.15078125
0 0.73203125 0.4234375 0.0375 0.1421875
0 0.35859375 0.390625 0.0421875 0.14140625
0 0.571875 0.421875 0.02734375 0.146875
0 0.96875 0.44375 0.03671875 0.159375
0 0.43359375 0.48125 0.0453125 0.16484375
0 0.70546875 0.38828125 0.0375 0.13359375
0 0.96796875 0.45703125 0.03359375 0.15859375
0 0.58984375 0.4265625 0.03046875 0.1375
0 0.98359375 0.453125 0.03203125 0.146875
0 0.584375 0.4 0.021875 0.14375
0 0.08984375 0.40546875 0.03125 0.08125
1 0.82421875 0.865625 0.053125 0.26796875