1 0.76953125 0.60703125 0.03359375 0.17734375
0 0.915625 0.4171875 0.0328125 0.1265625
0 0.12421875 0.3734375 0.0328125 0.1109375
0 0.46484375 0.48125 0.0296875 0.1453125
0 0.4015625 0.37890625 0.01640625 0.11171875
1 0.69765625 0.30625 0.0171875 0.075
0 0.28828125 0.4375 0.028125 0.12109375
0 0.425 0.36796875 0.01796875 0.103125
0 0.5609375 0.32734375 0.0234375 0.07890625
0 0.50546875 0.31796875 0.02109375 0.08203125
0 0.45859375 0.3578125 0.03125 0.10234375
1 0.2078125 0.3625 0.0328125 0.10546875
1 0.52890625 0.3578125 0.02734375 0.09921875
0 0.353125 0.3625 0.01796875 0.10078125
0 0.44453125 0.41171875 0.02109375 0.10859375
0 0.38125 0.36171875 0.0234375 0.10703125
0 0.2625 0.35078125 0.01875 0.09453125
1 0.38671875 0.303125 0.01953125 0.07734375
0 0.221875 0.36640625 0.0265625 0.10546875
0 0.27578125 0.36015625 0.01875 0.0953125
0 0.2984375 0.34296875 0.01796875 0.10234375
0 0.53828125 0.328125 0.0203125 0.08046875
0 0.33671875 0.334375 0.02265625 0.08984375
0 0.353125 0.3328125 0.021875 0.08125
0 0.31484375 0.3484375 0.0203125 0.09375
0 0.41875 0.3640625 0.0234375 0.09921875
0 0.4078125 0.3484375 0.01640625 0.09375