0 0.21953125 0.53125 0.03359375 0.13046875
0 0.30078125 0.48125 0.0359375 0.1109375
0 0.46015625 0.5875 0.03828125 0.15
0 0.26171875 0.453125 0.03828125 0.11953125
0 0.66796875 0.590625 0.0296875 0.15859375
0 0.584375 0.54296875 0.0328125 0.1515625
1 0.9140625 0.75078125 0.053125 0.18828125
0 0.40078125 0.5484375 0.04140625 0.08984375
0 0.3734375 0.52109375 0.04140625 0.09375
0 0.51328125 0.553125 0.0359375 0.08203125
0 0.23359375 0.4734375 0.03125 0.13203125
0 0.43359375 0.5578125 0.0421875 0.1109375
0 0.50625 0.45 0.025 0.1296875
0 0.4796875 0.5734375 0.03515625 0.12890625
0 0.5875 0.4875 0.02890625 0.1203125
0 0.35859375 0.46484375 0.04296875 0.0875
0 0.4 0.490625 0.04765625 0.08046875
0 0.3078125 0.39375 0.0234375 0.11328125
0 0.70390625 0.47734375 0.03515625 0.13046875
0 0.3421875 0.5015625 0.02578125 0.13671875
0 0.4546875 0.525 0.04375 0.09453125
0 0.51796875 0.41328125 0.025 0.1078125
1 0.69296875 0.4578125 0.0234375 0.11953125
1 0.340625 0.2265625 0.01875 0.0859375
0 0.3265625 0.50390625 0.028125 0.0875