0 0.68671875 0.49453125 0.025 0.0890625
0 0.66328125 0.62265625 0.03359375 0.1125
0 0.35 0.603125 0.03046875 0.10703125
1 0.45625 0.77265625 0.0421875 0.1359375
0 0.821875 0.5671875 0.02890625 0.10703125
1 0.93671875 0.46015625 0.02578125 0.0828125
0 0.759375 0.67734375 0.04921875 0.12265625
1 0.11171875 0.51484375 0.0296875 0.10390625
0 0.70234375 0.625 0.05 0.11015625
0 0.0296875 0.64609375 0.05078125 0.12890625
0 0.7109375 0.58671875 0.03203125 0.103125
1 0.42734375 0.4796875 0.02578125 0.096875
0 0.5796875 0.54296875 0.03046875 0.096875
0 0.86875 0.65625 0.0484375 0.10625
0 0.77578125 0.5015625 0.028125 0.08828125
0 0.75859375 0.5 0.02578125 0.0859375
0 0.8546875 0.5796875 0.0265625 0.11328125
0 0.65703125 0.56015625 0.03203125 0.0734375
0 0.74921875 0.6015625 0.03046875 0.1109375
1 0.55234375 0.53125 0.03515625 0.103125
0 0.834375 0.65703125 0.03125 0.11953125
0 0.55546875 0.51171875 0.025 0.075
0 0.546875 0.503125 0.0328125 0.09609375
0 0.65390625 0.56484375 0.02890625 0.09765625