0 0.06484375 0.4390625 0.0421875 0.11953125
0 0.81171875 0.428125 0.0484375 0.13203125
1 0.25 0.309375 0.02890625 0.09296875
0 0.5625 0.428125 0.03828125 0.11796875
0 0.659375 0.52421875 0.04765625 0.159375
0 0.3703125 0.38125 0.0390625 0.1015625
1 0.9578125 0.371875 0.03359375 0.1140625
0 0.6953125 0.4015625 0.04296875 0.11640625
1 0.471875 0.46875 0.0390625 0.140625
0 0.7828125 0.465625 0.04765625 0.125
0 0.428125 0.38203125 0.03203125 0.096875
0 0.325 0.340625 0.0328125 0.1015625
0 0.6109375 0.421875 0.04609375 0.1109375
0 0.87578125 0.48984375 0.0515625 0.1234375
0 0.73359375 0.46640625 0.0515625 0.125
0 0.6328125 0.459375 0.04453125 0.115625
0 0.6546875 0.409375 0.04140625 0.1109375
0 0.1859375 0.35703125 0.03125 0.103125
0 0.7765625 0.41171875 0.0421875 0.09609375
0 0.728125 0.43984375 0.04375 0.115625
0 0.878125 0.453125 0.0453125 0.12109375
0 0.75546875 0.453125 0.0453125 0.1140625
0 0.753125 0.43125 0.0421875 0.09609375
0 0.6296875 0.41015625 0.03984375 0.09609375
1 0.03984375 0.79140625 0.0671875 0.15546875
0 0.65703125 0.49765625 0.04375 0.1234375