0 0.2296875 0.61796875 0.053125 0.1546875
0 0.4140625 0.7546875 0.06171875 0.16875
0 0.65078125 0.71953125 0.05390625 0.17578125
0 0.88671875 0.48203125 0.03359375 0.15859375
0 0.878125 0.684375 0.04921875 0.17578125
0 0.28984375 0.44453125 0.0546875 0.1296875
0 0.42578125 0.6171875 0.06328125 0.12109375
0 0.5078125 0.353125 0.0390625 0.11015625
0 0.55078125 0.6484375 0.06484375 0.10390625
0 0.25234375 0.63125 0.05234375 0.17421875
0 0.3125 0.359375 0.04296875 0.11796875
0 0.396875 0.596875 0.06171875 0.11875
0 0.49453125 0.7375 0.08046875 0.1640625
0 0.7078125 0.66171875 0.04140625 0.16484375
0 0.46796875 0.44453125 0.05234375 0.11796875
1 0.75234375 0.49453125 0.0375 0.153125
0 0.52578125 0.5890625 0.06328125 0.09296875
0 0.67265625 0.55546875 0.04453125 0.14609375
0 0.47578125 0.69296875 0.07265625 0.11875
0 0.48203125 0.62578125 0.06484375 0.103125
0 0.58046875 0.7015625 0.06796875 0.11953125
1 0.309375 0.28203125 0.0328125 0.10859375
0 0.6828125 0.61875 0.04140625 0.15
1 0.78984375 0.96953125 0.04375 0.06015625