0 0.0546875 0.5921875 0.06640625 0.2234375
0 0.71015625 0.521875 0.05390625 0.2
0 0.11953125 0.55703125 0.06640625 0.196875
1 0.54375 0.61328125 0.05078125 0.23125
0 0.19609375 0.48984375 0.0828125 0.13515625
0 0.2609375 0.48671875 0.06328125 0.2015625
0 0.23984375 0.621875 0.06171875 0.23125
0 0.8390625 0.7015625 0.06015625 0.23046875
0 0.81953125 0.59609375 0.05703125 0.2015625
0 0.50625 0.459375 0.04921875 0.16796875
0 0.309375 0.62890625 0.0640625 0.24140625
1 0.5296875 0.33515625 0.04609375 0.18515625
0 0.59140625 0.696875 0.06328125 0.1140625
0 0.4671875 0.47109375 0.05703125 0.1703125