0 0.73046875 0.62421875 0.05234375 0.1421875
0 0.76953125 0.62109375 0.046875 0.15625
0 0.6515625 0.65859375 0.0734375 0.11484375
0 0.66640625 0.53828125 0.04453125 0.1171875
1 0.24921875 0.76328125 0.04765625 0.1921875
0 0.8203125 0.63515625 0.0390625 0.1421875
0 0.065625 0.50703125 0.0421875 0.1125
0 0.46953125 0.63046875 0.0546875 0.13203125
0 0.296875 0.61953125 0.0609375 0.0921875
0 0.53359375 0.6203125 0.0453125 0.15078125
0 0.38125 0.709375 0.04140625 0.1546875
0 0.453125 0.5765625 0.05859375 0.11015625
0 0.334375 0.60546875 0.04609375 0.13984375
0 0.1328125 0.50546875 0.04140625 0.11640625
0 0.4890625 0.553125 0.04453125 0.09140625
1 0.11484375 0.37109375 0.0296875 0.09765625
0 0.5453125 0.5671875 0.04140625 0.11796875
0 0.565625 0.5515625 0.03828125 0.11640625
0 0.39296875 0.653125 0.04765625 0.1375
0 0.37265625 0.60703125 0.04921875 0.10546875
0 0.5578125 0.559375 0.0296875 0.08984375
0 0.41484375 0.61484375 0.075 0.04375