1 0.01796875 0.51796875 0.03515625 0.1484375
1 0.7546875 0.70546875 0.0484375 0.175
0 0.10234375 0.61640625 0.05 0.13828125
0 0.15625 0.7078125 0.0421875 0.16484375
0 0.52578125 0.47734375 0.0375 0.1203125
0 0.68125 0.63203125 0.0359375 0.1359375
0 0.47578125 0.64609375 0.0359375 0.17578125
0 0.934375 0.571875 0.04609375 0.13671875
0 0.146875 0.60703125 0.04453125 0.14375
0 0.4859375 0.56328125 0.02265625 0.14375
1 0.93359375 0.3859375 0.03359375 0.0953125
0 0.3796875 0.6 0.05078125 0.090625
0 0.5453125 0.5671875 0.04765625 0.0953125
0 0.5671875 0.596875 0.03359375 0.10859375
1 0.03125 0.921875 0.04921875 0.15078125
0 0.603125 0.5859375 0.03984375 0.14375
0 0.93125 0.528125 0.040625 0.115625
0 0.69609375 0.60546875 0.028125 0.07578125
0 0.6328125 0.59921875 0.0484375 0.12421875
0 0.57734375 0.58046875 0.03125 0.1546875
0 0.653125 0.61796875 0.0328125 0.07421875
0 0.675 0.57578125 0.04296875 0.128125
0 0.4484375 0.59296875 0.03984375 0.075
0 0.4703125 0.56171875 0.03125 0.1375
0 0.59296875 0.61484375 0.05546875 0.05078125