0 0.38203125 0.784375 0.08359375 0.20703125
0 0.37109375 0.5828125 0.05234375 0.13671875
0 0.5171875 0.79296875 0.06328125 0.171875
0 0.27421875 0.4921875 0.046875 0.1296875
0 0.83046875 0.47578125 0.0375 0.15859375
0 0.584375 0.60078125 0.05546875 0.13671875
0 0.66015625 0.5125 0.04296875 0.14140625
0 0.4234375 0.4109375 0.04609375 0.125
0 0.6078125 0.47578125 0.04375 0.1265625
1 0.7890625 0.4921875 0.03984375 0.15859375
0 0.69921875 0.36171875 0.040625 0.134375
0 0.43046875 0.5546875 0.05234375 0.13828125
0 0.5921875 0.365625 0.03828125 0.11953125
0 0.5671875 0.4359375 0.04765625 0.09609375
0 0.546875 0.48671875 0.06171875 0.09609375
0 0.4875 0.5078125 0.05625 0.109375
0 0.52890625 0.5796875 0.07109375 0.12421875
1 0.56875 0.23671875 0.0328125 0.10625
1 0.35546875 0.96640625 0.0515625 0.0671875
0 0.47421875 0.41953125 0.05078125 0.090625
0 0.53359375 0.5484375 0.0671875 0.1140625
0 0.46875 0.45625 0.0484375 0.10234375
0 0.4453125 0.46640625 0.04609375 0.1140625
0 0.525 0.53515625 0.0578125 0.09609375
0 0.446875 0.52734375 0.04921875 0.1109375