0 0.628125 0.5359375 0.0265625 0.103125
0 0.390625 0.484375 0.0359375 0.0765625
0 0.578125 0.47734375 0.02109375 0.08359375
0 0.3109375 0.51953125 0.028125 0.096875
0 0.33671875 0.44765625 0.02578125 0.0765625
0 0.73515625 0.47421875 0.02421875 0.08125
0 0.37734375 0.45234375 0.0203125 0.07109375
1 0.025 0.41484375 0.0265625 0.06640625
0 0.4203125 0.465625 0.02890625 0.046875
0 0.46875 0.4796875 0.015625 0.07421875
0 0.459375 0.4953125 0.028125 0.07265625
0 0.7078125 0.4546875 0.01953125 0.07109375
0 0.40703125 0.51171875 0.02578125 0.09375
0 0.45625 0.44296875 0.01640625 0.06171875
1 0.94296875 0.40546875 0.01875 0.05703125
0 0.76484375 0.42578125 0.01875 0.06796875
0 0.659375 0.43984375 0.0203125 0.05859375
1 0.271875 0.37109375 0.01328125 0.0515625
0 0.70625 0.45078125 0.0203125 0.0703125
0 0.703125 0.434375 0.01875 0.07109375
0 0.65390625 0.4359375 0.01953125 0.06171875
0 0.40625 0.4890625 0.03046875 0.07578125
0 0.18515625 0.45390625 0.03515625 0.0703125
0 0.4578125 0.47890625 0.01328125 0.06328125
0 0.434375 0.44296875 0.01484375 0.0609375