0 0.73671875 0.646875 0.05390625 0.146875
0 0.7765625 0.64375 0.0484375 0.16171875
0 0.6546875 0.68203125 0.07578125 0.11875
0 0.66953125 0.55859375 0.04609375 0.12109375
1 0.23984375 0.78984375 0.04921875 0.1984375
0 0.82890625 0.6578125 0.040625 0.146875
0 0.04921875 0.52578125 0.04375 0.11640625
0 0.4671875 0.653125 0.05625 0.13671875
0 0.28828125 0.6421875 0.06328125 0.0953125
0 0.5328125 0.64296875 0.046875 0.15546875
0 0.37578125 0.734375 0.0421875 0.159375
0 0.45 0.59765625 0.06015625 0.1140625
0 0.32734375 0.62734375 0.04765625 0.14375
0 0.11875 0.52421875 0.04296875 0.1203125
0 0.4875 0.5734375 0.04609375 0.09453125
1 0.10078125 0.38515625 0.03046875 0.10078125
0 0.54453125 0.58828125 0.04296875 0.121875
0 0.56640625 0.571875 0.03984375 0.1203125
0 0.38828125 0.6765625 0.04921875 0.1421875
0 0.3671875 0.62890625 0.05078125 0.109375
0 0.55859375 0.5796875 0.03046875 0.0921875
0 0.41015625 0.6375 0.07734375 0.0453125