0 0.41171875 0.3921875 0.02734375 0.153125
0 0.09921875 0.33046875 0.034375 0.1296875
0 0.20703125 0.49765625 0.04609375 0.1734375
0 0.62890625 0.58125 0.04375 0.190625
0 0.828125 0.56875 0.05703125 0.18828125
0 0.25859375 0.671875 0.05859375 0.196875
0 0.28671875 0.33828125 0.04296875 0.1234375
0 0.221875 0.35078125 0.034375 0.13515625
0 0.9625 0.38515625 0.0421875 0.15546875
0 0.8984375 0.45859375 0.04453125 0.1546875
0 0.54921875 0.4859375 0.03671875 0.17890625
0 0.26640625 0.45625 0.040625 0.1609375
1 0.58984375 0.39375 0.03671875 0.1359375
0 0.28515625 0.46875 0.04296875 0.16796875
0 0.3328125 0.3828125 0.03671875 0.14921875
0 0.46953125 0.50546875 0.04453125 0.14296875
1 0.640625 0.15234375 0.02265625 0.08046875
0 0.5 0.56875 0.04765625 0.1765625
0 0.4765625 0.4390625 0.03515625 0.146875
0 0.32421875 0.34375 0.034375 0.13046875
0 0.265625 0.371875 0.0359375 0.13046875
0 0.515625 0.51015625 0.04296875 0.1515625
1 0.46171875 0.72265625 0.04375 0.19140625
0 0.5140625 0.4640625 0.0421875 0.1265625
1 0.29765625 0.83828125 0.04921875 0.1703125