1 0.02421875 0.44765625 0.03515625 0.1390625
0 0.21484375 0.4546875 0.03125 0.13671875
1 0.1625 0.31875 0.0265625 0.08203125
0 0.75859375 0.4234375 0.0390625 0.125
0 0.66875 0.44140625 0.0328125 0.128125
0 0.65625 0.40703125 0.025 0.11015625
0 0.60703125 0.4328125 0.02890625 0.12890625
0 0.525 0.47109375 0.02890625 0.146875
0 0.5765625 0.42890625 0.02734375 0.1234375
0 0.58359375 0.41328125 0.02578125 0.11328125
0 0.3640625 0.4421875 0.02890625 0.1296875
0 0.5359375 0.44296875 0.02890625 0.1390625
1 0.54609375 0.42734375 0.0328125 0.1109375
0 0.49921875 0.43984375 0.02890625 0.1265625
0 0.47421875 0.4296875 0.0265625 0.13046875
0 0.496875 0.4140625 0.025 0.12734375
0 0.465625 0.41875 0.0234375 0.115625
0 0.45234375 0.39375 0.025 0.11953125
0 0.415625 0.45078125 0.01875 0.13984375
0 0.40859375 0.42578125 0.0234375 0.11015625
0 0.43125 0.4234375 0.01875 0.1265625
0 0.43515625 0.45078125 0.025 0.1296875
0 0.421875 0.359375 0.021875 0.06953125
0 0.434375 0.3828125 0.01640625 0.05546875