0 0.075 0.73359375 0.06875 0.14375
0 0.08203125 0.68046875 0.05546875 0.1296875
0 0.36015625 0.753125 0.06171875 0.1390625
0 0.459375 0.80625 0.053125 0.15390625
0 0.0453125 0.6109375 0.0359375 0.121875
0 0.12734375 0.61015625 0.0375 0.12578125
0 0.01953125 0.609375 0.0390625 0.11328125
0 0.31953125 0.640625 0.04296875 0.1265625
0 0.3859375 0.69296875 0.04296875 0.128125
0 0.3421875 0.72421875 0.03359375 0.1296875
0 0.09453125 0.59296875 0.0265625 0.11015625
0 0.0296875 0.72265625 0.0484375 0.1453125
1 0.13984375 0.54375 0.0296875 0.11171875
0 0.63203125 0.69296875 0.05 0.128125
0 0.36640625 0.621875 0.03828125 0.11796875
1 0.10546875 0.8671875 0.04140625 0.16875
1 0.58515625 0.76171875 0.0484375 0.196875