0 0.2484375 0.43125 0.03671875 0.16640625
0 0.46875 0.5828125 0.04609375 0.175
0 0.22109375 0.76796875 0.06875 0.20703125
0 0.3546875 0.74609375 0.05390625 0.2140625
1 0.7390625 0.45859375 0.0484375 0.171875
0 0.559375 0.534375 0.0359375 0.17265625
0 0.19140625 0.496875 0.0421875 0.17109375
0 0.41171875 0.45703125 0.025 0.1640625
1 0.3296875 0.421875 0.0328125 0.16015625
0 0.14765625 0.5796875 0.04765625 0.17890625
0 0.41796875 0.3984375 0.0234375 0.14921875
0 0.5484375 0.4203125 0.028125 0.1578125
1 0.37421875 0.31015625 0.03515625 0.14375
0 0.20625 0.30234375 0.0328125 0.1109375
0 0.29609375 0.4625 0.04296875 0.1546875
1 0.24296875 0.90703125 0.06328125 0.1859375
0 0.37578125 0.45859375 0.04375 0.1234375
0 0.18203125 0.4359375 0.02734375 0.1515625
0 0.29140625 0.41328125 0.03828125 0.14296875
0 0.16953125 0.39453125 0.0375 0.13046875
0 0.56015625 0.45 0.02734375 0.153125
0 0.3265625 0.38203125 0.034375 0.13515625
0 0.39765625 0.4484375 0.0234375 0.1546875
0 0.40859375 0.346875 0.0125 0.0578125
0 0.39765625 0.36015625 0.01484375 0.05390625