0 0.48359375 0.62421875 0.04921875 0.12734375
0 0.88671875 0.55703125 0.0421875 0.12890625
0 0.525 0.64296875 0.046875 0.13828125
1 0.56875 0.4703125 0.03203125 0.125
0 0.27890625 0.571875 0.02734375 0.12265625
0 0.21953125 0.55 0.04765625 0.13203125
0 0.47890625 0.4328125 0.04453125 0.09765625
0 0.24921875 0.50390625 0.040625 0.1359375
1 0.83046875 0.74296875 0.04296875 0.1765625
0 0.46640625 0.559375 0.0375 0.1171875
1 0.2515625 0.2546875 0.0234375 0.0890625
0 0.3171875 0.46015625 0.03671875 0.11484375
0 0.3859375 0.56171875 0.0359375 0.1234375
0 0.2859375 0.41640625 0.0265625 0.10625
0 0.3421875 0.5453125 0.03515625 0.1234375
0 0.42109375 0.52421875 0.02421875 0.0828125
0 0.42890625 0.55234375 0.03984375 0.09921875
0 0.2796875 0.49921875 0.03046875 0.115625
0 0.38125 0.5078125 0.02890625 0.1078125
0 0.34296875 0.50703125 0.01796875 0.090625
0 0.23984375 0.4703125 0.03515625 0.09765625
0 0.36015625 0.5171875 0.02734375 0.109375
0 0.26328125 0.47109375 0.01640625 0.07578125
0 0.4328125 0.509375 0.01953125 0.05078125
0 0.359375 0.515625 0.025 0.10546875