0 0.759375 0.553125 0.03125 0.121875
0 0.71328125 0.55078125 0.0359375 0.12421875
0 0.2828125 0.67890625 0.040625 0.1359375
0 0.5703125 0.671875 0.0421875 0.1328125
0 0.48359375 0.7171875 0.040625 0.14375
0 0.80390625 0.521875 0.02734375 0.11015625
0 0.67578125 0.528125 0.040625 0.12109375
1 0.378125 0.571875 0.02890625 0.1265625
0 0.515625 0.54296875 0.0375 0.10390625
0 0.24765625 0.55 0.0328125 0.1078125
0 0.271875 0.48125 0.03359375 0.09296875
0 0.25 0.4890625 0.03671875 0.0921875
0 0.6125 0.5796875 0.0546875 0.12109375
1 0.3734375 0.40703125 0.0265625 0.0953125
0 0.5 0.653125 0.0375 0.1109375
0 0.546875 0.55546875 0.03984375 0.11875
0 0.63671875 0.55390625 0.05546875 0.11484375
0 0.53359375 0.5265625 0.03359375 0.1109375
0 0.5546875 0.525 0.03125 0.13046875
0 0.609375 0.5546875 0.03125 0.115625
0 0.62109375 0.51484375 0.03046875 0.0921875
0 0.59921875 0.55625 0.04140625 0.10703125
0 0.5578125 0.54296875 0.03828125 0.115625