0 0.13984375 0.57578125 0.0421875 0.128125
0 0.18828125 0.51171875 0.0421875 0.11328125
0 0.23203125 0.5125 0.046875 0.11171875
0 0.49140625 0.6296875 0.05 0.1203125
0 0.47109375 0.46328125 0.04140625 0.090625
0 0.27890625 0.51015625 0.0390625 0.1078125
0 0.88671875 0.56640625 0.04609375 0.1078125
0 0.44453125 0.59453125 0.0609375 0.10625
0 0.25546875 0.53359375 0.04296875 0.10859375
0 0.5140625 0.64453125 0.04921875 0.13515625
1 0.7734375 0.72421875 0.03984375 0.15234375
1 0.2296875 0.29375 0.02421875 0.07109375
0 0.33984375 0.57421875 0.04609375 0.1171875
1 0.55390625 0.4875 0.03203125 0.10625
0 0.4453125 0.53125 0.02421875 0.10078125
0 0.28984375 0.4515625 0.0359375 0.09609375
0 0.3890625 0.47734375 0.0359375 0.103125
0 0.36171875 0.5828125 0.04140625 0.10625
0 0.42265625 0.51640625 0.0375 0.0953125
0 0.38203125 0.5765625 0.03359375 0.1171875
0 0.34921875 0.53828125 0.0390625 0.07578125
0 0.40234375 0.55625 0.0390625 0.11015625
0 0.3734375 0.5328125 0.0375 0.0953125
0 0.45 0.57578125 0.0375 0.103125
0 0.4140625 0.53828125 0.02734375 0.05859375