0 0.3 0.625 0.06640625 0.190625
0 0.109375 0.31640625 0.04140625 0.13984375
1 0.0328125 0.54296875 0.065625 0.21015625
0 0.41953125 0.21015625 0.034375 0.12890625
0 0.54296875 0.59140625 0.0578125 0.165625
0 0.56484375 0.46875 0.05859375 0.1671875
1 0.09921875 0.12265625 0.0359375 0.13125
1 0.740625 0.8984375 0.0734375 0.203125
0 0.409375 0.6125 0.040625 0.0984375
0 0.409375 0.51171875 0.05 0.1890625
0 0.69921875 0.6296875 0.1109375 0.146875
0 0.68046875 0.7125 0.0671875 0.19140625
0 0.471875 0.54609375 0.034375 0.0625
0 0.52109375 0.65625 0.0546875 0.1796875
0 0.4703125 0.490625 0.0375 0.065625
0 0.04140625 0.88671875 0.0828125 0.2234375
0 0.51953125 0.740625 0.05078125 0.22421875
0 0.49296875 0.58203125 0.0421875 0.20859375
0 0.509375 0.48125 0.0375 0.115625
0 0.10078125 0.8828125 0.04609375 0.23203125