0 0.9171875 0.590625 0.0359375 0.1359375
0 0.6234375 0.5859375 0.03515625 0.1203125
0 0.7328125 0.5265625 0.03515625 0.10390625
0 0.79453125 0.5390625 0.0328125 0.10234375
0 0.46015625 0.61328125 0.04140625 0.12109375
0 0.25390625 0.55390625 0.04609375 0.11015625
0 0.51171875 0.61640625 0.046875 0.12578125
1 0.4609375 0.4921875 0.03203125 0.09609375
0 0.6921875 0.58828125 0.040625 0.1171875
0 0.56796875 0.56640625 0.02734375 0.08515625
1 0.27578125 0.6890625 0.0375 0.1296875
0 0.53515625 0.53515625 0.0296875 0.09375
0 0.66015625 0.56953125 0.0296875 0.1109375
0 0.68515625 0.4796875 0.03671875 0.096875
0 0.6015625 0.4953125 0.034375 0.08828125
0 0.51875 0.5359375 0.0296875 0.09609375
0 0.57734375 0.49296875 0.02890625 0.0796875
0 0.69296875 0.52890625 0.0390625 0.11171875
1 0.815625 0.31875 0.0203125 0.06875
0 0.78046875 0.52265625 0.01796875 0.09765625
0 0.659375 0.5921875 0.05 0.06484375
0 0.5953125 0.5765625 0.028125 0.08828125
0 0.6078125 0.55546875 0.046875 0.04140625