0 0.3109375 0.5203125 0.0390625 0.109375
1 0.69453125 0.4578125 0.02734375 0.096875
0 0.80859375 0.5890625 0.0359375 0.10390625
0 0.26875 0.509375 0.03515625 0.09921875
0 0.61171875 0.5109375 0.034375 0.1078125
1 0.13046875 0.43984375 0.0296875 0.078125
0 0.40625 0.54609375 0.0375 0.10625
1 0.5375 0.5078125 0.0296875 0.10546875
0 0.465625 0.56640625 0.025 0.12109375
0 0.36015625 0.53671875 0.02890625 0.11015625
1 0.54765625 0.69140625 0.03671875 0.1265625
0 0.38359375 0.5203125 0.034375 0.10546875
0 0.2328125 0.4796875 0.03125 0.10703125
0 0.07109375 0.5296875 0.0359375 0.10546875
0 0.0171875 0.57421875 0.034375 0.0984375
0 0.6453125 0.5484375 0.03671875 0.1109375
0 0.371875 0.46953125 0.0296875 0.08984375
0 0.76953125 0.54765625 0.04140625 0.09765625
0 0.26640625 0.4703125 0.034375 0.08828125
0 0.6578125 0.515625 0.034375 0.10390625
1 0.9703125 0.48671875 0.028125 0.103125
0 0.43671875 0.56015625 0.03203125 0.09375
0 0.03046875 0.51875 0.034375 0.0921875
0 0.42734375 0.540625 0.02890625 0.10703125
0 0.04453125 0.56875 0.034375 0.08046875
0 0.3515625 0.5296875 0.02734375 0.0953125