0 0.284375 0.478125 0.04453125 0.17578125
0 0.44453125 0.57265625 0.06328125 0.109375
0 0.04453125 0.421875 0.0328125 0.17578125
0 0.4953125 0.2640625 0.03828125 0.1203125
0 0.4046875 0.6296875 0.0828125 0.12265625
0 0.49375 0.5921875 0.06015625 0.11015625
1 0.1734375 0.41953125 0.0390625 0.16328125
0 0.59765625 0.6734375 0.053125 0.2
0 0.5328125 0.34453125 0.03984375 0.1453125
0 0.22265625 0.51953125 0.04765625 0.1875
0 0.71484375 0.3484375 0.04453125 0.14296875
0 0.47109375 0.509375 0.0609375 0.090625
0 0.08984375 0.6265625 0.0390625 0.20703125
0 0.76328125 0.55234375 0.05234375 0.203125
0 0.6078125 0.521875 0.06171875 0.13359375
0 0.19296875 0.56484375 0.04375 0.19375
0 0.5078125 0.67734375 0.07734375 0.14375
0 0.70546875 0.26796875 0.03828125 0.12578125
0 0.33984375 0.63828125 0.04765625 0.19765625
0 0.5734375 0.54375 0.06171875 0.14375
0 0.7828125 0.52890625 0.04921875 0.18828125
1 0.69609375 0.19375 0.034375 0.11796875
1 0.20078125 0.94609375 0.06484375 0.10703125
0 0.525 0.62265625 0.065625 0.1265625
0 0.51640625 0.546875 0.0640625 0.103125
0 0.53515625 0.6 0.06484375 0.1234375