0 0.3796875 0.590625 0.0421875 0.08984375
1 0.76640625 0.58203125 0.03125 0.13359375
0 0.4140625 0.62109375 0.04453125 0.13046875
0 0.36484375 0.76484375 0.0484375 0.15
0 0.515625 0.55390625 0.04921875 0.0921875
0 0.1125 0.71640625 0.05234375 0.1625
0 0.47109375 0.584375 0.0515625 0.08671875
0 0.58828125 0.58671875 0.04140625 0.10625
0 0.6765625 0.69453125 0.04296875 0.13984375
0 0.73203125 0.57265625 0.03984375 0.11796875
0 0.2203125 0.6296875 0.05078125 0.1390625
0 0.19921875 0.51875 0.03671875 0.1140625
0 0.5671875 0.5109375 0.03984375 0.11328125
0 0.30390625 0.5375 0.034375 0.1171875
0 0.6203125 0.4203125 0.0328125 0.10078125
0 0.4390625 0.5921875 0.0484375 0.09453125
0 0.825 0.45390625 0.03359375 0.0984375
1 0.73828125 0.396875 0.03046875 0.10234375
0 0.9390625 0.54375 0.034375 0.1125
0 0.50546875 0.3765625 0.02734375 0.09453125
0 0.45234375 0.5359375 0.0421875 0.06640625
0 0.41953125 0.54921875 0.04375 0.071875
0 0.48515625 0.51953125 0.04375 0.07421875
0 0.46796875 0.51953125 0.04296875 0.06484375