0 0.06953125 0.4171875 0.025 0.12265625
0 0.17265625 0.3765625 0.0234375 0.0984375
0 0.42890625 0.37734375 0.02734375 0.10703125
0 0.87109375 0.39609375 0.02265625 0.1
0 0.765625 0.3828125 0.02421875 0.10546875
1 0.803125 0.37578125 0.0265625 0.08984375
0 0.225 0.378125 0.02578125 0.1078125
0 0.2 0.35859375 0.01875 0.103125
0 0.27265625 0.390625 0.02578125 0.1015625
0 0.640625 0.3875 0.0234375 0.09765625
0 0.2578125 0.37578125 0.0234375 0.096875
0 0.4203125 0.359375 0.0234375 0.1
0 0.64453125 0.37890625 0.025 0.0984375
1 0.81328125 0.315625 0.01875 0.078125
0 0.26875 0.38203125 0.01953125 0.0984375
1 0.10234375 0.2984375 0.02109375 0.078125
0 0.3921875 0.365625 0.01953125 0.0984375
0 0.37109375 0.36484375 0.0171875 0.1015625
0 0.346875 0.384375 0.02109375 0.10625
0 0.3453125 0.36015625 0.0171875 0.0953125
0 0.35703125 0.36015625 0.01640625 0.0859375
0 0.375 0.3859375 0.0296875 0.03828125