0 0.61875 0.709375 0.040625 0.13203125
1 0.13984375 0.81953125 0.04375 0.1640625
0 0.99296875 0.678125 0.0140625 0.1359375
1 0.33828125 0.6109375 0.03125 0.1171875
1 0.56953125 0.6546875 0.040625 0.12734375
0 0.6328125 0.6609375 0.03359375 0.1359375
1 0.49765625 0.58515625 0.0296875 0.11328125
0 0.7328125 0.72890625 0.04921875 0.0984375
0 0.92734375 0.7109375 0.03984375 0.12578125
0 0.6921875 0.70234375 0.040625 0.13203125
0 0.80390625 0.6953125 0.0390625 0.12890625
0 0.78359375 0.63984375 0.03671875 0.11484375
0 0.94609375 0.675 0.034375 0.125
0 0.83671875 0.68046875 0.03671875 0.1234375
0 0.6875 0.6328125 0.03671875 0.11484375
0 0.746875 0.6953125 0.0390625 0.121875
0 0.78515625 0.6765625 0.03828125 0.11875
0 0.71328125 0.66796875 0.03984375 0.121875
0 0.82109375 0.67265625 0.0359375 0.115625
0 0.82265625 0.62265625 0.0375 0.09453125
0 0.68046875 0.6828125 0.0359375 0.12734375
0 0.853125 0.66015625 0.03828125 0.1171875
0 0.68359375 0.6640625 0.0359375 0.12734375