0 0.9125 0.7234375 0.03984375 0.12890625
0 0.78515625 0.57578125 0.03515625 0.11484375
0 0.84140625 0.5046875 0.03828125 0.08203125
0 0.4109375 0.60078125 0.034375 0.11015625
0 0.72578125 0.62109375 0.034375 0.11875
0 0.86796875 0.55546875 0.03515625 0.0875
0 0.24296875 0.55234375 0.03125 0.09609375
0 0.5421875 0.4875 0.02734375 0.090625
0 0.3625 0.48828125 0.03828125 0.09765625
0 0.94140625 0.6234375 0.034375 0.10859375
0 0.92578125 0.46484375 0.028125 0.08203125
0 0.70703125 0.46484375 0.02578125 0.0734375
0 0.934375 0.58515625 0.03515625 0.09296875
0 0.909375 0.51875 0.034375 0.09453125
0 0.94609375 0.49375 0.03359375 0.0875
0 0.91484375 0.49375 0.03203125 0.07890625
0 0.359375 0.45234375 0.0296875 0.084375
0 0.94921875 0.521875 0.0359375 0.0875
0 0.95234375 0.546875 0.040625 0.090625
1 0.2921875 0.4015625 0.02265625 0.06171875