0 0.6515625 0.7203125 0.0515625 0.171875
0 0.675 0.60625 0.0515625 0.16328125
0 0.88125 0.69375 0.04921875 0.16484375
0 0.58359375 0.696875 0.08125 0.12421875
0 0.2859375 0.44296875 0.06171875 0.12109375
0 0.38359375 0.6953125 0.05625 0.17109375
0 0.25078125 0.62734375 0.05 0.175
0 0.8859375 0.4640625 0.0375 0.15703125
0 0.46796875 0.434375 0.0515625 0.13125
0 0.22421875 0.615625 0.05390625 0.15625
0 0.50859375 0.35078125 0.0421875 0.1109375
1 0.76875 0.49375 0.040625 0.15703125
0 0.309375 0.35390625 0.0484375 0.11328125
0 0.64375 0.54921875 0.0484375 0.15078125
0 0.4953125 0.73046875 0.08046875 0.16875
0 0.5234375 0.5859375 0.0640625 0.09609375
0 0.42421875 0.61640625 0.06484375 0.13203125
0 0.6328125 0.66640625 0.0515625 0.15703125
0 0.47890625 0.62265625 0.065625 0.10390625
0 0.54921875 0.64453125 0.06640625 0.10234375
1 0.30625 0.2765625 0.0328125 0.11015625
0 0.39375 0.59375 0.0640625 0.11796875
1 0.78984375 0.97109375 0.04609375 0.0578125
0 0.4609375 0.67265625 0.0625 0.11796875
0 0.47734375 0.69375 0.0703125 0.12265625