1 0.559375 0.87109375 0.059375 0.20078125
0 0.30625 0.72734375 0.05078125 0.11875
0 0.41953125 0.71953125 0.04375 0.0859375
1 0.0375 0.61015625 0.02890625 0.12421875
0 0.34765625 0.71875 0.05625 0.1
1 0.27265625 0.5703125 0.02578125 0.1046875
0 0.7859375 0.7171875 0.040625 0.11015625
0 0.8171875 0.7375 0.03203125 0.15
0 0.70234375 0.6171875 0.0203125 0.06484375
0 0.66796875 0.62890625 0.02734375 0.071875
0 0.596875 0.628125 0.02265625 0.10859375
0 0.59140625 0.65859375 0.03828125 0.0453125
0 0.559375 0.6828125 0.02421875 0.06796875
0 0.515625 0.69375 0.03671875 0.078125
0 0.48203125 0.6921875 0.03359375 0.05078125
0 0.478125 0.640625 0.0296875 0.0890625
0 0.74921875 0.665625 0.03515625 0.096875
0 0.69609375 0.66953125 0.03671875 0.096875
0 0.6609375 0.6765625 0.0390625 0.08984375
0 0.62734375 0.6828125 0.04140625 0.0890625
0 0.575 0.7015625 0.04296875 0.08125
0 0.54453125 0.70234375 0.03984375 0.096875
0 0.5078125 0.71484375 0.04375 0.09921875
0 0.475 0.72109375 0.0390625 0.10390625
0 0.459375 0.740625 0.03828125 0.103125
1 0.51328125 0.61171875 0.02734375 0.11953125