0 0.9015625 0.48828125 0.05546875 0.19765625
0 0.4359375 0.34765625 0.0609375 0.171875
0 0.88828125 0.19140625 0.0625 0.16875
0 0.66015625 0.19140625 0.05859375 0.16484375
0 0.16875 0.21875 0.05234375 0.159375
1 0.55390625 0.23671875 0.04140625 0.16875
0 0.615625 0.17265625 0.05390625 0.14921875
0 0.6078125 0.39453125 0.06796875 0.215625
0 0.68046875 0.425 0.05390625 0.1390625
0 0.84375 0.54296875 0.075 0.2203125
0 0.78125 0.125 0.05234375 0.14765625
0 0.49140625 0.525 0.07421875 0.14375
0 0.015625 0.29296875 0.03125 0.19296875
0 0.8125 0.12109375 0.04921875 0.140625
1 0.2859375 0.62265625 0.053125 0.13515625
0 0.57109375 0.18828125 0.04609375 0.1546875
0 0.52265625 0.46640625 0.05234375 0.1234375
0 0.4578125 0.24609375 0.05078125 0.128125