0 0.72421875 0.54765625 0.0453125 0.13203125
0 0.7296875 0.465625 0.04375 0.128125
0 0.2859375 0.49453125 0.05234375 0.13359375
0 0.69375 0.46796875 0.03984375 0.11640625
1 0.81015625 0.51171875 0.040625 0.1484375
0 0.56015625 0.515625 0.04375 0.12890625
1 0.64765625 0.3453125 0.0359375 0.1125
0 0.35625 0.41015625 0.03984375 0.13203125
0 0.515625 0.49453125 0.04453125 0.14453125
0 0.4921875 0.48046875 0.04453125 0.125
0 0.77421875 0.4234375 0.0421875 0.09140625
0 0.390625 0.48828125 0.0515625 0.11796875
0 0.7875 0.40703125 0.04140625 0.10546875
0 0.60625 0.5453125 0.05 0.1234375
0 0.384375 0.453125 0.04609375 0.1234375
0 0.45 0.484375 0.0484375 0.12890625
0 0.6078125 0.49296875 0.04140625 0.09140625
0 0.421875 0.475 0.0453125 0.11640625
0 0.2953125 0.46640625 0.03984375 0.10859375
0 0.43125 0.50546875 0.04609375 0.10859375
0 0.5953125 0.55546875 0.05078125 0.1140625
0 0.4421875 0.496875 0.04765625 0.12109375