0 0.465625 0.85625 0.0921875 0.203125
0 0.41796875 0.76328125 0.075 0.134375
0 0.7953125 0.7328125 0.05859375 0.134375
0 0.57109375 0.67734375 0.05 0.15546875
0 0.34375 0.54609375 0.040625 0.1296875
0 0.40703125 0.5234375 0.0453125 0.13515625
1 0.73359375 0.58828125 0.040625 0.15390625
0 0.95 0.503125 0.03046875 0.12265625
0 0.75859375 0.915625 0.08515625 0.16875
0 0.7046875 0.5125 0.05078125 0.11328125
0 0.81796875 0.496875 0.03515625 0.12421875
0 0.7984375 0.45390625 0.02421875 0.11171875
1 0.7828125 0.32421875 0.02578125 0.09921875
0 0.35546875 0.5203125 0.0390625 0.11640625
1 0.13828125 0.4015625 0.03671875 0.11953125
0 0.98984375 0.38671875 0.0203125 0.1046875
0 0.184375 0.53515625 0.025 0.1328125
0 0.19296875 0.5078125 0.0375 0.1328125
0 0.29375 0.5 0.0515625 0.115625
0 0.27109375 0.54375 0.0375 0.1234375
0 0.159375 0.5359375 0.03671875 0.1375
0 0.2890625 0.55390625 0.03125 0.1328125
0 0.26171875 0.4828125 0.01875 0.11328125
0 0.2859375 0.48359375 0.021875 0.075