0 0.0515625 0.68984375 0.05234375 0.1546875
0 0.05546875 0.52265625 0.04453125 0.12265625
0 0.56015625 0.590625 0.04921875 0.13359375
0 0.11171875 0.7015625 0.05078125 0.15625
0 0.48828125 0.6 0.0453125 0.13359375
0 0.3984375 0.678125 0.04296875 0.15703125
0 0.1234375 0.5359375 0.04453125 0.1359375
0 0.83671875 0.6046875 0.0421875 0.1421875
0 0.3640625 0.4984375 0.0359375 0.12265625
0 0.3421875 0.51484375 0.0296875 0.128125
0 0.0921875 0.45703125 0.0390625 0.0984375
0 0.5234375 0.6078125 0.04765625 0.13046875
1 0.5515625 0.40625 0.03125 0.11171875
0 0.81015625 0.6421875 0.04609375 0.1375
0 0.3796875 0.675 0.0421875 0.15703125
0 0.1484375 0.45390625 0.03984375 0.11484375
0 0.703125 0.6515625 0.04765625 0.13828125
0 0.74453125 0.67109375 0.0484375 0.16875
0 0.74140625 0.6375 0.04921875 0.159375
0 0.73046875 0.6609375 0.04609375 0.16484375
1 0.0421875 0.3921875 0.025 0.08359375