0 0.40390625 0.55625 0.03984375 0.15
0 0.2484375 0.60703125 0.04296875 0.15390625
0 0.4328125 0.57734375 0.0390625 0.16015625
1 0.3015625 0.66484375 0.040625 0.1875
0 0.49765625 0.546875 0.0375 0.13984375
0 0.6421875 0.615625 0.04296875 0.15703125
0 0.81953125 0.6453125 0.04765625 0.1640625
0 0.80390625 0.60234375 0.04453125 0.14140625
0 0.690625 0.575 0.04140625 0.153125
0 0.55625 0.640625 0.0421875 0.15546875
0 0.85078125 0.5953125 0.040625 0.146875
0 0.46640625 0.51171875 0.03984375 0.13984375
0 0.72734375 0.81171875 0.05703125 0.2
0 0.5546875 0.59609375 0.03828125 0.14609375
0 0.7046875 0.540625 0.03828125 0.1359375
1 0.58671875 0.55859375 0.0375 0.134375
0 0.6 0.5 0.01640625 0.10546875
0 0.6078125 0.5625 0.02734375 0.1375
0 0.6203125 0.50703125 0.03984375 0.1140625
0 0.625 0.56328125 0.021875 0.11875
1 0.890625 0.309375 0.0234375 0.09296875
0 0.5921875 0.471875 0.02421875 0.09453125
0 0.64765625 0.55625 0.0296875 0.146875
0 0.63125 0.54609375 0.02734375 0.12734375