0 0.14921875 0.584375 0.0484375 0.178125
0 0.0859375 0.4609375 0.0484375 0.1640625
1 0.0171875 0.87578125 0.034375 0.2453125
0 0.2328125 0.5375 0.0359375 0.17421875
0 0.8234375 0.63203125 0.04140625 0.1828125
0 0.775 0.59296875 0.0359375 0.16953125
0 0.39765625 0.59375 0.04296875 0.17578125
0 0.33515625 0.5375 0.0296875 0.18515625
0 0.37734375 0.48828125 0.03671875 0.15859375
1 0.75078125 0.2875 0.03671875 0.14609375
0 0.85859375 0.5859375 0.04609375 0.1875
0 0.51328125 0.6109375 0.04765625 0.18125
1 0.178125 0.23515625 0.03203125 0.11875
0 0.19375 0.50078125 0.0453125 0.17109375
0 0.61015625 0.496875 0.0515625 0.1578125
1 0.4203125 0.59296875 0.0421875 0.1140625
0 0.71796875 0.57109375 0.05 0.18515625
0 0.7625 0.53203125 0.0453125 0.1703125
0 0.725 0.528125 0.0484375 0.16328125
0 0.38359375 0.5140625 0.0453125 0.16875
0 0.6828125 0.59140625 0.05234375 0.18125
0 0.43515625 0.4859375 0.0296875 0.16171875
0 0.79453125 0.5578125 0.0390625 0.190625
0 0.43203125 0.43046875 0.028125 0.1484375
0 0.446875 0.38984375 0.025 0.1453125
0 0.36015625 0.534375 0.02890625 0.178125