0 0.2515625 0.50546875 0.034375 0.1203125
1 0.82734375 0.75625 0.0625 0.21640625
0 0.49453125 0.52421875 0.02890625 0.13984375
0 0.921875 0.45078125 0.02265625 0.1109375
0 0.37421875 0.45703125 0.025 0.11328125
0 0.825 0.415625 0.02109375 0.1
1 0.7390625 0.44296875 0.0265625 0.0953125
1 0.421875 0.39140625 0.02578125 0.0921875
0 0.58828125 0.4359375 0.02265625 0.0921875
0 0.546875 0.47421875 0.02578125 0.1203125
0 0.5015625 0.42265625 0.01953125 0.10703125
1 0.85234375 0.36640625 0.02265625 0.071875
0 0.6140625 0.4203125 0.0203125 0.0828125
0 0.6953125 0.4265625 0.0265625 0.08828125
0 0.721875 0.428125 0.02421875 0.08671875
0 0.54140625 0.42421875 0.0296875 0.090625
0 0.62890625 0.425 0.02421875 0.08828125
0 0.5265625 0.41171875 0.01953125 0.090625
1 0.03359375 0.54609375 0.03515625 0.11484375
0 0.6765625 0.41484375 0.02421875 0.08671875
0 0.6578125 0.42109375 0.02421875 0.0921875
0 0.64296875 0.40625 0.01484375 0.084375
0 0.73671875 0.40390625 0.02109375 0.0828125
0 0.60390625 0.43671875 0.02890625 0.0640625
0 0.54453125 0.40078125 0.01796875 0.07734375
0 0.565625 0.43671875 0.0265625 0.06171875
0 0.6328125 0.425 0.025 0.05625