0 0.5265625 0.56640625 0.04765625 0.09140625
0 0.13984375 0.71953125 0.04140625 0.16171875
0 0.22265625 0.53046875 0.0328125 0.1109375
0 0.5953125 0.596875 0.03984375 0.1046875
0 0.315625 0.5453125 0.02734375 0.11640625
0 0.43125 0.62578125 0.03515625 0.1328125
0 0.38125 0.7578125 0.03828125 0.16015625
0 0.39453125 0.60078125 0.03828125 0.084375
0 0.92578125 0.553125 0.034375 0.11015625
0 0.2671875 0.628125 0.034375 0.1265625
0 0.725 0.68359375 0.03671875 0.14140625
0 0.8234375 0.46796875 0.03046875 0.096875
0 0.57890625 0.52421875 0.03671875 0.109375
0 0.484375 0.5953125 0.04765625 0.08359375
0 0.65 0.43671875 0.0265625 0.0953125
0 0.45390625 0.60390625 0.04453125 0.09921875
1 0.74296875 0.41328125 0.02734375 0.096875
0 0.7703125 0.615625 0.03359375 0.13203125
0 0.49453125 0.53515625 0.0421875 0.07421875
0 0.4671875 0.55078125 0.0390625 0.06484375
0 0.4390625 0.54296875 0.040625 0.02734375
1 0.7609375 0.58359375 0.0296875 0.12578125
0 0.475 0.53671875 0.03671875 0.06015625
0 0.440625 0.5640625 0.03671875 0.028125