0 0.10859375 0.553125 0.0390625 0.159375
0 0.2375 0.44453125 0.0390625 0.1390625
0 0.659375 0.54765625 0.0484375 0.1234375
1 0.171875 0.48671875 0.03828125 0.15390625
0 0.3171875 0.49609375 0.0421875 0.1359375
1 0.9828125 0.4859375 0.034375 0.1359375
0 0.34375 0.559375 0.04140625 0.1515625
0 0.34921875 0.459375 0.040625 0.140625
0 0.66328125 0.3953125 0.04609375 0.12421875
1 0.0171875 0.30234375 0.03046875 0.115625
1 0.63671875 0.35546875 0.0359375 0.128125
0 0.4421875 0.3734375 0.03828125 0.125
0 0.49765625 0.43125 0.0375 0.12890625
0 0.415625 0.5609375 0.05859375 0.08125
0 0.43515625 0.54140625 0.0609375 0.0828125
0 0.45625 0.5078125 0.05546875 0.0765625
0 0.46640625 0.4859375 0.05625 0.071875
0 0.4890625 0.5671875 0.03359375 0.1546875
0 0.4984375 0.5515625 0.03671875 0.146875
0 0.50546875 0.55 0.046875 0.0953125
0 0.51015625 0.5296875 0.046875 0.08125
0 0.53046875 0.51796875 0.0375 0.09296875
0 0.5484375 0.49765625 0.0484375 0.0796875
0 0.578125 0.46875 0.03984375 0.09140625
0 0.70625 0.49609375 0.02890625 0.1484375
0 0.54609375 0.4953125 0.02890625 0.153125