0 0.76640625 0.690625 0.06171875 0.1484375
0 0.58046875 0.659375 0.07265625 0.171875
1 0.9515625 0.559375 0.03828125 0.1703125
0 0.1828125 0.61953125 0.04921875 0.17421875
0 0.528125 0.65546875 0.06953125 0.17578125
0 0.58828125 0.48046875 0.05078125 0.14609375
0 0.71484375 0.384375 0.04609375 0.1203125
0 0.63828125 0.48828125 0.05234375 0.153125
0 0.8625 0.525 0.03671875 0.15
0 0.340625 0.671875 0.05390625 0.171875
0 0.45 0.55703125 0.06015625 0.14609375
1 0.39375 0.31484375 0.03671875 0.11328125
0 0.675 0.45546875 0.053125 0.13515625
0 0.371875 0.65625 0.05234375 0.159375
0 0.59453125 0.39609375 0.04609375 0.11484375
0 0.34296875 0.5609375 0.04921875 0.146875
0 0.4109375 0.646875 0.07109375 0.15625
0 0.41015625 0.58125 0.0578125 0.13359375
0 0.42265625 0.5328125 0.053125 0.1265625
0 0.41875 0.66875 0.07421875 0.1484375