0 0.76484375 0.4609375 0.04921875 0.16328125
0 0.13515625 0.6390625 0.07265625 0.1953125
0 0.34375 0.60625 0.05546875 0.15859375
0 0.30078125 0.53125 0.065625 0.17734375
0 0.16796875 0.6484375 0.0671875 0.2171875
1 0.49609375 0.92421875 0.0734375 0.1515625
0 0.37578125 0.46484375 0.05703125 0.15703125
0 0.72578125 0.66640625 0.0734375 0.171875
1 0.45390625 0.18125 0.02890625 0.1078125
0 0.60546875 0.49609375 0.05703125 0.15546875
0 0.53203125 0.46484375 0.0640625 0.1765625
0 0.2875 0.42890625 0.0453125 0.15703125
0 0.66875 0.603125 0.0625 0.17734375
0 0.49296875 0.52734375 0.06015625 0.18515625
0 0.459375 0.5234375 0.059375 0.16328125
0 0.40390625 0.60703125 0.05859375 0.16953125
0 0.7171875 0.6125 0.06484375 0.1453125
0 0.40234375 0.47734375 0.05546875 0.1375
0 0.42578125 0.5515625 0.06328125 0.14375
0 0.64296875 0.559375 0.05625 0.14765625
0 0.51015625 0.515625 0.0609375 0.18046875
0 0.3890625 0.5984375 0.05625 0.16328125