0 0.9265625 0.4484375 0.04375 0.14765625
0 0.48515625 0.35859375 0.05546875 0.13203125
0 0.8859375 0.32265625 0.0296875 0.13125
0 0.44140625 0.33828125 0.03828125 0.14453125
1 0.1703125 0.771875 0.0609375 0.20625
0 0.84140625 0.36484375 0.04921875 0.1484375
0 0.79375 0.4375 0.0328125 0.1484375
0 0.66484375 0.4140625 0.04296875 0.159375
0 0.3578125 0.29296875 0.04375 0.128125
0 0.35078125 0.38046875 0.05 0.15703125
0 0.4578125 0.234375 0.01875 0.11484375
0 0.6609375 0.378125 0.03984375 0.10078125
0 0.078125 0.2921875 0.0578125 0.1484375
0 0.153125 0.3375 0.05078125 0.15859375
0 0.3125 0.328125 0.0484375 0.14609375
0 0.246875 0.3265625 0.0375 0.146875
1 0.5734375 0.39609375 0.0328125 0.1484375
0 0.26640625 0.35390625 0.046875 0.140625
0 0.35 0.3390625 0.04921875 0.11953125
1 0.721875 0.15390625 0.0203125 0.0609375
0 0.81171875 0.38671875 0.0296875 0.17109375