0 0.04765625 0.696875 0.05703125 0.19296875
0 0.83203125 0.50625 0.03203125 0.1578125
0 0.8953125 0.28046875 0.0234375 0.1171875
0 0.71328125 0.34296875 0.025 0.1296875
0 0.77734375 0.53515625 0.0375 0.15546875
0 0.9765625 0.3515625 0.0265625 0.125
0 0.68359375 0.38046875 0.0296875 0.13984375
1 0.53828125 0.34609375 0.0265625 0.13125
0 0.94140625 0.31171875 0.0203125 0.12734375
0 0.12109375 0.31484375 0.0359375 0.1234375
1 0.98125 0.2671875 0.03671875 0.1125
0 0.6828125 0.34375 0.03046875 0.1203125
0 0.9234375 0.29921875 0.02578125 0.1109375
0 0.9359375 0.31640625 0.01796875 0.11328125
1 0.4078125 0.21875 0.02109375 0.08984375
0 0.90625 0.2890625 0.025 0.1125
0 0.01640625 0.31171875 0.02265625 0.11328125