0 0.15625 0.6078125 0.04140625 0.16796875
0 0.696875 0.4328125 0.02421875 0.1203125
0 0.60078125 0.465625 0.02890625 0.121875
0 0.53828125 0.46640625 0.03046875 0.1234375
1 0.0828125 0.5640625 0.0390625 0.159375
0 0.62578125 0.409375 0.025 0.11796875
1 0.47734375 0.32421875 0.02109375 0.096875
0 0.3546875 0.475 0.03046875 0.12734375
0 0.51484375 0.4796875 0.0390625 0.09296875
1 0.62890625 0.48125 0.0265625 0.1203125
0 0.14140625 0.55234375 0.03515625 0.09609375
1 0.746875 0.36875 0.03046875 0.10390625
0 0.75703125 0.396875 0.02578125 0.109375
0 0.4625 0.47109375 0.0296875 0.1328125
0 0.4546875 0.4375 0.02734375 0.1265625
0 0.4796875 0.471875 0.03046875 0.12265625
1 0.44140625 0.4625 0.03125 0.125
0 0.47578125 0.4546875 0.02734375 0.10234375
0 0.43515625 0.45 0.02734375 0.13046875
0 0.790625 0.35625 0.028125 0.10234375