0 0.53828125 0.55625 0.04765625 0.1765625
0 0.7375 0.39921875 0.03671875 0.1421875
0 0.6046875 0.72265625 0.0625 0.21015625
0 0.4671875 0.39453125 0.03515625 0.15078125
0 0.42578125 0.50078125 0.04453125 0.1640625
0 0.70234375 0.43828125 0.04296875 0.15
0 0.678125 0.3671875 0.03046875 0.14921875
0 0.7421875 0.734375 0.04140625 0.2109375
1 0.76484375 0.8640625 0.059375 0.22734375
0 0.79375 0.409375 0.0390625 0.15859375
0 0.8515625 0.5546875 0.03828125 0.17421875
1 0.26640625 0.4359375 0.05078125 0.1703125
0 0.8046875 0.28203125 0.03203125 0.1109375
1 0.64453125 0.4 0.0390625 0.15234375
0 0.4359375 0.4234375 0.03671875 0.15703125
0 0.58671875 0.4328125 0.03671875 0.16171875
0 0.81796875 0.4140625 0.034375 0.14296875
0 0.6 0.425 0.02578125 0.14921875
0 0.8109375 0.45390625 0.0390625 0.16328125
1 0.64296875 0.28984375 0.03984375 0.12734375
0 0.61640625 0.4078125 0.02265625 0.1484375
0 0.6 0.3765625 0.0234375 0.11171875
0 0.58203125 0.3734375 0.028125 0.14609375
0 0.5921875 0.33046875 0.0140625 0.06953125
0 0.82421875 0.37734375 0.03046875 0.1515625