0 0.51953125 0.5640625 0.0484375 0.08984375
0 0.38515625 0.5984375 0.040625 0.090625
0 0.23203125 0.63828125 0.05078125 0.13046875
0 0.12421875 0.721875 0.05234375 0.1609375
0 0.590625 0.5953125 0.0390625 0.10625
0 0.41953125 0.628125 0.04375 0.12734375
0 0.696875 0.69453125 0.03359375 0.14453125
0 0.303125 0.54375 0.03046875 0.11875
0 0.4765625 0.59296875 0.0484375 0.08515625
0 0.3703125 0.7734375 0.04921875 0.14453125
0 0.93203125 0.55234375 0.03359375 0.11640625
0 0.56953125 0.52109375 0.0390625 0.1109375
0 0.821875 0.46484375 0.0328125 0.09921875
0 0.6265625 0.43125 0.02734375 0.1
0 0.209375 0.528125 0.0375 0.1109375
0 0.55390625 0.3953125 0.03203125 0.09296875
0 0.446875 0.60234375 0.0484375 0.09453125
0 0.4921875 0.5296875 0.0421875 0.07265625
1 0.76328125 0.58828125 0.03203125 0.13046875
0 0.46171875 0.5453125 0.0421875 0.06640625
0 0.784375 0.58359375 0.03203125 0.121875
0 0.42734375 0.55390625 0.04140625 0.06640625
1 0.73515625 0.4109375 0.02890625 0.0984375
0 0.47109375 0.52890625 0.03984375 0.059375
0 0.46328125 0.53203125 0.03984375 0.0578125