0 0.65234375 0.54140625 0.03984375 0.09921875
0 0.35859375 0.534375 0.0265625 0.103125
0 0.38671875 0.490625 0.0265625 0.07578125
0 0.74609375 0.47421875 0.021875 0.07578125
0 0.5984375 0.46953125 0.0328125 0.07265625
1 0.0234375 0.41875 0.01953125 0.0625
0 0.4921875 0.49140625 0.0234375 0.07890625
0 0.41640625 0.43984375 0.02109375 0.06328125
0 0.696875 0.45234375 0.0203125 0.0609375
0 0.2921875 0.4390625 0.0203125 0.0671875
0 0.440625 0.5109375 0.03203125 0.08671875
0 0.6515625 0.43671875 0.02109375 0.05859375
0 0.36171875 0.4484375 0.01640625 0.06171875
0 0.39140625 0.4375 0.01484375 0.06171875
0 0.77421875 0.42578125 0.01640625 0.06171875
0 0.67578125 0.4375 0.01640625 0.0671875
0 0.51171875 0.4859375 0.02265625 0.0765625
0 0.684375 0.45078125 0.021875 0.06484375
0 0.1296875 0.46171875 0.028125 0.06484375
1 0.26484375 0.37421875 0.0125 0.04453125
0 0.37890625 0.446875 0.01796875 0.0609375
0 0.66640625 0.4375 0.015625 0.05703125
0 0.67578125 0.4359375 0.01484375 0.0640625
0 0.71328125 0.40703125 0.0140625 0.06015625