0 0.89296875 0.4078125 0.03046875 0.121875
1 0.73671875 0.59921875 0.04609375 0.175
0 0.38515625 0.36328125 0.025 0.10390625
0 0.090625 0.36953125 0.03125 0.11171875
0 0.42578125 0.465625 0.03671875 0.14296875
0 0.44453125 0.35234375 0.03125 0.103125
0 0.24921875 0.4203125 0.0265625 0.1171875
0 0.36015625 0.378125 0.02890625 0.1078125
1 0.665625 0.29765625 0.02578125 0.08046875
0 0.415625 0.4 0.03515625 0.1203125
0 0.528125 0.325 0.028125 0.0859375
1 0.51328125 0.35859375 0.028125 0.09375
0 0.31484375 0.36015625 0.0265625 0.1015625
0 0.196875 0.3609375 0.0296875 0.103125
0 0.48828125 0.30859375 0.02890625 0.09609375
0 0.50859375 0.325 0.02890625 0.0828125
0 0.340625 0.35703125 0.021875 0.1015625
0 0.28359375 0.3421875 0.01875 0.09453125
1 0.35625 0.296875 0.01875 0.07109375
0 0.17734375 0.3640625 0.01484375 0.09375
1 0.16796875 0.3640625 0.0203125 0.11015625
0 0.24375 0.35859375 0.02265625 0.0890625
0 0.26328125 0.34296875 0.01875 0.09765625
0 0.296875 0.328125 0.0140625 0.08359375
0 0.31640625 0.325 0.01640625 0.08046875
0 0.3859375 0.35859375 0.025 0.0953125
0 0.3125 0.35234375 0.02265625 0.08359375