0 0.76484375 0.3875 0.05 0.1453125
0 0.56015625 0.36875 0.03984375 0.13671875
0 0.79453125 0.3359375 0.05 0.12890625
0 0.97265625 0.3515625 0.03515625 0.1484375
0 0.0953125 0.44609375 0.034375 0.128125
0 0.3890625 0.44765625 0.046875 0.159375
0 0.778125 0.275 0.028125 0.121875
0 0.6984375 0.35625 0.0359375 0.153125
0 0.615625 0.36640625 0.028125 0.1328125
0 0.86953125 0.4140625 0.03671875 0.15859375
0 0.4078125 0.35 0.0453125 0.128125
0 0.0484375 0.42890625 0.0328125 0.15
1 0.82109375 0.85 0.03828125 0.19375
0 0.48203125 0.41875 0.03828125 0.15234375
0 0.89453125 0.4046875 0.03203125 0.13828125
1 0.634375 0.40859375 0.03125 0.14296875
0 0.88828125 0.3640625 0.03203125 0.13984375
0 0.271875 0.3359375 0.02890625 0.1328125
0 0.2828125 0.365625 0.0390625 0.140625
0 0.47890625 0.36796875 0.02265625 0.13671875
0 0.4625 0.384375 0.02421875 0.15
1 0.47265625 0.16484375 0.02265625 0.0921875