0 0.57890625 0.3796875 0.028125 0.159375
0 0.9046875 0.315625 0.0359375 0.13515625
0 0.7921875 0.48984375 0.0484375 0.18046875
0 0.35234375 0.57734375 0.0453125 0.19921875
0 0.14375 0.5640625 0.06015625 0.19609375
0 0.73828125 0.671875 0.0609375 0.20625
0 0.70859375 0.3234375 0.04453125 0.12890625
0 0.7765625 0.33671875 0.0359375 0.14140625
0 0.01328125 0.37265625 0.02578125 0.1625
0 0.0703125 0.44921875 0.046875 0.16171875
0 0.43515625 0.47734375 0.03828125 0.18671875
0 0.7296875 0.446875 0.0421875 0.16796875
1 0.39296875 0.38125 0.03828125 0.1421875
0 0.71015625 0.46015625 0.04453125 0.175
0 0.6609375 0.3703125 0.03828125 0.15546875
0 0.51796875 0.4984375 0.046875 0.14921875
1 0.33984375 0.12890625 0.02421875 0.084375
0 0.48671875 0.5640625 0.04921875 0.184375
0 0.5109375 0.42890625 0.03671875 0.15390625
0 0.66953125 0.3296875 0.0359375 0.13671875
0 0.73125 0.35859375 0.0375 0.13671875
0 0.46953125 0.503125 0.0453125 0.15859375
1 0.5265625 0.725 0.0453125 0.2
0 0.47109375 0.4546875 0.04375 0.1328125
1 0.69765625 0.8453125 0.05078125 0.178125