0 0.33671875 0.55 0.03046875 0.15
0 0.534375 0.6265625 0.04296875 0.16484375
1 0.42734375 0.48984375 0.03125 0.1359375
0 0.24453125 0.484375 0.04375 0.1515625
0 0.3015625 0.4328125 0.0328125 0.12578125
0 0.5765625 0.5953125 0.03359375 0.16015625
0 0.040625 0.48515625 0.03203125 0.15234375
0 0.0796875 0.46796875 0.03125 0.14140625
0 0.61171875 0.6640625 0.0296875 0.175
0 0.16796875 0.5296875 0.0296875 0.1578125
0 0.6078125 0.4296875 0.0265625 0.12421875
0 0.528125 0.38671875 0.02265625 0.07734375
0 0.571875 0.41953125 0.03046875 0.10546875
0 0.15703125 0.4921875 0.03125 0.12109375
0 0.52890625 0.41015625 0.01640625 0.0265625
0 0.53515625 0.434375 0.0515625 0.04296875
0 0.6234375 0.396875 0.02265625 0.1265625
0 0.4984375 0.4234375 0.0546875 0.059375
1 0.5109375 0.3359375 0.02265625 0.10390625