0 0.3578125 0.70234375 0.06953125 0.24453125
1 0.065625 0.32421875 0.05078125 0.13359375
0 0.70234375 0.28828125 0.05234375 0.12890625
0 0.278125 0.45625 0.06796875 0.1828125
0 0.63671875 0.403125 0.05703125 0.15625
0 0.275 0.2953125 0.0375 0.15
0 0.75 0.6609375 0.1 0.20078125
0 0.61328125 0.30390625 0.04140625 0.12890625
0 0.5734375 0.3265625 0.04765625 0.13828125
0 0.09375 0.23828125 0.03671875 0.1390625
0 0.50234375 0.3578125 0.05859375 0.16640625
0 0.4921875 0.2875 0.06953125 0.121875
0 0.54921875 0.36484375 0.0609375 0.15
0 0.3984375 0.33125 0.04375 0.1421875
0 0.3359375 0.18828125 0.06015625 0.12265625
0 0.4671875 0.33359375 0.05390625 0.13671875
0 0.43125 0.2953125 0.04375 0.11015625
0 0.471875 0.3125 0.0296875 0.07421875
0 0.5375 0.378125 0.06171875 0.15859375
0 0.415625 0.29609375 0.04609375 0.11796875
0 0.43515625 0.34921875 0.0421875 0.14375
0 0.425 0.24765625 0.03984375 0.0703125