0 0.21171875 0.47890625 0.0390625 0.1359375
0 0.09765625 0.57109375 0.05234375 0.16484375
1 0.54453125 0.29375 0.0234375 0.0921875
0 0.71796875 0.3625 0.02265625 0.10859375
0 0.734375 0.40703125 0.0234375 0.10234375
1 0.43359375 0.41640625 0.0328125 0.11875
1 0.88671875 0.31796875 0.02890625 0.09453125
1 0.0640625 0.55234375 0.0421875 0.15625
0 0.78671875 0.33828125 0.025 0.103125
0 0.7453125 0.37109375 0.02265625 0.10078125
1 0.77109375 0.45078125 0.028125 0.11015625
0 0.83515625 0.325 0.02109375 0.09375
0 0.58828125 0.41796875 0.02734375 0.11484375
0 0.56328125 0.440625 0.025 0.0890625
0 0.53515625 0.4234375 0.02578125 0.1203125
0 0.5078125 0.42890625 0.02890625 0.11953125
0 0.503125 0.428125 0.02421875 0.08671875
0 0.48515625 0.43515625 0.03046875 0.11328125
0 0.49140625 0.39765625 0.021875 0.109375
0 0.5546875 0.44921875 0.03125 0.06328125