0 0.5328125 0.3890625 0.0375 0.15546875
0 0.4015625 0.71171875 0.0609375 0.2171875
0 0.23046875 0.39296875 0.03515625 0.1453125
0 0.15 0.54921875 0.0359375 0.18203125
0 0.58046875 0.48515625 0.0484375 0.16640625
0 0.46796875 0.55 0.04765625 0.17109375
0 0.3234375 0.36015625 0.03359375 0.14296875
0 0.30078125 0.4359375 0.04609375 0.1453125
0 0.14921875 0.3734375 0.03515625 0.1375
1 0.3609375 0.2828125 0.0359375 0.12578125
0 0.56484375 0.41171875 0.04140625 0.1421875
0 0.26171875 0.7296875 0.04921875 0.2109375
0 0.20078125 0.278125 0.03046875 0.11640625
1 0.23359375 0.83046875 0.0625 0.21796875
0 0.41953125 0.42734375 0.03828125 0.16328125
1 0.74375 0.4296875 0.04453125 0.16328125
0 0.18515625 0.43984375 0.0390625 0.15859375
0 0.4203125 0.36875 0.02578125 0.15390625
0 0.1671875 0.39453125 0.02734375 0.134375
0 0.40234375 0.390625 0.01953125 0.14140625
0 0.18046875 0.4125 0.0359375 0.1515625
1 0.365625 0.421875 0.0390625 0.115625
0 0.39921875 0.4203125 0.0203125 0.159375
0 0.39921875 0.3375 0.01484375 0.06015625
0 0.41015625 0.31328125 0.01484375 0.0546875