1 0.4359375 0.85546875 0.0609375 0.1984375
0 0.4828125 0.70390625 0.03671875 0.09375
0 0.6828125 0.7140625 0.04765625 0.11796875
0 0.5765625 0.709375 0.05 0.078125
0 0.25 0.653125 0.0421875 0.0953125
1 0.94375 0.6015625 0.02734375 0.11875
0 0.30234375 0.659375 0.04140625 0.0859375
0 0.3765625 0.66875 0.04609375 0.103125
0 0.478125 0.659375 0.0375 0.03359375
0 0.3375 0.66484375 0.04296875 0.09453125
0 0.63984375 0.70390625 0.046875 0.1046875
0 0.29921875 0.6015625 0.03046875 0.0765625
1 0.70625 0.5609375 0.02734375 0.10703125
0 0.21171875 0.70390625 0.03359375 0.11015625
0 0.18671875 0.7234375 0.0328125 0.14921875
0 0.4078125 0.61640625 0.03515625 0.121875
0 0.41328125 0.6734375 0.0390625 0.1
0 0.5171875 0.63359375 0.02890625 0.08515625
0 0.33203125 0.61171875 0.0359375 0.08359375
1 0.4984375 0.59140625 0.03125 0.11328125
0 0.45 0.6921875 0.03828125 0.09296875
0 0.40390625 0.6421875 0.04296875 0.05625
0 0.43984375 0.6578125 0.02890625 0.05625
0 0.51328125 0.6703125 0.034375 0.03125
0 0.5171875 0.71015625 0.0375 0.0953125
0 0.53203125 0.72890625 0.0359375 0.09765625