0 0.084375 0.584375 0.03828125 0.1640625
1 0.1828125 0.50390625 0.03359375 0.15
0 0.6734375 0.54453125 0.0375 0.153125
0 0.20625 0.46796875 0.03671875 0.1359375
0 0.6625 0.4109375 0.04296875 0.1234375
1 0.6375 0.371875 0.03515625 0.1265625
1 0.965625 0.5046875 0.04296875 0.12890625
1 0.021875 0.31796875 0.02890625 0.11640625
0 0.73515625 0.5171875 0.03828125 0.14453125
0 0.32578125 0.56796875 0.046875 0.1484375
0 0.30078125 0.50390625 0.0265625 0.1453125
0 0.3296875 0.46796875 0.03828125 0.13984375
0 0.446875 0.3875 0.02109375 0.1140625
0 0.4046875 0.5390625 0.03125 0.146875
0 0.43046875 0.55546875 0.06875 0.078125
0 0.453125 0.52265625 0.05546875 0.08125
0 0.45546875 0.4796875 0.03203125 0.1234375
0 0.49765625 0.44453125 0.02890625 0.1265625
0 0.51171875 0.5703125 0.0328125 0.159375
0 0.5265625 0.55625 0.02109375 0.15703125
0 0.51328125 0.54375 0.05546875 0.0765625
0 0.56875 0.515625 0.02734375 0.1546875
0 0.521875 0.52421875 0.0359375 0.090625
0 0.5375 0.51484375 0.0484375 0.0859375
0 0.5609375 0.484375 0.0328125 0.12578125