0 0.58515625 0.6734375 0.07109375 0.178125
0 0.0375 0.55234375 0.04765625 0.14296875
0 0.1296875 0.64765625 0.046875 0.16015625
0 0.65 0.64921875 0.06015625 0.18828125
0 0.44140625 0.58359375 0.04765625 0.1421875
0 0.71171875 0.5640625 0.06328125 0.15
0 0.43359375 0.66640625 0.06171875 0.153125
0 0.7328125 0.84375 0.065625 0.2046875
0 0.63203125 0.8390625 0.08046875 0.1953125
0 0.86015625 0.71015625 0.0515625 0.1953125
0 0.32578125 0.5578125 0.03984375 0.14609375
0 0.3921875 0.50703125 0.040625 0.13515625
0 0.6109375 0.6484375 0.06171875 0.1671875
1 0.38671875 0.65625 0.04765625 0.178125
0 0.50390625 0.61796875 0.0484375 0.17421875
0 0.88125 0.5875 0.0421875 0.1640625
1 0.96953125 0.503125 0.040625 0.128125
0 0.27890625 0.48671875 0.0421875 0.11953125
0 0.30234375 0.4859375 0.02890625 0.11796875
1 0.27421875 0.42734375 0.03671875 0.1265625
0 0.46953125 0.6 0.05078125 0.13515625
0 0.7203125 0.70390625 0.07109375 0.17109375
0 0.73359375 0.68359375 0.06328125 0.17265625
0 0.3125 0.46796875 0.0203125 0.1125
0 0.3984375 0.43515625 0.046875 0.1125