0 0.88515625 0.56015625 0.07734375 0.33125
0 0.7875 0.51015625 0.0875 0.31640625
0 0.525 0.0703125 0.04765625 0.13984375
1 0.63515625 0.58671875 0.05546875 0.33984375
1 0.9921875 0.0171875 0.015625 0.034375
0 0.68046875 0.7859375 0.07265625 0.3953125
0 0.57265625 0.82578125 0.0625 0.3484375
0 0.4546875 0.859375 0.0921875 0.28046875
0 0.26171875 0.68359375 0.07421875 0.38515625
0 0.3109375 0.49140625 0.05 0.11875
0 0.32265625 0.640625 0.0578125 0.290625
0 0.4 0.77734375 0.08515625 0.3671875
0 0.58046875 0.4875 0.06328125 0.1671875
0 0.58671875 0.625 0.05625 0.18125
0 0.525 0.64375 0.06953125 0.359375
0 0.46796875 0.60703125 0.05234375 0.196875
0 0.38203125 0.58828125 0.0390625 0.1515625
0 0.42421875 0.54765625 0.04921875 0.18671875
0 0.453125 0.5 0.0515625 0.16640625
0 0.4609375 0.73203125 0.2546875 0.0421875
0 0.4671875 0.6078125 0.0609375 0.2015625
0 0.521875 0.665625 0.08203125 0.0890625