0 0.209375 0.47890625 0.040625 0.146875
0 0.60625 0.46015625 0.03671875 0.13203125
1 0.05234375 0.48984375 0.0359375 0.14609375
0 0.565625 0.4578125 0.040625 0.134375
0 0.36875 0.56484375 0.04921875 0.134375
0 0.54375 0.54765625 0.04296875 0.1375
0 0.478125 0.490625 0.04375 0.125
0 0.24921875 0.48984375 0.0453125 0.1375
0 0.5296875 0.503125 0.0390625 0.140625
0 0.303125 0.475 0.04453125 0.153125
1 0.55625 0.390625 0.03515625 0.12109375
0 0.2734375 0.48046875 0.04140625 0.13359375
0 0.41875 0.4875 0.040625 0.14140625
0 0.334375 0.4234375 0.03828125 0.1
0 0.3390625 0.47265625 0.04296875 0.13203125
0 0.4609375 0.4828125 0.0421875 0.1234375
0 0.46875 0.425 0.04375 0.08359375
0 0.2671875 0.4203125 0.0375 0.1234375
0 0.42109375 0.43359375 0.0390625 0.11953125
0 0.35 0.4875 0.04609375 0.125
0 0.43046875 0.4796875 0.0390625 0.1375
0 0.3765625 0.49765625 0.04921875 0.10703125
0 0.4453125 0.4671875 0.03984375 0.12890625
0 0.35 0.45703125 0.04140625 0.10859375