1 0.05625 0.4890625 0.03828125 0.146875
0 0.2328125 0.48515625 0.04765625 0.14609375
0 0.61953125 0.5140625 0.0421875 0.13359375
0 0.3296875 0.5203125 0.04921875 0.0984375
0 0.5203125 0.47890625 0.03359375 0.11953125
0 0.5671875 0.47421875 0.04140625 0.115625
0 0.53828125 0.49375 0.0359375 0.12890625
0 0.42421875 0.53984375 0.0390625 0.10703125
0 0.475 0.471875 0.03671875 0.128125
0 0.446875 0.53203125 0.03984375 0.103125
0 0.28828125 0.47109375 0.04375 0.1390625
0 0.37421875 0.440625 0.0375 0.1390625
0 0.56796875 0.428125 0.0359375 0.1
0 0.31875 0.49375 0.0453125 0.1015625
0 0.4125 0.4484375 0.04140625 0.10859375
0 0.3984375 0.5078125 0.04453125 0.10703125
0 0.321875 0.446875 0.04453125 0.10859375
0 0.3 0.4078125 0.03828125 0.10390625
0 0.2875 0.4328125 0.0390625 0.12109375
0 0.46015625 0.496875 0.0375 0.11953125
0 0.525 0.440625 0.034375 0.0984375
0 0.459375 0.44921875 0.0359375 0.10390625
0 0.56796875 0.38515625 0.0328125 0.10390625
0 0.4515625 0.45546875 0.0375 0.10546875