0 0.7828125 0.509375 0.03203125 0.11953125
0 0.69765625 0.5359375 0.0375 0.121875
1 0.9125 0.828125 0.0328125 0.1890625
0 0.8796875 0.5046875 0.03125 0.11796875
0 0.428125 0.54375 0.03203125 0.11796875
1 0.23203125 0.609375 0.03125 0.12890625
0 0.1796875 0.51328125 0.03359375 0.12109375
0 0.503125 0.5515625 0.025 0.1296875
0 0.53046875 0.5546875 0.02265625 0.13203125
1 0.48515625 0.3953125 0.025 0.09296875
0 0.5578125 0.55234375 0.034375 0.13203125
0 0.59140625 0.5828125 0.02265625 0.134375
0 0.4703125 0.56015625 0.02890625 0.10703125
1 0.15703125 0.43515625 0.021875 0.1125
0 0.46484375 0.515625 0.028125 0.1109375
0 0.2703125 0.5234375 0.03359375 0.11796875
0 0.3265625 0.4859375 0.021875 0.10546875
0 0.375 0.515625 0.03203125 0.1125
0 0.33125 0.5390625 0.0265625 0.12734375
0 0.3828125 0.4828125 0.03203125 0.0875
0 0.403125 0.51953125 0.02890625 0.11953125
0 0.35078125 0.51875 0.01953125 0.11875
0 0.4046875 0.51328125 0.0265625 0.12265625
1 0.39453125 0.521875 0.03125 0.1109375
0 0.37890625 0.528125 0.02421875 0.11328125
0 0.328125 0.46484375 0.01171875 0.03046875