0 0.93515625 0.64375 0.06171875 0.20625
0 0.4046875 0.55625 0.04140625 0.16171875
0 0.87734375 0.48125 0.04609375 0.1640625
0 0.61953125 0.49609375 0.0578125 0.1796875
0 0.59375 0.5703125 0.04765625 0.1875
0 0.1828125 0.3828125 0.0390625 0.15703125
0 0.2828125 0.33671875 0.03515625 0.14140625
0 0.1609375 0.4828125 0.0484375 0.16171875
0 0.41796875 0.42890625 0.03984375 0.1515625
0 0.52265625 0.534375 0.05 0.18828125
0 0.2734375 0.41015625 0.03515625 0.16171875
0 0.15234375 0.36171875 0.03515625 0.13125
0 0.11328125 0.4921875 0.04140625 0.15078125
0 0.26484375 0.31484375 0.0359375 0.11875
0 0.11171875 0.41328125 0.03671875 0.13046875
0 0.44296875 0.5390625 0.05078125 0.1453125
1 0.36953125 0.790625 0.04609375 0.16328125
1 0.5328125 0.37265625 0.03515625 0.1296875
0 0.1484375 0.728125 0.0484375 0.19609375
0 0.5265625 0.4984375 0.04609375 0.165625
0 0.15546875 0.446875 0.04375 0.1390625
0 0.4546875 0.58671875 0.0578125 0.1171875
0 0.99375 0.42734375 0.01171875 0.15