0 0.20390625 0.64296875 0.0375 0.115625
0 0.68359375 0.6796875 0.03515625 0.12421875
0 0.2421875 0.60078125 0.03125 0.10625
0 0.17734375 0.665625 0.0328125 0.12109375
0 0.32734375 0.509375 0.03046875 0.0890625
0 0.2953125 0.5515625 0.03203125 0.09765625
0 0.66640625 0.6171875 0.0328125 0.1015625
0 0.3875 0.4546875 0.02578125 0.0734375
0 0.35078125 0.4859375 0.02421875 0.08203125
0 0.30703125 0.47109375 0.0234375 0.08046875
1 0.18828125 0.884375 0.046875 0.15546875
0 0.66953125 0.53203125 0.02578125 0.08359375
1 0.2390625 0.48125 0.02265625 0.07890625
0 0.66796875 0.4546875 0.028125 0.0734375
0 0.4125 0.43046875 0.02109375 0.06953125
0 0.39921875 0.43828125 0.0234375 0.06953125
1 0.65859375 0.415625 0.01953125 0.0625