0 0.6515625 0.54375 0.0453125 0.140625
0 0.4 0.54140625 0.05625 0.19453125
0 0.42265625 0.31640625 0.05 0.12265625
1 0.6078125 0.88125 0.04765625 0.2375
0 0.11796875 0.34609375 0.053125 0.1421875
0 0.28125 0.39140625 0.0546875 0.14453125
0 0.025 0.4671875 0.05 0.14609375
1 0.459375 0.2984375 0.03515625 0.13984375
0 0.6828125 0.221875 0.02734375 0.11640625
0 0.046875 0.47734375 0.05703125 0.1296875
0 0.35078125 0.25390625 0.0359375 0.13828125
0 0.07734375 0.30078125 0.0375 0.15234375
0 0.0375 0.3265625 0.03359375 0.134375
0 0.06640625 0.3375 0.0328125 0.11875
0 0.39921875 0.25078125 0.0296875 0.10625
1 0.9171875 0.09765625 0.021875 0.09296875
0 0.37265625 0.1875 0.0234375 0.12421875
0 0.9875 0.31015625 0.02421875 0.1234375
0 0.45078125 0.1921875 0.0265625 0.0984375
0 0.38515625 0.21171875 0.0234375 0.121875