0 0.4640625 0.37578125 0.03515625 0.13671875
0 0.31953125 0.3828125 0.040625 0.14375
0 0.2625 0.44609375 0.04296875 0.15078125
0 0.21640625 0.50625 0.04296875 0.16015625
0 0.41953125 0.4734375 0.028125 0.1640625
0 0.92421875 0.44375 0.04140625 0.15703125
0 0.83671875 0.490625 0.05078125 0.15390625
1 0.8796875 0.88203125 0.05234375 0.2359375
0 0.41015625 0.40078125 0.025 0.1484375
0 0.44609375 0.50625 0.04296875 0.1703125
1 0.14765625 0.2359375 0.03359375 0.10859375
1 0.6625 0.4515625 0.0359375 0.1203125
0 0.5765625 0.42109375 0.03671875 0.146875
0 0.9765625 0.59296875 0.04296875 0.1671875
1 0.571875 0.23515625 0.03203125 0.1015625
0 0.965625 0.403125 0.040625 0.153125
0 0.77890625 0.47421875 0.046875 0.159375
0 0.5359375 0.42734375 0.03046875 0.14296875
0 0.9953125 0.4609375 0.009375 0.1625
0 0.5203125 0.4171875 0.028125 0.15625
0 0.9921875 0.39375 0.015625 0.15078125
0 0.9859375 0.48046875 0.028125 0.1546875
0 0.8609375 0.44765625 0.04375 0.146875
0 0.53671875 0.46328125 0.03046875 0.153125