0 0.66875 0.70078125 0.03828125 0.1359375
0 0.3625 0.765625 0.04921875 0.146875
0 0.50703125 0.56328125 0.04765625 0.090625
0 0.41015625 0.62265625 0.040625 0.13359375
0 0.11640625 0.72109375 0.05234375 0.1546875
1 0.75546875 0.58984375 0.0296875 0.13125
0 0.225 0.63359375 0.04921875 0.13203125
0 0.5765625 0.5953125 0.03984375 0.10546875
0 0.71328125 0.58125 0.03828125 0.11328125
0 0.37578125 0.59765625 0.04140625 0.0859375
0 0.9296875 0.56015625 0.03359375 0.10703125
0 0.30390625 0.546875 0.0359375 0.11171875
0 0.55546875 0.52265625 0.03828125 0.10859375
0 0.80390625 0.46796875 0.03203125 0.09609375
0 0.46484375 0.59296875 0.05234375 0.08671875
0 0.2046875 0.52890625 0.0359375 0.109375
0 0.434375 0.603125 0.04609375 0.09609375
1 0.7203125 0.41328125 0.02734375 0.096875
0 0.6078125 0.4328125 0.0296875 0.096875
0 0.446875 0.5453125 0.04296875 0.06484375
0 0.42265625 0.53984375 0.0375 0.0234375
0 0.47421875 0.53046875 0.046875 0.071875
0 0.465625 0.53203125 0.0453125 0.06484375
0 0.42109375 0.55625 0.03984375 0.02734375