0 0.72578125 0.6703125 0.05546875 0.1890625
0 0.6359375 0.5078125 0.05 0.1765625
1 0.0171875 0.48671875 0.03359375 0.14453125
0 0.34453125 0.559375 0.04921875 0.14453125
0 0.66640625 0.478125 0.04609375 0.17734375
0 0.7421875 0.51171875 0.0421875 0.16328125
0 0.98203125 0.43515625 0.03515625 0.1359375
0 0.17734375 0.5453125 0.0453125 0.1703125
0 0.7734375 0.3609375 0.0359375 0.13203125
0 0.7921875 0.4484375 0.0484375 0.1203125
0 0.98515625 0.55703125 0.02890625 0.16640625
0 0.8015625 0.51953125 0.03984375 0.15078125
0 0.8671875 0.590625 0.03515625 0.16875
0 0.8609375 0.63203125 0.078125 0.06875
0 0.9234375 0.5578125 0.034375 0.159375
0 0.925 0.521875 0.03203125 0.1578125
0 0.90078125 0.50234375 0.0234375 0.159375
0 0.9109375 0.43984375 0.01953125 0.08046875
0 0.925 0.39921875 0.03046875 0.121875
0 0.86171875 0.52421875 0.04140625 0.16875