0 0.77265625 0.47265625 0.0390625 0.0875
0 0.1015625 0.43359375 0.03203125 0.125
0 0.5515625 0.4421875 0.025 0.12578125
0 0.17109375 0.365625 0.02421875 0.10390625
0 0.5859375 0.5171875 0.0296875 0.15703125
0 0.5140625 0.36953125 0.0234375 0.109375
0 0.33515625 0.3859375 0.02265625 0.115625
0 0.39453125 0.34296875 0.02109375 0.09609375
0 0.88125 0.4609375 0.034375 0.13671875
0 0.82265625 0.4515625 0.02734375 0.13984375
0 0.7 0.4890625 0.034375 0.1171875
1 0.89375 0.38046875 0.02890625 0.11640625
1 0.2640625 0.3140625 0.0234375 0.07734375
0 0.80390625 0.415625 0.02265625 0.12890625
0 0.67734375 0.4171875 0.02421875 0.115625
0 0.72265625 0.4625 0.02265625 0.1421875
1 0.40859375 0.76484375 0.05625 0.21953125
0 0.61015625 0.471875 0.02265625 0.13359375
0 0.7234375 0.4375 0.03671875 0.13984375
0 0.69140625 0.4765625 0.0421875 0.08046875
0 0.8796875 0.43671875 0.0296875 0.134375
0 0.62734375 0.42734375 0.028125 0.10859375
0 0.61875 0.4234375 0.02265625 0.12109375
0 0.70234375 0.40390625 0.0265625 0.053125
0 0.82578125 0.42578125 0.0265625 0.1328125
1 0.60546875 0.44453125 0.02890625 0.1171875