0 0.1078125 0.64453125 0.05390625 0.1609375
0 0.2140625 0.68515625 0.08203125 0.19609375
0 0.41484375 0.7765625 0.07578125 0.19453125
0 0.57109375 0.428125 0.0359375 0.14375
0 0.68203125 0.675 0.05625 0.1625
0 0.61875 0.6546875 0.05078125 0.1625
0 0.6265625 0.39921875 0.0390625 0.13515625
0 0.75703125 0.37734375 0.025 0.13125
0 0.2203125 0.40859375 0.03046875 0.121875
1 0.3109375 0.44765625 0.034375 0.14296875
0 0.7078125 0.40078125 0.03515625 0.1359375
0 0.075 0.43203125 0.0359375 0.1359375
0 0.1578125 0.32109375 0.0296875 0.1140625
0 0.86328125 0.3828125 0.046875 0.12109375
0 0.68828125 0.44921875 0.03203125 0.1296875
0 0.6078125 0.4 0.0328125 0.12421875
1 0.98359375 0.7859375 0.0328125 0.20625
1 0.83359375 0.2734375 0.0265625 0.10390625
0 0.028125 0.43203125 0.04140625 0.128125
1 0.2296875 0.20234375 0.02734375 0.09140625
0 0.78671875 0.36640625 0.03046875 0.12890625
0 0.8125 0.371875 0.028125 0.12265625
0 0.8015625 0.30546875 0.01796875 0.03515625
0 0.8265625 0.36640625 0.01640625 0.12734375