1 0.16953125 0.91796875 0.03046875 0.10625
0 0.509375 0.7859375 0.0265625 0.06796875
0 0.14921875 0.74609375 0.02578125 0.05859375
0 0.86796875 0.7890625 0.021875 0.06796875
1 0.07265625 0.68515625 0.0171875 0.0609375
0 0.13125 0.78359375 0.02734375 0.06796875
0 0.46171875 0.73828125 0.021875 0.06015625
0 0.45390625 0.65625 0.02265625 0.053125
0 0.109375 0.83515625 0.03046875 0.0796875
0 0.446875 0.6890625 0.0203125 0.0546875
0 0.80703125 0.6390625 0.0140625 0.053125
0 0.19140625 0.68046875 0.021875 0.053125
0 0.6453125 0.62421875 0.0140625 0.04140625
1 0.31640625 0.6171875 0.01484375 0.04921875
0 0.16796875 0.715625 0.021875 0.05625
0 0.23203125 0.63359375 0.01640625 0.0390625
1 0.946875 0.715625 0.01796875 0.06484375
0 0.21328125 0.64765625 0.01796875 0.0546875
0 0.4421875 0.62578125 0.01796875 0.046875
0 0.1765625 0.69296875 0.01953125 0.04609375
0 0.2015625 0.6546875 0.01875 0.05
0 0.20546875 0.66484375 0.01875 0.0515625
0 0.1734375 0.6984375 0.01953125 0.05
0 0.21015625 0.65546875 0.01953125 0.05546875
0 0.44609375 0.63359375 0.01875 0.04375
0 0.425 0.60625 0.01484375 0.03984375
0 0.20078125 0.67109375 0.01953125 0.05