0 0.7578125 0.5796875 0.06796875 0.190625
0 0.4765625 0.41484375 0.0484375 0.128125
0 0.6328125 0.378125 0.0453125 0.14921875
1 0.7828125 0.325 0.040625 0.153125
0 0.403125 0.446875 0.05390625 0.103125
0 0.4640625 0.3515625 0.0390625 0.09921875
0 0.12734375 0.40078125 0.05 0.109375
0 0.39375 0.29296875 0.028125 0.1203125
0 0.35859375 0.41953125 0.0515625 0.11953125
1 0.31171875 0.1953125 0.03203125 0.12109375
0 0.32734375 0.41015625 0.0453125 0.11015625
0 0.40390625 0.33671875 0.03828125 0.1078125
0 0.434375 0.40625 0.06640625 0.1
0 0.22265625 0.37109375 0.0625 0.1
0 0.3890625 0.396875 0.03671875 0.0796875
0 0.225 0.30546875 0.0359375 0.09453125
0 0.184375 0.42578125 0.040625 0.1171875
0 0.1828125 0.3515625 0.05390625 0.1203125
0 0.2734375 0.38515625 0.0421875 0.1140625
0 0.30859375 0.390625 0.04375 0.1078125
0 0.29921875 0.3609375 0.053125 0.07578125
0 0.25625 0.37890625 0.03984375 0.10390625
0 0.28046875 0.34296875 0.04375 0.05078125
0 0.3734375 0.38203125 0.0390625 0.06328125