0 0.9140625 0.6015625 0.04453125 0.15546875
0 0.85234375 0.728125 0.04453125 0.16796875
0 0.85390625 0.59375 0.0390625 0.14609375
0 0.5078125 0.64140625 0.0390625 0.16953125
1 0.96875 0.51875 0.04296875 0.14609375
0 0.07734375 0.55546875 0.04609375 0.15859375
0 0.14765625 0.5890625 0.03984375 0.13984375
0 0.41953125 0.46484375 0.04140625 0.11875
1 0.9515625 0.9125 0.05234375 0.16171875
0 0.45625 0.54921875 0.03671875 0.1265625
1 0.0765625 0.3953125 0.028125 0.0890625
0 0.3703125 0.5984375 0.04609375 0.11875
0 0.52109375 0.55625 0.0375 0.140625
1 0.29453125 0.6765625 0.04140625 0.165625
0 0.32109375 0.5734375 0.0421875 0.1265625
0 0.328125 0.61953125 0.0453125 0.128125
0 0.44453125 0.58515625 0.03203125 0.1125
0 0.62890625 0.5953125 0.05859375 0.0859375
0 0.55703125 0.5953125 0.0515625 0.07265625
1 0.68203125 0.21953125 0.015625 0.08359375
0 0.425 0.58515625 0.025 0.1515625
0 0.40546875 0.584375 0.03359375 0.14140625
0 0.3453125 0.61875 0.06796875 0.040625
0 0.42109375 0.6078125 0.0390625 0.07578125