0 0.58046875 0.5921875 0.04453125 0.13671875
0 0.503125 0.540625 0.0375 0.14296875
0 0.203125 0.51484375 0.04453125 0.09765625
0 0.28125 0.57734375 0.04921875 0.103125
0 0.53984375 0.45 0.03984375 0.13984375
0 0.68125 0.48125 0.03984375 0.134375
0 0.26640625 0.4921875 0.04453125 0.0921875
0 0.48984375 0.4796875 0.04140625 0.1171875
1 0.725 0.5 0.0375 0.14140625
0 0.44609375 0.52734375 0.053125 0.0890625
0 0.56796875 0.4921875 0.04140625 0.1171875
0 0.7046875 0.4015625 0.03828125 0.1203125
0 0.35390625 0.58203125 0.04140625 0.1296875
1 0.63828125 0.34609375 0.03203125 0.11328125
0 0.3421875 0.4625 0.03125 0.1171875
0 0.31171875 0.55703125 0.04609375 0.1
0 0.4171875 0.546875 0.05078125 0.1015625
0 0.5734375 0.38515625 0.03515625 0.10859375
0 0.4 0.421875 0.03359375 0.11171875
0 0.38125 0.56015625 0.04453125 0.10859375
0 0.346875 0.53984375 0.03671875 0.09609375
0 0.39140625 0.55625 0.04375 0.1015625
0 0.4125 0.48125 0.03984375 0.08203125
0 0.3953125 0.4640625 0.03515625 0.0859375
0 0.37109375 0.52265625 0.040625 0.0875
0 0.40625 0.49609375 0.040625 0.0875