0 0.45 0.61796875 0.040625 0.13671875
0 0.859375 0.54921875 0.0578125 0.11796875
0 0.8171875 0.55078125 0.046875 0.11953125
1 0.2578125 0.4296875 0.0296875 0.10078125
1 0.29375 0.56171875 0.040625 0.1265625
0 0.57265625 0.625 0.04375 0.1359375
0 0.51953125 0.5609375 0.03984375 0.128125
0 0.77109375 0.51171875 0.03984375 0.125
0 0.70859375 0.546875 0.0453125 0.11953125
0 0.678125 0.503125 0.04765625 0.11953125
1 0.8046875 0.46953125 0.0359375 0.1109375
0 0.56171875 0.5515625 0.040625 0.1296875
0 0.540625 0.55078125 0.03984375 0.12265625
0 0.74296875 0.5296875 0.0421875 0.10078125
0 0.72578125 0.52578125 0.04375 0.09765625
0 0.69453125 0.496875 0.0265625 0.1015625