0 0.321875 0.571875 0.0359375 0.11171875
0 0.78359375 0.56328125 0.02734375 0.10546875
0 0.41015625 0.521875 0.03125 0.0984375
1 0.5015625 0.6265625 0.0265625 0.103125
0 0.6359375 0.55390625 0.01875 0.0984375
0 0.371875 0.5765625 0.03046875 0.06875
1 0.5765625 0.50390625 0.02109375 0.0890625
0 0.615625 0.55 0.03125 0.08984375
0 0.44453125 0.5234375 0.0203125 0.0953125
1 0.94296875 0.48515625 0.02421875 0.08515625
1 0.7671875 0.4609375 0.02265625 0.084375
0 0.46796875 0.54609375 0.028125 0.06015625
0 0.69453125 0.53515625 0.01953125 0.09453125
0 0.5890625 0.540625 0.02734375 0.09140625
0 0.484375 0.54453125 0.02734375 0.06640625
0 0.56015625 0.54765625 0.02421875 0.06484375
0 0.54140625 0.55546875 0.02265625 0.0984375
0 0.5328125 0.52109375 0.01875 0.06953125
0 0.52890625 0.54765625 0.01953125 0.09375
1 0.19609375 0.4453125 0.021875 0.07265625
0 0.45 0.48984375 0.01875 0.084375
0 0.51875 0.54296875 0.01796875 0.08046875
0 0.50859375 0.546875 0.0234375 0.04296875
0 0.4890625 0.490625 0.0171875 0.084375
0 0.478125 0.49921875 0.01640625 0.08359375
0 0.69140625 0.5203125 0.021875 0.09140625
0 0.54453125 0.5625 0.025 0.10078125