0 0.365625 0.76796875 0.0515625 0.15078125
0 0.51484375 0.5609375 0.0484375 0.09140625
0 0.1140625 0.72421875 0.06015625 0.15234375
0 0.69765625 0.7078125 0.04140625 0.13671875
0 0.58515625 0.59375 0.0421875 0.10859375
0 0.47109375 0.590625 0.053125 0.0875
0 0.22578125 0.634375 0.05234375 0.1359375
0 0.72578125 0.5796875 0.03984375 0.11484375
1 0.77421875 0.590625 0.03125 0.134375
0 0.30703125 0.5453125 0.0375 0.11328125
0 0.403125 0.625 0.04375 0.1265625
0 0.38046875 0.596875 0.04296875 0.09296875
0 0.96875 0.55546875 0.03515625 0.11328125
0 0.20390625 0.52578125 0.03671875 0.1140625
0 0.56328125 0.51953125 0.040625 0.109375
1 0.7328125 0.40703125 0.02890625 0.10078125
0 0.81953125 0.46171875 0.03359375 0.09765625
0 0.61875 0.428125 0.0328125 0.1015625
0 0.41875 0.57734375 0.04375 0.08203125
0 0.44765625 0.38046875 0.03203125 0.08828125
0 0.4421875 0.60234375 0.04921875 0.090625
0 0.45234375 0.54296875 0.0453125 0.0671875
0 0.48828125 0.528125 0.04453125 0.07734375
0 0.4203125 0.54921875 0.04140625 0.0640625
0 0.46484375 0.52734375 0.04296875 0.06171875