0 0.59296875 0.46015625 0.0296875 0.159375
0 0.87734375 0.4109375 0.034375 0.14609375
0 0.509375 0.4625 0.02265625 0.18046875
0 0.76640625 0.51640625 0.03984375 0.196875
0 0.54375 0.33984375 0.028125 0.12421875
0 0.4828125 0.496875 0.03046875 0.1859375
0 0.278125 0.378125 0.02265625 0.13984375
1 0.2609375 0.2640625 0.021875 0.08984375
0 0.43203125 0.43671875 0.02265625 0.1609375
1 0.8359375 0.24921875 0.015625 0.08828125
0 0.65625 0.50078125 0.04375 0.171875
0 0.2125 0.459375 0.0296875 0.18203125
0 0.6453125 0.384375 0.03203125 0.1375
0 0.4328125 0.4140625 0.02421875 0.1546875
1 0.6453125 0.43203125 0.0265625 0.14375
0 0.34921875 0.50625 0.046875 0.18828125
0 0.303125 0.41953125 0.0203125 0.1609375
0 0.35390625 0.41640625 0.021875 0.10234375
0 0.1578125 0.4515625 0.02890625 0.16796875
0 0.35859375 0.48984375 0.02890625 0.18125
0 0.225 0.5109375 0.03515625 0.2
0 0.3171875 0.43828125 0.01953125 0.16015625
0 0.49140625 0.4453125 0.02421875 0.15625
0 0.32421875 0.4765625 0.02109375 0.17890625