1 0.44765625 0.7328125 0.06640625 0.25
0 0.575 0.6765625 0.06875 0.221875
0 0.07734375 0.6859375 0.065625 0.2203125
0 0.34609375 0.58046875 0.059375 0.2
0 0.03671875 0.56953125 0.05546875 0.17890625
0 0.7953125 0.73359375 0.08046875 0.2203125
0 0.83125 0.6046875 0.08125 0.17578125
0 0.91171875 0.83203125 0.08984375 0.221875
0 0.29296875 0.51015625 0.06328125 0.16484375
0 0.4609375 0.5171875 0.05703125 0.1828125
0 0.7046875 0.753125 0.07734375 0.234375
0 0.50078125 0.61953125 0.0546875 0.2078125
1 0.2859375 0.43125 0.0515625 0.16328125
0 0.5234375 0.64296875 0.0609375 0.20234375
0 0.71796875 0.90546875 0.07578125 0.18828125
0 0.7234375 0.70625 0.06953125 0.21640625
0 0.4234375 0.4625 0.05625 0.1421875
0 0.32734375 0.49609375 0.053125 0.15078125
0 0.9109375 0.91171875 0.1015625 0.17578125
0 0.4484375 0.4625 0.040625 0.0953125
0 0.44375 0.721875 0.04921875 0.2234375
0 0.92421875 0.80703125 0.06796875 0.18125