1 0.15234375 0.921875 0.02734375 0.10703125
0 0.5359375 0.7703125 0.02578125 0.065625
0 0.86171875 0.79140625 0.02421875 0.06875
0 0.46640625 0.73046875 0.02421875 0.065625
1 0.08671875 0.68203125 0.0171875 0.0640625
0 0.446875 0.68671875 0.0203125 0.0578125
0 0.23203125 0.825 0.0296875 0.08203125
0 0.8 0.6375 0.01640625 0.05234375
0 0.9421875 0.7109375 0.01875 0.0640625
0 0.6421875 0.621875 0.015625 0.04453125
0 0.2453125 0.765625 0.02734375 0.0703125
1 0.32421875 0.61171875 0.01640625 0.0515625
0 0.46328125 0.62734375 0.01796875 0.04921875
0 0.28671875 0.628125 0.01796875 0.04296875
0 0.45234375 0.65234375 0.01953125 0.04921875
0 0.2734375 0.6625 0.021875 0.05
0 0.26640625 0.64375 0.01953125 0.05234375
0 0.24765625 0.66328125 0.02265625 0.059375
0 0.2671875 0.68515625 0.02265625 0.05625
0 0.25234375 0.709375 0.0234375 0.05546875
0 0.2515625 0.7359375 0.02265625 0.06484375
0 0.25703125 0.69765625 0.021875 0.0515625
0 0.25078125 0.7296875 0.02421875 0.0625
0 0.41328125 0.6 0.0171875 0.0421875