0 0.07578125 0.6234375 0.053125 0.1390625
0 0.1375 0.65 0.05234375 0.15546875
0 0.76953125 0.7125 0.0515625 0.15078125
0 0.28515625 0.4546875 0.05234375 0.1390625
0 0.67578125 0.61875 0.04765625 0.12734375
0 0.37109375 0.6640625 0.0484375 0.1375
0 0.07421875 0.4828125 0.04140625 0.1203125
1 0.2703125 0.78515625 0.04921875 0.19921875
0 0.21953125 0.72265625 0.0515625 0.1671875
0 0.41171875 0.62265625 0.05859375 0.0984375
1 0.9921875 0.4984375 0.015625 0.15625
0 0.4796875 0.6671875 0.06328125 0.10703125
0 0.36953125 0.56875 0.0484375 0.13515625
0 0.53984375 0.7046875 0.07109375 0.11484375
0 0.68671875 0.72265625 0.0546875 0.12109375
0 0.6265625 0.79296875 0.04765625 0.16640625
0 0.6078125 0.66015625 0.05390625 0.10703125
0 0.49453125 0.58515625 0.05234375 0.090625
0 0.584375 0.56640625 0.0421875 0.10546875
0 0.5484375 0.6515625 0.05625 0.0984375
0 0.6390625 0.6953125 0.04453125 0.10390625
1 0.0421875 0.359375 0.028125 0.1
0 0.57578125 0.6296875 0.0375 0.1359375
0 0.53046875 0.6171875 0.04609375 0.1
0 0.63046875 0.72265625 0.03359375 0.16953125