0 0.98671875 0.6765625 0.0265625 0.134375
1 0.34609375 0.615625 0.02890625 0.11015625
1 0.146875 0.81640625 0.04453125 0.1609375
1 0.5703125 0.65546875 0.03671875 0.12421875
0 0.61875 0.71015625 0.0390625 0.1296875
1 0.5015625 0.58671875 0.02890625 0.11171875
0 0.6328125 0.665625 0.03515625 0.134375
0 0.9203125 0.7125 0.04375 0.12265625
0 0.6921875 0.7 0.03984375 0.12890625
0 0.73046875 0.7328125 0.0515625 0.084375
0 0.80234375 0.69375 0.0390625 0.1328125
0 0.93984375 0.66875 0.03515625 0.12265625
0 0.77890625 0.66171875 0.03828125 0.12890625
0 0.74375 0.7 0.0421875 0.10625
0 0.71015625 0.66171875 0.03984375 0.11171875
0 0.81875 0.6265625 0.03671875 0.09765625
0 0.81953125 0.67734375 0.03671875 0.1203125
0 0.6875 0.63671875 0.03828125 0.11015625
0 0.8515625 0.6578125 0.03671875 0.115625
0 0.68046875 0.6703125 0.0375 0.13125
0 0.74296875 0.68125 0.0359375 0.1
0 0.70546875 0.69609375 0.04140625 0.115625
0 0.6859375 0.65703125 0.03828125 0.12109375
0 0.9265625 0.67890625 0.0359375 0.1140625
0 0.83203125 0.67734375 0.0359375 0.1203125