1 0.021875 0.34921875 0.03515625 0.14140625
1 0.559375 0.28828125 0.03984375 0.1515625
0 0.640625 0.50234375 0.0375 0.18046875
0 0.18359375 0.51796875 0.03125 0.20078125
0 0.496875 0.4765625 0.03359375 0.18984375
1 0.634375 0.471875 0.0265625 0.1734375
0 0.315625 0.48828125 0.0296875 0.1953125
0 0.31328125 0.4796875 0.0296875 0.184375
0 0.34140625 0.465625 0.025 0.18125
0 0.3875 0.5 0.0359375 0.19765625
0 0.3578125 0.490625 0.03984375 0.14296875
0 0.4609375 0.50859375 0.0375 0.184375
0 0.440625 0.52109375 0.02734375 0.12265625
0 0.4375 0.4296875 0.0296875 0.046875
0 0.37109375 0.53671875 0.02734375 0.0765625
0 0.4171875 0.4609375 0.03828125 0.053125
0 0.42890625 0.55703125 0.02890625 0.05859375