0 0.65 0.58515625 0.04453125 0.18125
0 0.56953125 0.4609375 0.03515625 0.1640625
0 0.14453125 0.44375 0.03984375 0.1640625
0 0.77421875 0.48828125 0.04296875 0.165625
0 0.1 0.471875 0.03984375 0.1640625
1 0.56875 0.25703125 0.0296875 0.10625
0 0.61015625 0.49296875 0.04140625 0.1703125
0 0.69140625 0.4953125 0.04296875 0.1703125
0 0.5203125 0.49375 0.03984375 0.1671875
0 0.828125 0.484375 0.04296875 0.19140625
0 0.5109375 0.4640625 0.03671875 0.1609375
0 0.1859375 0.41953125 0.03828125 0.13203125
0 0.0609375 0.4859375 0.03984375 0.15546875
0 0.240625 0.43125 0.03671875 0.159375
0 0.1984375 0.46484375 0.04296875 0.1546875
1 0.615625 0.43359375 0.03359375 0.12890625
0 0.2234375 0.4546875 0.04140625 0.17265625
0 0.20703125 0.40546875 0.03671875 0.12109375
0 0.059375 0.4484375 0.03984375 0.14921875
0 0.24453125 0.39921875 0.03203125 0.13203125
0 0.821875 0.46953125 0.0375 0.178125