1 0.0421875 0.4640625 0.028125 0.14140625
0 0.23984375 0.4859375 0.0359375 0.13046875
1 0.1609375 0.33203125 0.02578125 0.08359375
0 0.76875 0.44609375 0.02421875 0.128125
0 0.66953125 0.46875 0.03046875 0.1296875
0 0.58125 0.4296875 0.02265625 0.11640625
0 0.415625 0.45234375 0.0234375 0.12421875
0 0.465625 0.4484375 0.02421875 0.13125
0 0.5140625 0.4546875 0.03828125 0.090625
0 0.56875 0.46484375 0.028125 0.134375
0 0.46171875 0.46171875 0.0375 0.12578125
0 0.53828125 0.4609375 0.0265625 0.134375
0 0.61953125 0.45546875 0.0375 0.13125
0 0.4359375 0.46171875 0.0359375 0.08046875
0 0.4015625 0.46015625 0.03671875 0.08046875
0 0.52265625 0.4765625 0.03984375 0.1140625
0 0.37890625 0.43125 0.03984375 0.125
0 0.48671875 0.47265625 0.0390625 0.08046875
0 0.5140625 0.47734375 0.034375 0.0890625
0 0.665625 0.4234375 0.0265625 0.11171875
1 0.621875 0.440625 0.03203125 0.11484375
0 0.55234375 0.46796875 0.02421875 0.07578125
0 0.53046875 0.43359375 0.02265625 0.11953125
0 0.44140625 0.43046875 0.02734375 0.1171875
0 0.43828125 0.39296875 0.02265625 0.08671875
0 0.4046875 0.39140625 0.0234375 0.0796875