0 0.77109375 0.60703125 0.05546875 0.1609375
0 0.57890625 0.74921875 0.0640625 0.175
0 0.33359375 0.7125 0.05625 0.1828125
0 0.0890625 0.465625 0.034375 0.1640625
0 0.09765625 0.67578125 0.05078125 0.1828125
0 0.70859375 0.4265625 0.05703125 0.134375
0 0.5671875 0.60625 0.065625 0.12578125
0 0.4828125 0.33203125 0.040625 0.1140625
0 0.4375 0.63828125 0.0671875 0.1078125
0 0.74765625 0.62109375 0.0546875 0.18046875
0 0.68515625 0.3390625 0.04453125 0.121875
0 0.59765625 0.5859375 0.0640625 0.1234375
0 0.49609375 0.73125 0.08359375 0.1703125
0 0.27421875 0.653125 0.04296875 0.17109375
0 0.5234375 0.42734375 0.05390625 0.121875
1 0.228125 0.4796875 0.0390625 0.15859375
0 0.46328125 0.5765625 0.065625 0.09609375
0 0.3109375 0.5421875 0.04609375 0.1515625
0 0.515625 0.684375 0.075 0.1234375
0 0.509375 0.61484375 0.0671875 0.10703125
0 0.40703125 0.69375 0.07109375 0.12421875
1 0.68828125 0.2578125 0.034375 0.1125
0 0.30078125 0.6078125 0.04296875 0.15546875
1 0.18984375 0.9703125 0.0453125 0.05859375