0 0.13828125 0.88671875 0.0578125 0.184375
0 0.0765625 0.8640625 0.05625 0.19453125
0 0.378125 0.56875 0.0359375 0.1125
1 0.2765625 0.55859375 0.03671875 0.1140625
0 0.03828125 0.79453125 0.05625 0.1609375
0 0.46875 0.5609375 0.03671875 0.125
0 0.0578125 0.56640625 0.03671875 0.11640625
0 0.5359375 0.54765625 0.040625 0.12109375
1 0.253125 0.42578125 0.0265625 0.0984375
0 0.6015625 0.4984375 0.04296875 0.1140625
0 0.7734375 0.54375 0.0453125 0.115625
0 0.503125 0.5484375 0.03828125 0.11640625
0 0.6171875 0.5421875 0.04453125 0.084375
0 0.65625 0.53671875 0.03203125 0.0984375
0 0.04609375 0.509375 0.034375 0.10546875
0 0.7375 0.54140625 0.04375 0.11640625
0 0.63515625 0.5296875 0.0375 0.084375
0 0.07890625 0.55390625 0.0359375 0.10859375
0 0.7390625 0.5046875 0.03828125 0.109375
1 0.75703125 0.4609375 0.0328125 0.103125
0 0.51875 0.534375 0.0359375 0.103125
0 0.0140625 0.7796875 0.0265625 0.15703125
0 0.609375 0.490625 0.0265625 0.08359375