0 0.10234375 0.6265625 0.0515625 0.13515625
0 0.159375 0.65078125 0.04921875 0.146875
0 0.54453125 0.7015625 0.06953125 0.109375
0 0.30078125 0.46328125 0.04921875 0.12890625
0 0.23515625 0.71875 0.046875 0.16484375
0 0.765625 0.70625 0.046875 0.1515625
0 0.42265625 0.625 0.05546875 0.09296875
1 0.2859375 0.77421875 0.04765625 0.18671875
0 0.48828125 0.66796875 0.06328125 0.1
0 0.67578125 0.61953125 0.04453125 0.12109375
0 0.3828125 0.6640625 0.0453125 0.12890625
1 0.984375 0.50546875 0.03046875 0.14921875
0 0.38203125 0.571875 0.04609375 0.1265625
0 0.09765625 0.4875 0.03671875 0.11796875
0 0.62734375 0.78671875 0.04375 0.15546875
0 0.63203125 0.71640625 0.0390625 0.1625
0 0.6125 0.659375 0.04921875 0.1015625
0 0.58671875 0.56796875 0.03984375 0.09296875
0 0.6875 0.7203125 0.05390625 0.1109375
0 0.50078125 0.5890625 0.04765625 0.08671875
0 0.55078125 0.6515625 0.05390625 0.0859375
1 0.0671875 0.37109375 0.02734375 0.09609375
0 0.53671875 0.6140625 0.046875 0.08203125
1 0.521875 0.0484375 0.01953125 0.0640625
0 0.584375 0.621875 0.0328125 0.13671875
0 0.64140625 0.69140625 0.04140625 0.1015625