1 0.0296875 0.4515625 0.03203125 0.13984375
0 0.24765625 0.46796875 0.03046875 0.1390625
1 0.1703125 0.32109375 0.0234375 0.07890625
0 0.76953125 0.4328125 0.0265625 0.1265625
1 0.6296875 0.428125 0.0234375 0.1140625
0 0.6671875 0.44921875 0.0265625 0.13671875
0 0.6671875 0.40703125 0.01953125 0.10546875
0 0.6171875 0.440625 0.0265625 0.13203125
0 0.57890625 0.41953125 0.02109375 0.1125
0 0.55859375 0.45234375 0.02265625 0.075
0 0.571875 0.45078125 0.0296875 0.1328125
0 0.54296875 0.44375 0.025 0.13671875
0 0.51640625 0.46875 0.034375 0.0796875
0 0.49140625 0.45859375 0.0453125 0.07890625
0 0.4671875 0.45234375 0.0359375 0.11796875
0 0.46484375 0.4296875 0.02265625 0.12265625
0 0.440625 0.45234375 0.0375 0.0734375
0 0.41875 0.4359375 0.01875 0.12890625
0 0.40625 0.4484375 0.0265625 0.06640625
0 0.51171875 0.4390625 0.0375 0.0859375
0 0.51796875 0.39765625 0.0203125 0.0703125
0 0.46796875 0.3734375 0.01953125 0.06484375
0 0.43671875 0.415625 0.02421875 0.11640625
0 0.440625 0.375 0.02265625 0.0796875
0 0.365625 0.42265625 0.0265625 0.12578125