1 0.05703125 0.2296875 0.04609375 0.1734375
0 0.1984375 0.2609375 0.04921875 0.20625
0 0.70390625 0.55859375 0.05546875 0.24375
0 0.3625 0.42265625 0.05859375 0.209375
1 0.8125 0.04609375 0.0328125 0.09140625
0 0.56328125 0.4921875 0.0515625 0.1046875
0 0.98515625 0.36015625 0.02890625 0.21328125
0 0.26328125 0.3078125 0.06953125 0.209375
0 0.453125 0.42890625 0.0578125 0.19375
0 0.6265625 0.36875 0.05078125 0.20234375
0 0.803125 0.36640625 0.04765625 0.2109375
0 0.46328125 0.2515625 0.0328125 0.17890625
0 0.64609375 0.38203125 0.05390625 0.19921875
0 0.46875 0.31796875 0.04140625 0.203125
1 0.240625 0.77734375 0.075 0.34765625
0 0.990625 0.1453125 0.01875 0.14375
0 0.8 0.3421875 0.04375 0.21171875
1 0.8828125 0.2609375 0.04375 0.18125
0 0.4265625 0.41328125 0.109375 0.07734375
0 0.54140625 0.32734375 0.0625 0.21171875
0 0.5171875 0.3265625 0.0453125 0.203125
0 0.69375 0.521875 0.05 0.23671875
0 0.5109375 0.4953125 0.0921875 0.10859375
0 0.52578125 0.48203125 0.08984375 0.07890625