0 0.78359375 0.73359375 0.0578125 0.2015625
0 0.47265625 0.55546875 0.04453125 0.16796875
1 0.678125 0.89296875 0.0640625 0.2109375
0 0.77890625 0.54921875 0.04453125 0.1734375
0 0.37421875 0.53125 0.0421875 0.16171875
0 0.5984375 0.71171875 0.05234375 0.20546875
1 0.203125 0.43046875 0.04765625 0.17578125
0 0.52734375 0.43359375 0.02734375 0.15703125
1 0.66875 0.40625 0.03828125 0.140625
0 0.721875 0.2875 0.0296875 0.1109375
0 0.74921875 0.490625 0.03671875 0.15859375
0 0.5625 0.43203125 0.04609375 0.11953125
0 0.38359375 0.41796875 0.03515625 0.1359375
0 0.61328125 0.36640625 0.021875 0.146875
0 0.634375 0.44140625 0.04453125 0.14609375
1 0.5546875 0.28359375 0.03359375 0.12109375
0 0.646875 0.4 0.028125 0.1296875
0 0.746875 0.4046875 0.028125 0.125
0 0.53828125 0.3828125 0.025 0.12109375
0 0.3875 0.38125 0.02109375 0.1390625
0 0.5390625 0.428125 0.01953125 0.14453125
0 0.5203125 0.3734375 0.02890625 0.1359375
0 0.525 0.34375 0.01953125 0.0953125
0 0.6203125 0.39296875 0.021875 0.1375
0 0.759375 0.38203125 0.02421875 0.1375