1 0.15625 0.92265625 0.03125 0.109375
0 0.50546875 0.78671875 0.02734375 0.06953125
0 0.13515625 0.74609375 0.0265625 0.06015625
0 0.8734375 0.790625 0.02265625 0.06953125
1 0.05703125 0.68359375 0.01796875 0.0625
0 0.1171875 0.784375 0.028125 0.06953125
0 0.45703125 0.73828125 0.02265625 0.06171875
0 0.4484375 0.65390625 0.02265625 0.05390625
0 0.09453125 0.8375 0.03125 0.08203125
0 0.44140625 0.6875 0.02109375 0.05625
0 0.8109375 0.63671875 0.0140625 0.05390625
0 0.17890625 0.678125 0.02265625 0.05390625
0 0.64453125 0.62109375 0.0140625 0.04296875
1 0.30703125 0.61328125 0.01484375 0.05
0 0.15546875 0.7140625 0.02265625 0.0578125
0 0.22109375 0.63046875 0.0171875 0.03984375
1 0.9546875 0.71484375 0.01796875 0.06640625
0 0.2015625 0.6453125 0.01875 0.05625
0 0.4359375 0.621875 0.01875 0.0484375
0 0.16328125 0.69140625 0.0203125 0.04765625
0 0.1890625 0.65234375 0.01953125 0.0515625
0 0.19296875 0.6625 0.01953125 0.053125
0 0.1609375 0.696875 0.01953125 0.0515625
0 0.1984375 0.653125 0.01953125 0.05703125
0 0.440625 0.63046875 0.01953125 0.04453125
0 0.41875 0.60234375 0.015625 0.040625
0 0.18828125 0.66953125 0.01953125 0.0515625