0 0.96015625 0.46015625 0.0453125 0.15390625
0 0.49921875 0.3671875 0.0578125 0.1375
0 0.91796875 0.32890625 0.03125 0.1375
0 0.45390625 0.34609375 0.040625 0.15078125
1 0.17109375 0.79765625 0.06328125 0.215625
0 0.87109375 0.3734375 0.0515625 0.1546875
0 0.82109375 0.45 0.03359375 0.1546875
0 0.68671875 0.42421875 0.04453125 0.16640625
0 0.36640625 0.2984375 0.0453125 0.13359375
0 0.35859375 0.38984375 0.05234375 0.16328125
0 0.47109375 0.2375 0.01953125 0.11953125
0 0.6828125 0.38671875 0.04140625 0.1046875
0 0.07421875 0.29765625 0.0609375 0.1546875
0 0.153125 0.34453125 0.053125 0.165625
0 0.31875 0.33515625 0.05078125 0.15234375
0 0.25078125 0.3328125 0.0390625 0.153125
1 0.59140625 0.40625 0.034375 0.15546875
0 0.27109375 0.3625 0.04921875 0.146875
0 0.3578125 0.34609375 0.0515625 0.125
1 0.74609375 0.15390625 0.02109375 0.0640625
0 0.840625 0.39609375 0.03046875 0.178125