0 0.49375 0.5484375 0.046875 0.1375
0 0.578125 0.59765625 0.04765625 0.140625
0 0.18125 0.51640625 0.046875 0.103125
0 0.265625 0.58125 0.05546875 0.11015625
0 0.43515625 0.52890625 0.059375 0.1046875
0 0.52890625 0.4453125 0.0390625 0.1390625
0 0.253125 0.48828125 0.05078125 0.1046875
1 0.73359375 0.4953125 0.03671875 0.15390625
0 0.69921875 0.46171875 0.040625 0.1234375
0 0.5640625 0.49609375 0.04375 0.1203125
0 0.38671875 0.42109375 0.04765625 0.1203125
0 0.3421875 0.58203125 0.05 0.140625
0 0.57265625 0.37890625 0.0421875 0.11484375
0 0.46953125 0.4953125 0.0515625 0.09453125
1 0.64375 0.34140625 0.034375 0.11171875
0 0.74375 0.38984375 0.034375 0.121875
0 0.334375 0.465625 0.03828125 0.11484375
0 0.4015625 0.55 0.05703125 0.11484375
0 0.29765625 0.5578125 0.0515625 0.1046875
0 0.37109375 0.565625 0.05390625 0.1171875
0 0.40390625 0.46796875 0.0453125 0.084375
0 0.32890625 0.54609375 0.040625 0.1046875
0 0.396875 0.4875 0.0484375 0.0828125
0 0.35625 0.51875 0.04296875 0.08984375