0 0.228125 0.390625 0.04375 0.140625
0 0.1546875 0.42421875 0.04921875 0.1484375
0 0.63359375 0.40234375 0.02890625 0.14453125
0 0.1234375 0.346875 0.03984375 0.13046875
0 0.696875 0.39375 0.040625 0.1375
0 0.8953125 0.45859375 0.02890625 0.15546875
1 0.809375 0.23125 0.02421875 0.1
0 0.3984375 0.44140625 0.03203125 0.146875
0 0.43046875 0.4015625 0.03125 0.13828125
1 0.4546875 0.22578125 0.02890625 0.09609375
0 0.51953125 0.459375 0.03984375 0.15625
0 0.30390625 0.4328125 0.03046875 0.14375
0 0.578125 0.409375 0.028125 0.1328125
0 0.42109375 0.43984375 0.02734375 0.14609375
1 0.328125 0.44921875 0.0296875 0.14609375
0 0.31875 0.39609375 0.025 0.134375
1 0.171875 0.8765625 0.11953125 0.24609375
0 0.57421875 0.48828125 0.0359375 0.15859375
0 0.33828125 0.41484375 0.03671875 0.13359375
0 0.0078125 0.390625 0.015625 0.1421875
0 0.040625 0.4640625 0.034375 0.153125
0 0.025 0.45625 0.0265625 0.15546875
0 0.93515625 0.44453125 0.0484375 0.125
0 0.00625 0.46796875 0.0125 0.140625