0 0.63984375 0.65859375 0.05078125 0.13125
0 0.64453125 0.5625 0.0515625 0.13359375
0 0.89140625 0.64609375 0.0515625 0.1546875
0 0.40546875 0.7953125 0.05078125 0.1609375
0 0.24375 0.7109375 0.053125 0.1359375
0 0.965625 0.61953125 0.053125 0.146875
0 0.73046875 0.446875 0.0515625 0.13515625
0 0.53515625 0.65859375 0.06484375 0.1078125
0 0.3328125 0.721875 0.0625 0.11171875
0 0.33671875 0.61171875 0.04765625 0.128125
1 0.0140625 0.490625 0.028125 0.159375
0 0.603125 0.61328125 0.0578125 0.103125
1 0.76015625 0.79453125 0.05390625 0.20859375
0 0.475 0.6984375 0.075 0.11875
0 0.94375 0.475 0.04140625 0.11953125
0 0.43046875 0.5640625 0.04453125 0.11484375
0 0.8125 0.7171875 0.053125 0.15859375
0 0.53359375 0.58671875 0.05 0.0921875
0 0.41875 0.6609375 0.05234375 0.10703125
1 0.971875 0.3484375 0.02734375 0.10078125
0 0.3953125 0.72421875 0.0421875 0.16953125
0 0.47265625 0.63984375 0.053125 0.096875
0 0.48515625 0.61015625 0.05078125 0.0984375
0 0.44765625 0.63359375 0.0484375 0.10078125
0 0.38046875 0.68125 0.05390625 0.10703125