0 0.021875 0.7125 0.04375 0.2015625
0 0.834375 0.5140625 0.03359375 0.16484375
0 0.9 0.278125 0.02421875 0.121875
0 0.709375 0.34375 0.0265625 0.13515625
0 0.7765625 0.54453125 0.0390625 0.16171875
0 0.984375 0.35234375 0.02734375 0.13046875
0 0.678125 0.3828125 0.03125 0.14609375
1 0.5265625 0.346875 0.028125 0.13671875
0 0.94765625 0.3109375 0.02109375 0.1328125
0 0.09140625 0.3140625 0.0375 0.12890625
1 0.98515625 0.26328125 0.0296875 0.1171875
0 0.678125 0.34453125 0.03125 0.12578125
0 0.92890625 0.29765625 0.0265625 0.115625
0 0.94140625 0.315625 0.01875 0.11796875
1 0.390625 0.2140625 0.021875 0.09375
0 0.9109375 0.28671875 0.02578125 0.1171875