0 0.15703125 0.4328125 0.03984375 0.15703125
0 0.10703125 0.415625 0.04140625 0.15546875
1 0.99453125 0.25234375 0.01015625 0.11328125
0 0.82265625 0.465625 0.03515625 0.17109375
0 0.48984375 0.45703125 0.04296875 0.165625
0 0.51796875 0.4375 0.0359375 0.16015625
0 0.6703125 0.4734375 0.0421875 0.17890625
0 0.65 0.5171875 0.04609375 0.1515625
0 0.86875 0.4984375 0.0359375 0.17109375
0 0.859375 0.51328125 0.03046875 0.171875
0 0.62578125 0.4828125 0.0296875 0.16640625
0 0.5765625 0.40234375 0.03671875 0.15703125
1 0.6453125 0.45390625 0.03125 0.1578125
0 0.2765625 0.40234375 0.02265625 0.14453125
0 0.28671875 0.38359375 0.01796875 0.1421875
0 0.2921875 0.4296875 0.034375 0.1609375
0 0.31015625 0.4203125 0.02421875 0.16328125
0 0.34765625 0.41953125 0.03515625 0.15234375
0 0.378125 0.4 0.02734375 0.15234375
0 0.39140625 0.38046875 0.03203125 0.1546875
0 0.36796875 0.37265625 0.0203125 0.1484375
0 0.35078125 0.353125 0.0203125 0.115625
0 0.56328125 0.4640625 0.03515625 0.16875
0 0.6125 0.44453125 0.03125 0.17109375