1 0.871875 0.3375 0.0703125 0.27109375
0 0.0625 0.41328125 0.0796875 0.29375
0 0.52734375 0.096875 0.05078125 0.19375
0 0.8328125 0.559375 0.0765625 0.28046875
0 0.24375 0.3546875 0.07890625 0.26484375
1 0.02890625 0.0359375 0.03515625 0.07109375
0 0.0296875 0.53671875 0.059375 0.2890625
0 0.2328125 0.86484375 0.08046875 0.26171875
0 0.2421875 0.653125 0.0703125 0.32109375
0 0.30390625 0.58359375 0.0625 0.3015625
0 0.390625 0.6265625 0.0703125 0.32421875
0 0.403125 0.44765625 0.04296875 0.1390625
0 0.47578125 0.5734375 0.0546875 0.34765625
0 0.50546875 0.6359375 0.04609375 0.3203125
0 0.90078125 0.721875 0.0765625 0.36796875
0 0.5453125 0.63515625 0.04453125 0.34375
0 0.58671875 0.52109375 0.04453125 0.225
0 0.62578125 0.746875 0.07734375 0.3796875
0 0.65625 0.62109375 0.04765625 0.31328125
0 0.68125 0.59140625 0.0484375 0.30703125
0 0.6765625 0.4203125 0.0484375 0.13203125
0 0.63046875 0.484375 0.0390625 0.1984375