1 0.0078125 0.525 0.01484375 0.14921875
1 0.7546875 0.728125 0.05 0.17109375
0 0.4921875 0.4875 0.03828125 0.1109375
0 0.1 0.63203125 0.0421875 0.13125
0 0.13828125 0.71796875 0.04140625 0.165625
0 0.45234375 0.6546875 0.03203125 0.1703125
0 0.928125 0.57109375 0.04609375 0.13984375
0 0.67109375 0.646875 0.03671875 0.1515625
1 0.01875 0.928125 0.0375 0.140625
0 0.43515625 0.6015625 0.028125 0.07265625
0 0.13671875 0.6265625 0.04609375 0.14921875
0 0.5625 0.5921875 0.034375 0.1546875
0 0.590625 0.596875 0.04453125 0.1390625
0 0.92578125 0.53671875 0.04140625 0.121875
0 0.66640625 0.57578125 0.04140625 0.13828125
0 0.62109375 0.59921875 0.03671875 0.1265625
0 0.52734375 0.575 0.0375 0.08125
0 0.55078125 0.61328125 0.0296875 0.09453125
1 0.925 0.3890625 0.028125 0.0953125
0 0.3671875 0.6078125 0.05234375 0.06484375
0 0.45390625 0.56640625 0.0203125 0.134375
0 0.46953125 0.56875 0.02421875 0.13984375
0 0.6890625 0.61015625 0.028125 0.075
0 0.6453125 0.62578125 0.0296875 0.06953125
0 0.58515625 0.61796875 0.06796875 0.053125