1 0.34921875 0.03515625 0.021875 0.0703125
1 0.90234375 0.053125 0.02890625 0.10546875
1 0.22890625 0.81171875 0.0765625 0.30390625
1 0.2734375 0.37421875 0.046875 0.20234375
0 0.81015625 0.44765625 0.03671875 0.22109375
0 0.65234375 0.36171875 0.0359375 0.1859375
0 0.6546875 0.384375 0.0359375 0.19609375
0 0.58984375 0.34296875 0.0421875 0.20546875
0 0.5203125 0.42421875 0.03984375 0.20390625
0 0.53359375 0.48125 0.04765625 0.1640625
0 0.5546875 0.6140625 0.05078125 0.26953125
0 0.53125 0.63046875 0.0921875 0.2375
0 0.4296875 0.65234375 0.0671875 0.19375
0 0.39296875 0.64453125 0.07109375 0.2390625
0 0.36796875 0.61328125 0.0796875 0.2109375
0 0.35859375 0.60625 0.05546875 0.0984375
0 0.25 0.628125 0.040625 0.25078125
0 0.32109375 0.45546875 0.06015625 0.22734375
0 0.3828125 0.34765625 0.0453125 0.2171875
0 0.384375 0.48203125 0.059375 0.215625
0 0.4171875 0.36796875 0.0328125 0.17265625
0 0.43046875 0.5375 0.0296875 0.0921875