1 0.5390625 0.290625 0.0421875 0.159375
0 0.625 0.515625 0.0390625 0.1890625
0 0.1453125 0.53125 0.0328125 0.21015625
0 0.4734375 0.4875 0.03515625 0.19921875
1 0.61796875 0.4828125 0.028125 0.18203125
0 0.28359375 0.5 0.03125 0.2046875
0 0.28125 0.49140625 0.03125 0.19296875
0 0.3109375 0.4765625 0.0265625 0.18984375
0 0.35859375 0.5125 0.0375 0.20703125
0 0.328125 0.503125 0.0421875 0.15
0 0.43671875 0.521875 0.0390625 0.19296875
0 0.41484375 0.534375 0.02890625 0.12890625
0 0.41171875 0.4390625 0.03125 0.04921875
0 0.34140625 0.55078125 0.028125 0.08046875
0 0.390625 0.471875 0.040625 0.05546875
0 0.40234375 0.571875 0.03046875 0.0609375