1 0.0765625 0.22421875 0.04453125 0.16875
0 0.21484375 0.25390625 0.04765625 0.20078125
0 0.70703125 0.54453125 0.05390625 0.2375
0 0.37421875 0.41171875 0.05703125 0.20390625
1 0.81328125 0.04453125 0.03203125 0.0890625
0 0.5703125 0.4796875 0.05 0.1015625
0 0.98359375 0.3515625 0.03203125 0.2078125
0 0.27734375 0.3 0.06796875 0.20390625
0 0.46328125 0.41796875 0.05625 0.18828125
0 0.63203125 0.359375 0.04921875 0.196875
0 0.80390625 0.35703125 0.04609375 0.20546875
0 0.47265625 0.2453125 0.03203125 0.17421875
0 0.6515625 0.371875 0.05234375 0.19375
0 0.478125 0.31015625 0.040625 0.19765625
1 0.25625 0.7578125 0.07265625 0.33828125
0 0.9890625 0.1421875 0.02109375 0.13984375
0 0.80078125 0.33359375 0.0421875 0.20703125
1 0.88203125 0.2546875 0.04296875 0.1765625
0 0.43671875 0.403125 0.10625 0.075
0 0.5484375 0.31953125 0.0609375 0.20625
0 0.525 0.31875 0.04375 0.1984375
0 0.69765625 0.509375 0.0484375 0.23046875
0 0.51953125 0.4828125 0.08984375 0.10546875
0 0.534375 0.46953125 0.0875 0.07734375