0 0.5484375 0.60546875 0.040625 0.13515625
0 0.14375 0.53671875 0.0578125 0.11640625
0 0.1859375 0.5390625 0.04609375 0.11796875
1 0.73828125 0.41875 0.02890625 0.09921875
1 0.703125 0.55 0.040625 0.125
0 0.42734375 0.61171875 0.04296875 0.134375
0 0.48046875 0.54921875 0.03984375 0.1265625
0 0.23125 0.5 0.03984375 0.12421875
0 0.29296875 0.534375 0.04453125 0.11796875
0 0.3234375 0.49140625 0.046875 0.11796875
1 0.19765625 0.45859375 0.0359375 0.109375
0 0.43828125 0.53984375 0.040625 0.128125
0 0.459375 0.5390625 0.03984375 0.12109375
0 0.25859375 0.51796875 0.04140625 0.09921875
0 0.27578125 0.5140625 0.04296875 0.096875
0 0.30703125 0.48515625 0.0265625 0.10078125