0 0.75078125 0.52421875 0.0390625 0.14609375
0 0.628125 0.4625 0.03828125 0.125
1 0.6 0.3578125 0.03359375 0.1125
0 0.515625 0.51015625 0.0421875 0.134375
0 0.4015625 0.39140625 0.0421875 0.128125
0 0.57734375 0.51484375 0.0421875 0.11796875
0 0.6546875 0.4046875 0.0390625 0.10703125
0 0.58125 0.45546875 0.03671875 0.11640625
0 0.55 0.534375 0.046875 0.096875
0 0.3390625 0.471875 0.04140625 0.12890625
0 0.40546875 0.4671875 0.0546875 0.13203125
0 0.690625 0.47421875 0.0375 0.134375
0 0.70078125 0.50703125 0.040625 0.1390625
0 0.62734375 0.41875 0.0390625 0.09609375
0 0.7234375 0.4953125 0.0390625 0.14296875
0 0.36796875 0.471875 0.04375 0.1265625
0 0.7125 0.50078125 0.03984375 0.1484375
0 0.3546875 0.48046875 0.04296875 0.125
0 0.3453125 0.44140625 0.03984375 0.1140625
0 0.38046875 0.48046875 0.046875 0.121875