0 0.39453125 0.5453125 0.0390625 0.14609375
0 0.24375 0.59453125 0.0421875 0.15
0 0.4234375 0.565625 0.03828125 0.15546875
1 0.2953125 0.65078125 0.03984375 0.18203125
0 0.4859375 0.5359375 0.03671875 0.1359375
0 0.6265625 0.603125 0.0421875 0.153125
0 0.8 0.63125 0.04609375 0.159375
0 0.784375 0.58984375 0.04296875 0.1375
0 0.67421875 0.56328125 0.040625 0.1484375
0 0.54375 0.62734375 0.04140625 0.1515625
0 0.8296875 0.5828125 0.03984375 0.14296875
0 0.45546875 0.5015625 0.0390625 0.1359375
0 0.709375 0.79296875 0.05546875 0.19453125
0 0.54140625 0.58359375 0.0375 0.14140625
0 0.6875 0.5296875 0.0375 0.13203125
1 0.5734375 0.546875 0.03671875 0.13046875
0 0.5859375 0.48984375 0.01640625 0.10234375
0 0.59296875 0.5515625 0.02734375 0.13359375
0 0.60546875 0.496875 0.0390625 0.1109375
0 0.61015625 0.5515625 0.021875 0.115625
1 0.86875 0.3046875 0.02265625 0.090625
0 0.578125 0.4625 0.0234375 0.0921875
0 0.63203125 0.54453125 0.02890625 0.14296875
0 0.61640625 0.53515625 0.0265625 0.1234375