0 0.753125 0.54140625 0.04296875 0.2
1 0.803125 0.70390625 0.0453125 0.2328125
1 0.6484375 0.421875 0.0375 0.12421875
1 0.334375 0.27890625 0.0203125 0.0796875
0 0.596875 0.3765625 0.02109375 0.13359375
1 0.0046875 0.5234375 0.009375 0.184375
1 0.82109375 0.2609375 0.0171875 0.0796875
0 0.5796875 0.42265625 0.03203125 0.14609375
0 0.57890625 0.44140625 0.025 0.146875
0 0.53203125 0.4046875 0.0296875 0.13671875
0 0.50234375 0.35234375 0.02421875 0.1234375
0 0.51640625 0.43203125 0.03359375 0.128125
0 0.4953125 0.46875 0.02890625 0.14921875
0 0.48359375 0.5109375 0.03359375 0.18203125
0 0.45 0.503125 0.03125 0.16015625
0 0.51015625 0.46484375 0.06796875 0.05546875
0 0.41171875 0.440625 0.02265625 0.15078125
0 0.39921875 0.4484375 0.025 0.153125
0 0.38984375 0.4875 0.03125 0.1703125
0 0.3546875 0.4109375 0.02890625 0.14296875
0 0.33671875 0.42421875 0.040625 0.13203125
0 0.3046875 0.44375 0.034375 0.1578125
0 0.3359375 0.4859375 0.05546875 0.0765625