0 0.18984375 0.6328125 0.0546875 0.13359375
0 0.59140625 0.63671875 0.0453125 0.121875
0 0.4859375 0.53125 0.04375 0.0890625
0 0.0984375 0.70703125 0.0609375 0.15078125
0 0.6671875 0.53125 0.0390625 0.09765625
0 0.68125 0.66796875 0.04140625 0.16015625
0 0.334375 0.56484375 0.0453125 0.1203125
0 0.41640625 0.48359375 0.03671875 0.12734375
0 0.28671875 0.79375 0.05625 0.1578125
0 0.453125 0.5453125 0.040625 0.090625
0 0.92578125 0.52109375 0.04375 0.125
0 0.584375 0.52734375 0.0453125 0.0859375
0 0.6328125 0.50859375 0.04375 0.0859375
0 0.54296875 0.5578125 0.05078125 0.09296875
0 0.6578125 0.4375 0.03828125 0.1015625
1 0.32890625 0.415625 0.028125 0.1
0 0.45390625 0.4796875 0.0359375 0.09453125
0 0.56015625 0.4953125 0.03828125 0.071875
0 0.859375 0.44375 0.03359375 0.11171875
1 0.771875 0.39609375 0.02734375 0.1015625
0 0.525 0.5203125 0.040625 0.07734375
0 0.77265625 0.56875 0.04296875 0.11484375
0 0.75703125 0.49453125 0.0390625 0.10859375
0 0.540625 0.50234375 0.03671875 0.0671875
1 0.78828125 0.55 0.0421875 0.103125