1 0.4640625 0.6953125 0.0390625 0.1234375
1 0.0453125 0.49921875 0.025 0.09921875
0 0.26484375 0.5609375 0.0328125 0.09296875
0 0.37578125 0.56484375 0.04140625 0.10859375
0 0.3484375 0.5359375 0.034375 0.10390625
0 0.890625 0.56953125 0.03203125 0.09140625
1 0.303125 0.47265625 0.03203125 0.09609375
1 0.4578125 0.521875 0.02890625 0.10703125
0 0.74296875 0.4953125 0.028125 0.090625
0 0.72109375 0.5265625 0.0375 0.0953125
0 0.578125 0.5625 0.0296875 0.11328125
0 0.53671875 0.5796875 0.025 0.10703125
0 0.70546875 0.4890625 0.03125 0.09140625
0 0.909375 0.534375 0.03046875 0.09453125
0 0.9265625 0.54140625 0.03203125 0.103125
0 0.3796875 0.53203125 0.034375 0.090625
0 0.65859375 0.52890625 0.03046875 0.1
0 0.6125 0.48828125 0.02421875 0.09140625
0 0.95 0.5796875 0.04140625 0.1015625
1 0.86484375 0.45390625 0.025 0.08046875
0 0.62109375 0.55234375 0.03125 0.103125
0 0.60390625 0.5359375 0.0296875 0.1078125
0 0.2359375 0.596875 0.0390625 0.10625
0 0.59140625 0.53359375 0.02109375 0.09375
0 0.55234375 0.5484375 0.028125 0.1125
0 0.53984375 0.56640625 0.0296875 0.10703125
0 0.6359375 0.53984375 0.02421875 0.1046875