0 0.89609375 0.475 0.03828125 0.16328125
0 0.59140625 0.69453125 0.0828125 0.121875
0 0.8796875 0.684375 0.04921875 0.17578125
0 0.22890625 0.61484375 0.05390625 0.15546875
0 0.28984375 0.4453125 0.06171875 0.12578125
1 0.75 0.490625 0.0453125 0.15546875
0 0.51015625 0.3515625 0.04140625 0.1109375
0 0.46953125 0.4390625 0.05 0.12421875
0 0.41171875 0.75078125 0.06015625 0.1703125
0 0.253125 0.628125 0.0515625 0.175
0 0.6796875 0.60703125 0.0484375 0.15078125
0 0.3984375 0.59375 0.06171875 0.1203125
0 0.3125 0.359375 0.04765625 0.11875
0 0.42734375 0.615625 0.0640625 0.1296875
0 0.496875 0.73359375 0.08046875 0.17109375
0 0.52734375 0.5875 0.06484375 0.096875
0 0.55234375 0.64453125 0.06640625 0.10625
0 0.4828125 0.62109375 0.06484375 0.1046875
0 0.65859375 0.5484375 0.046875 0.1390625
0 0.65390625 0.7203125 0.0515625 0.18125
1 0.31015625 0.27890625 0.0328125 0.10625
0 0.4640625 0.675 0.06328125 0.1203125
0 0.66484375 0.64375 0.04921875 0.1296875
1 0.790625 0.96953125 0.04453125 0.0609375
0 0.47734375 0.69375 0.06875 0.121875
0 0.64609375 0.68046875 0.04921875 0.13203125