0 0.91796875 0.71171875 0.06171875 0.153125
0 0.825 0.6390625 0.0546875 0.1359375
0 0.52421875 0.53671875 0.0453125 0.084375
0 0.32734375 0.675 0.04296875 0.16328125
0 0.4171875 0.64453125 0.04609375 0.11953125
0 0.42421875 0.5296875 0.046875 0.0890625
0 0.33984375 0.53671875 0.0390625 0.09921875
0 0.078125 0.52578125 0.04609375 0.1265625
0 0.678125 0.56796875 0.04609375 0.1265625
0 0.4671875 0.5640625 0.05234375 0.09296875
0 0.55703125 0.54921875 0.040625 0.09453125
0 0.3734375 0.5125 0.04453125 0.0859375
0 0.35078125 0.43984375 0.03984375 0.1046875
0 0.59453125 0.48671875 0.03203125 0.13125
0 0.7265625 0.80234375 0.05625 0.16171875
0 0.55546875 0.48125 0.034375 0.09921875
1 0.684375 0.41875 0.02890625 0.103125
0 0.48515625 0.5234375 0.0421875 0.084375
0 0.24453125 0.490625 0.03828125 0.11484375
0 0.44765625 0.5015625 0.03671875 0.07578125
0 0.2296875 0.571875 0.04296875 0.12109375
1 0.234375 0.39921875 0.028125 0.1046875
0 0.15234375 0.44609375 0.02890625 0.11640625
1 0.21640625 0.54921875 0.0375 0.11484375
0 0.4734375 0.50234375 0.0375 0.07421875