0 0.41953125 0.546875 0.05078125 0.1453125
0 0.5 0.73984375 0.05859375 0.1890625
0 0.50546875 0.5984375 0.0515625 0.1625
0 0.56953125 0.5703125 0.06875 0.1125
0 0.5484375 0.46171875 0.04609375 0.13984375
1 0.365625 0.48359375 0.04609375 0.13125
0 0.815625 0.58828125 0.05078125 0.13359375
0 0.49921875 0.50703125 0.04921875 0.13515625
0 0.83515625 0.5421875 0.0453125 0.13125
0 0.26484375 0.6140625 0.040625 0.17578125
0 0.6875 0.596875 0.06484375 0.14296875
0 0.74140625 0.47265625 0.053125 0.10390625
0 0.265625 0.5171875 0.040625 0.14140625
0 0.73046875 0.4984375 0.05546875 0.109375
0 0.6484375 0.609375 0.0609375 0.12109375
1 0.31171875 0.86640625 0.06640625 0.234375
1 0.4015625 0.2421875 0.0265625 0.10078125
0 0.6078125 0.53984375 0.05859375 0.09375
0 0.70546875 0.54296875 0.05078125 0.0953125
0 0.68984375 0.434375 0.046875 0.125
0 0.621875 0.49921875 0.05390625 0.08515625
1 0.87265625 0.26953125 0.03359375 0.10390625
0 0.68125 0.4078125 0.04296875 0.11796875
0 0.66796875 0.5703125 0.0515625 0.096875
0 0.675 0.5375 0.0421875 0.08515625
0 0.70546875 0.515625 0.0515625 0.0703125