0 0.153125 0.55078125 0.05546875 0.1640625
1 0.6609375 0.934375 0.0625 0.13125
0 0.43046875 0.740625 0.0859375 0.1609375
0 0.496875 0.7203125 0.09921875 0.2
1 0.096875 0.67265625 0.05 0.20859375
0 0.74921875 0.49921875 0.04609375 0.13515625
0 0.7109375 0.5609375 0.05 0.15078125
0 0.6453125 0.62109375 0.06640625 0.1734375
0 0.440625 0.5546875 0.0546875 0.1328125
0 0.45234375 0.490625 0.05546875 0.159375
1 0.490625 0.20703125 0.03359375 0.1078125
0 0.684375 0.590625 0.05078125 0.15703125
0 0.571875 0.46875 0.0546875 0.1375
0 0.60390625 0.62421875 0.06171875 0.13984375
0 0.49609375 0.5328125 0.06640625 0.13515625
0 0.5625 0.57109375 0.06640625 0.16640625
0 0.57578125 0.57734375 0.065625 0.1625
0 0.66328125 0.57578125 0.0515625 0.14140625
0 0.5390625 0.50859375 0.05859375 0.14296875
0 0.46640625 0.4453125 0.0515625 0.146875
0 0.5359375 0.56171875 0.0609375 0.15078125
0 0.48984375 0.63671875 0.065625 0.13359375
0 0.46953125 0.47890625 0.05390625 0.15859375