1 0.021875 0.4734375 0.02890625 0.1390625
0 0.76015625 0.45390625 0.0234375 0.12734375
1 0.1640625 0.34296875 0.02421875 0.0796875
0 0.240625 0.48828125 0.02734375 0.140625
1 0.61953125 0.45 0.0234375 0.1109375
0 0.65859375 0.47109375 0.02734375 0.1296875
0 0.6578125 0.4328125 0.0234375 0.11171875
0 0.60390625 0.46328125 0.03125 0.1265625
0 0.5609375 0.47109375 0.03125 0.134375
0 0.5328125 0.4671875 0.0234375 0.13125
0 0.509375 0.48984375 0.034375 0.07890625
0 0.4828125 0.48046875 0.0421875 0.07890625
0 0.45859375 0.4734375 0.03671875 0.12109375
0 0.45703125 0.453125 0.025 0.11953125
0 0.43125 0.47578125 0.0359375 0.0734375
0 0.409375 0.459375 0.01953125 0.1265625
0 0.40078125 0.46953125 0.034375 0.06875
0 0.5625 0.46171875 0.0234375 0.1171875
0 0.5734375 0.43984375 0.02109375 0.11640625
0 0.49765625 0.43125 0.0328125 0.0609375
0 0.5078125 0.41875 0.02109375 0.0765625
0 0.43125 0.43671875 0.02578125 0.11953125
0 0.46484375 0.3953125 0.01796875 0.07578125
0 0.44140625 0.390625 0.0203125 0.071875
0 0.34921875 0.44921875 0.03203125 0.1234375