1 0.815625 0.62421875 0.028125 0.1125
1 0.66484375 0.596875 0.03125 0.1109375
0 0.2625 0.66953125 0.03515625 0.11640625
0 0.596875 0.71171875 0.034375 0.12109375
0 0.4859375 0.65546875 0.03828125 0.13359375
0 0.54921875 0.6734375 0.034375 0.13046875
0 0.46171875 0.70859375 0.04375 0.13046875
1 0.5875 0.67421875 0.0375 0.1015625
0 0.42109375 0.7140625 0.0515625 0.11640625
0 0.3125 0.70234375 0.03828125 0.12890625
0 0.246875 0.73671875 0.03828125 0.0875
0 0.40859375 0.675 0.0390625 0.1140625
0 0.4296875 0.64765625 0.03671875 0.1125
0 0.35859375 0.63359375 0.0375 0.1109375
0 0.35859375 0.70703125 0.0453125 0.10546875
0 0.2328125 0.68203125 0.03984375 0.09140625
0 0.23828125 0.7125 0.0375 0.096875
0 0.3765625 0.6953125 0.04296875 0.09609375
0 0.33671875 0.671875 0.0375 0.11640625
0 0.4484375 0.67734375 0.040625 0.10703125