1 0.46640625 0.66875 0.04140625 0.12890625
1 0.9328125 0.83359375 0.05078125 0.1625
0 0.43046875 0.71875 0.0484375 0.13046875
1 0.69921875 0.62109375 0.03515625 0.10859375
0 0.40546875 0.66953125 0.04140625 0.13359375
0 0.3359375 0.70859375 0.0421875 0.13359375
0 0.26328125 0.659375 0.040625 0.12734375
0 0.05703125 0.68125 0.03828125 0.12734375
1 0.53828125 0.59609375 0.03828125 0.10859375
0 0.3453125 0.65 0.04140625 0.13203125
0 0.30703125 0.68984375 0.0484375 0.13046875
0 0.28046875 0.715625 0.04765625 0.13359375
0 0.23828125 0.68203125 0.04453125 0.12578125
0 0.11875 0.6875 0.0390625 0.1375
0 0.0859375 0.678125 0.0375 0.12734375
0 0.103125 0.71953125 0.04296875 0.1171875
0 0.209375 0.63984375 0.03828125 0.1171875
0 0.29765625 0.71015625 0.0484375 0.12734375