1 0.56875 0.8609375 0.05546875 0.19609375
0 0.31875 0.7203125 0.05 0.11640625
0 0.42734375 0.7125 0.04765625 0.08359375
1 0.06015625 0.603125 0.0296875 0.12109375
0 0.359375 0.71171875 0.0546875 0.09765625
1 0.284375 0.5671875 0.025 0.10234375
0 0.7890625 0.709375 0.03984375 0.1078125
0 0.821875 0.7296875 0.03125 0.146875
0 0.709375 0.6109375 0.0203125 0.0640625
0 0.67578125 0.62265625 0.0265625 0.0703125
0 0.61328125 0.63125 0.021875 0.10625
0 0.60078125 0.65390625 0.0375 0.04453125
0 0.5671875 0.67578125 0.03203125 0.06640625
0 0.5234375 0.6875 0.0359375 0.0765625
0 0.490625 0.6859375 0.0328125 0.04921875
0 0.490625 0.63515625 0.02890625 0.0875
0 0.75546875 0.659375 0.034375 0.09453125
0 0.7 0.66328125 0.0359375 0.09453125
0 0.6671875 0.6703125 0.03828125 0.08828125
0 0.63359375 0.67578125 0.040625 0.0875
0 0.58203125 0.69453125 0.0421875 0.0796875
0 0.5546875 0.69609375 0.0390625 0.0953125
0 0.52265625 0.70703125 0.04296875 0.09765625
0 0.4875 0.7140625 0.03828125 0.1015625
0 0.471875 0.7328125 0.0375 0.10078125
1 0.52578125 0.60703125 0.02734375 0.1171875