0 0.94140625 0.64609375 0.06484375 0.196875
0 0.32578125 0.51328125 0.04140625 0.15546875
0 0.190625 0.39375 0.0375 0.1546875
0 0.5984375 0.5375 0.05078125 0.175
0 0.35546875 0.36953125 0.03828125 0.1359375
1 0.4859375 0.3515625 0.03515625 0.12890625
0 0.0671875 0.45546875 0.04765625 0.15625
0 0.85546875 0.45546875 0.04140625 0.1453125
0 0.53828125 0.4921875 0.03984375 0.14921875
0 0.02578125 0.43828125 0.04765625 0.16015625
0 0.0984375 0.44921875 0.04609375 0.165625
0 0.2421875 0.31328125 0.0375 0.128125
0 0.1359375 0.6859375 0.06328125 0.2
0 0.4359375 0.54453125 0.06015625 0.1234375
0 0.640625 0.41953125 0.0453125 0.14296875
0 0.2453125 0.28203125 0.0328125 0.096875
0 0.0828125 0.35546875 0.03671875 0.13671875
0 0.1 0.32890625 0.03515625 0.1234375
0 0.5859375 0.45546875 0.04375 0.09375
0 0.590625 0.484375 0.040625 0.11484375
0 0.03046875 0.415625 0.04296875 0.13828125
0 0.09375 0.36328125 0.03671875 0.13671875
0 0.534375 0.465625 0.0390625 0.13515625