1 0.6359375 0.403125 0.03359375 0.1515625
0 0.72265625 0.546875 0.04453125 0.1734375
0 0.41640625 0.5515625 0.04765625 0.175
0 0.98125 0.4234375 0.0375 0.15390625
0 0.53828125 0.709375 0.0578125 0.2109375
0 0.471875 0.43046875 0.02734375 0.15625
0 0.31484375 0.53203125 0.04609375 0.1734375
1 0.14765625 0.42734375 0.04453125 0.175
0 0.6875 0.48359375 0.04296875 0.16640625
0 0.75234375 0.72421875 0.04453125 0.2
0 0.5078125 0.42890625 0.04609375 0.1234375
1 0.62265625 0.88984375 0.06328125 0.21484375
0 0.58125 0.4359375 0.04453125 0.14453125
0 0.33046875 0.41875 0.03125 0.13359375
1 0.4953125 0.2765625 0.03515625 0.12109375
0 0.66640625 0.284375 0.03671875 0.11328125
0 0.5671875 0.36875 0.0328125 0.140625
0 0.47578125 0.39296875 0.025 0.14296875
0 0.69453125 0.38046875 0.0390625 0.134375
0 0.59140625 0.4015625 0.03515625 0.13125
0 0.6921875 0.41328125 0.03984375 0.15390625
0 0.33046875 0.39453125 0.02734375 0.14453125
0 0.4828125 0.42109375 0.0171875 0.15703125
0 0.4625 0.371875 0.0234375 0.13515625
0 0.471875 0.3203125 0.0109375 0.05
0 0.56484375 0.3953125 0.025 0.13984375