0 0.17734375 0.60625 0.0421875 0.17265625
0 0.5828125 0.4703125 0.03515625 0.12890625
1 0.475 0.3265625 0.02734375 0.10390625
0 0.1328125 0.55546875 0.03828125 0.09765625
0 0.3359375 0.47265625 0.04140625 0.140625
0 0.6984375 0.43828125 0.03125 0.13046875
1 0.609375 0.475 0.03203125 0.128125
1 0.0890625 0.56484375 0.03828125 0.1625
0 0.61484375 0.40390625 0.0296875 0.11640625
1 0.74296875 0.3765625 0.034375 0.1328125
0 0.5375 0.465625 0.0265625 0.12578125
0 0.7578125 0.4015625 0.0328125 0.11328125
0 0.478125 0.4921875 0.03828125 0.0984375
0 0.5125 0.4859375 0.03359375 0.08515625
0 0.5046875 0.48125 0.0390625 0.090625
0 0.42578125 0.4453125 0.02265625 0.13203125
0 0.4765625 0.47421875 0.03203125 0.1296875
0 0.4578125 0.4359375 0.0296875 0.1296875
0 0.4671875 0.465625 0.02734375 0.121875
1 0.44140625 0.465625 0.0328125 0.125
0 0.796875 0.35625 0.02734375 0.10625