0 0.153125 0.321875 0.0546875 0.1484375
0 0.384375 0.33671875 0.06640625 0.165625
0 0.5515625 0.471875 0.06484375 0.14453125
0 0.90625 0.21171875 0.034375 0.14609375
0 0.05546875 0.35390625 0.046875 0.1359375
0 0.09140625 0.23203125 0.0453125 0.09140625
0 0.9671875 0.49296875 0.06484375 0.16640625
0 0.634375 0.32265625 0.05234375 0.140625
1 0.259375 0.765625 0.05234375 0.1109375
0 0.6 0.31796875 0.05390625 0.125
0 0.809375 0.2796875 0.05234375 0.1515625
0 0.05625 0.15078125 0.03828125 0.0875
0 0.1234375 0.2140625 0.04609375 0.1140625
0 0.871875 0.51796875 0.05234375 0.1640625
0 0.5609375 0.40703125 0.03984375 0.14140625
0 0.05703125 0.134375 0.034375 0.07890625
1 0.7625 0.4296875 0.0453125 0.17890625
0 0.096875 0.171875 0.04140625 0.09296875
0 0.8765625 0.215625 0.040625 0.125
0 0.61328125 0.4421875 0.059375 0.12109375