1 0.0265625 0.865625 0.0515625 0.225
0 0.0578125 0.4484375 0.0421875 0.1609375
1 0.73125 0.2875 0.03359375 0.13046875
1 0.1828125 0.228125 0.0328125 0.11796875
0 0.83125 0.56015625 0.0421875 0.1765625
0 0.821875 0.53828125 0.05625 0.16640625
0 0.775 0.621875 0.04453125 0.18671875
0 0.725 0.5640625 0.04375 0.15234375
0 0.71328125 0.5109375 0.0484375 0.1578125
0 0.66640625 0.5390625 0.0515625 0.1828125
0 0.6671875 0.49765625 0.03828125 0.16875
0 0.61875 0.5671875 0.05390625 0.17421875
0 0.4953125 0.54375 0.03671875 0.165625
0 0.4484375 0.57421875 0.03125 0.17265625
1 0.4203125 0.5421875 0.04296875 0.128125
0 0.53984375 0.47265625 0.04296875 0.165625
0 0.34453125 0.52265625 0.03828125 0.17265625
0 0.35859375 0.50859375 0.02578125 0.16328125
0 0.37109375 0.48828125 0.034375 0.16484375
0 0.415625 0.47578125 0.034375 0.1578125
0 0.40625 0.41796875 0.0359375 0.140625
0 0.42421875 0.39296875 0.02890625 0.14375
0 0.1859375 0.55 0.0359375 0.16640625
0 0.1984375 0.4890625 0.03828125 0.17265625
0 0.2375 0.521875 0.028125 0.16484375
0 0.26328125 0.4671875 0.04296875 0.15703125