0 0.2625 0.5921875 0.03203125 0.11875
0 0.32578125 0.559375 0.0359375 0.1171875
0 0.77734375 0.59765625 0.0375 0.1109375
1 0.23984375 0.4671875 0.02578125 0.096875
0 0.46171875 0.57890625 0.03671875 0.1078125
1 0.90234375 0.4578125 0.02578125 0.08125
0 0.60546875 0.48984375 0.02421875 0.0859375
0 0.71484375 0.58046875 0.02890625 0.1109375
1 0.4953125 0.68359375 0.034375 0.128125
0 0.47734375 0.503125 0.03671875 0.10546875
0 0.58984375 0.55703125 0.0390625 0.08984375
1 0.44609375 0.53359375 0.02890625 0.078125
0 0.73125 0.53515625 0.0375 0.1109375
1 0.02890625 0.49296875 0.02734375 0.10234375
0 0.5625 0.57421875 0.03984375 0.103125
0 0.49140625 0.6015625 0.04296875 0.103125
0 0.50625 0.5390625 0.02109375 0.0734375
0 0.540625 0.56171875 0.03828125 0.10859375
0 0.509375 0.571875 0.03125 0.09921875
0 0.72421875 0.5390625 0.034375 0.1
0 0.55546875 0.5296875 0.02578125 0.075
0 0.5046875 0.59375 0.04765625 0.10390625
0 0.56796875 0.55234375 0.03984375 0.0984375
0 0.571875 0.54765625 0.0359375 0.10078125
0 0.5203125 0.534375 0.028125 0.06015625