1 0.5734375 0.865625 0.05859375 0.2015625
0 0.4984375 0.71796875 0.0296875 0.140625
0 0.25078125 0.6796875 0.0390625 0.13359375
1 0.04453125 0.59609375 0.0328125 0.12890625
0 0.765625 0.65546875 0.03203125 0.115625
0 0.7328125 0.6921875 0.0484375 0.13984375
1 0.259375 0.56171875 0.02578125 0.10546875
0 0.67109375 0.6546875 0.0203125 0.13125
0 0.65859375 0.66328125 0.03515625 0.1375
0 0.76875 0.68828125 0.02890625 0.12734375
0 0.709375 0.6578125 0.03515625 0.12734375
0 0.684375 0.6625 0.02734375 0.13671875
0 0.54609375 0.67578125 0.0328125 0.14609375
0 0.81640625 0.70625 0.0390625 0.11796875
0 0.5328125 0.64140625 0.01796875 0.13125
1 0.5390625 0.5984375 0.02890625 0.11640625
0 0.64375 0.65390625 0.03125 0.146875
0 0.63125 0.7234375 0.03125 0.13984375
0 0.6078125 0.6609375 0.01796875 0.14453125
0 0.59921875 0.67109375 0.0375 0.14609375
0 0.5625 0.6703125 0.02734375 0.15234375