0 0.85390625 0.44296875 0.040625 0.159375
0 0.9046875 0.42578125 0.0421875 0.1578125
1 0.00390625 0.26015625 0.0078125 0.11484375
0 0.178125 0.4765625 0.0359375 0.17421875
0 0.515625 0.46796875 0.04296875 0.16796875
0 0.4875 0.4484375 0.03671875 0.1625
0 0.3328125 0.484375 0.04296875 0.18125
0 0.353125 0.52890625 0.046875 0.15390625
0 0.13046875 0.51015625 0.03671875 0.17421875
0 0.13984375 0.525 0.03046875 0.175
0 0.37734375 0.49375 0.0296875 0.16953125
0 0.428125 0.41171875 0.0375 0.159375
1 0.3578125 0.46484375 0.03125 0.16015625
0 0.73203125 0.4125 0.02265625 0.146875
0 0.721875 0.39375 0.01875 0.14453125
0 0.71640625 0.43984375 0.03515625 0.16328125
0 0.6984375 0.43046875 0.025 0.16640625
0 0.66015625 0.4296875 0.03515625 0.15390625
0 0.6296875 0.41015625 0.02734375 0.1546875
0 0.615625 0.38984375 0.0328125 0.15703125
0 0.6390625 0.38203125 0.02109375 0.15
0 0.65703125 0.36171875 0.02109375 0.1171875
0 0.440625 0.475 0.03515625 0.17109375
0 0.390625 0.45546875 0.03203125 0.17421875