0 0.51796875 0.5640625 0.02890625 0.09921875
0 0.7015625 0.46328125 0.01953125 0.05859375
0 0.41640625 0.5046875 0.02734375 0.0796875
0 0.5765625 0.5171875 0.03203125 0.06796875
0 0.61015625 0.4953125 0.02734375 0.06953125
0 0.671875 0.4578125 0.01953125 0.05703125
0 0.26015625 0.4421875 0.01640625 0.05
0 0.2421875 0.4671875 0.0203125 0.05703125
0 0.00625 0.4640625 0.0125 0.06328125
0 0.7140625 0.55703125 0.04140625 0.0984375
0 0.21171875 0.4546875 0.0203125 0.05546875
0 0.32109375 0.43828125 0.01796875 0.0515625
0 0.55234375 0.4546875 0.01875 0.05546875
0 0.53359375 0.4703125 0.02265625 0.06171875
0 0.56640625 0.4484375 0.0171875 0.05
0 0.72578125 0.43515625 0.02265625 0.0546875
0 0.5828125 0.440625 0.01484375 0.0484375
0 0.578125 0.503125 0.025 0.06640625
0 0.1453125 0.4375 0.0140625 0.05078125
1 0.2015625 0.3984375 0.009375 0.04296875
0 0.6671875 0.428125 0.0125 0.034375
1 0.94375 0.4703125 0.02109375 0.06328125
0 0.69375 0.4234375 0.01640625 0.034375