0 0.67265625 0.6671875 0.05 0.15078125
0 0.1390625 0.70546875 0.065625 0.1359375
0 0.58828125 0.625 0.04609375 0.12578125
0 0.2984375 0.7828125 0.0546875 0.16484375
0 0.228125 0.6328125 0.0609375 0.11875
0 0.9234375 0.51328125 0.04296875 0.121875
0 0.75 0.5578125 0.046875 0.11640625
0 0.64375 0.51875 0.04765625 0.10859375
0 0.67265625 0.434375 0.040625 0.09453125
0 0.61171875 0.471875 0.04375 0.1078125
1 0.3203125 0.4078125 0.0296875 0.1015625
1 0.77734375 0.5328125 0.04296875 0.1203125
1 0.765625 0.3859375 0.02890625 0.1015625
0 0.8546875 0.4375 0.03671875 0.1015625
0 0.77578125 0.47109375 0.0359375 0.10859375
0 0.5453125 0.4671875 0.02578125 0.08984375
0 0.5515625 0.51171875 0.040625 0.0953125
0 0.52109375 0.5 0.03984375 0.1046875
0 0.48828125 0.515625 0.03359375 0.1
0 0.4890625 0.5265625 0.0390625 0.11484375
0 0.3859375 0.56640625 0.0546875 0.10078125
0 0.39765625 0.47734375 0.03359375 0.1078125
0 0.434375 0.52109375 0.03359375 0.10234375
0 0.45625 0.4703125 0.03046875 0.090625