0 0.75625 0.58828125 0.0484375 0.16171875
0 0.20703125 0.553125 0.0390625 0.1578125
0 0.85703125 0.7453125 0.04453125 0.1765625
0 0.6984375 0.5765625 0.0375 0.146875
1 0.92578125 0.90234375 0.0515625 0.1953125
0 0.61875 0.5453125 0.0359375 0.14453125
1 0.103125 0.396875 0.028125 0.09921875
0 0.2390625 0.46328125 0.0359375 0.1203125
1 0.953125 0.49296875 0.03828125 0.175
0 0.453125 0.5359375 0.04140625 0.146875
0 0.5046875 0.55 0.03828125 0.14453125
0 0.4859375 0.60078125 0.03984375 0.15390625
0 0.2609375 0.56796875 0.0375 0.1390625
1 0.396875 0.56953125 0.034375 0.14296875
0 0.4203125 0.553125 0.0359375 0.14921875
0 0.2984375 0.56875 0.0359375 0.13359375
0 0.359375 0.58125 0.0359375 0.13359375
0 0.5046875 0.57109375 0.025 0.15078125
0 0.41796875 0.53984375 0.0265625 0.14296875
0 0.3203125 0.59296875 0.0296875 0.14765625
0 0.33828125 0.57421875 0.03125 0.1453125
0 0.3421875 0.53359375 0.03125 0.12265625
0 0.35234375 0.62109375 0.0421875 0.046875