0 0.459375 0.5859375 0.0484375 0.1453125
0 0.6515625 0.50078125 0.03984375 0.11796875
0 0.1203125 0.534375 0.04609375 0.14609375
0 0.396875 0.65390625 0.0546875 0.159375
0 0.8953125 0.428125 0.0421875 0.1140625
0 0.51796875 0.4609375 0.0203125 0.12578125
1 0.790625 0.503125 0.034375 0.1328125
0 0.20625 0.490625 0.0484375 0.10703125
0 0.696875 0.49609375 0.0375 0.128125
0 0.7390625 0.409375 0.03984375 0.10859375
0 0.371875 0.5390625 0.0421875 0.140625
1 0.3171875 0.3828125 0.028125 0.1171875
0 0.32265625 0.5453125 0.0421875 0.14609375
0 0.2875 0.5515625 0.03515625 0.14296875
0 0.2390625 0.49375 0.04453125 0.10546875
0 0.3453125 0.525 0.04140625 0.140625
0 0.73203125 0.4015625 0.0203125 0.0859375
0 0.7109375 0.48515625 0.01875 0.13984375