0 0.88671875 0.5078125 0.0515625 0.146875
0 0.69140625 0.46015625 0.04453125 0.13125
0 0.36328125 0.51328125 0.05859375 0.11015625
0 0.72734375 0.38203125 0.0375 0.13828125
0 0.65390625 0.5234375 0.053125 0.15
1 0.85078125 0.440625 0.0328125 0.15546875
0 0.31953125 0.48046875 0.04921875 0.10703125
0 0.65 0.4203125 0.04296875 0.13125
0 0.34609375 0.3578125 0.0546875 0.11875
1 0.371875 0.3078125 0.0421875 0.1296875
0 0.515625 0.3875 0.0453125 0.115625
0 0.58671875 0.3265625 0.0359375 0.12421875
0 0.5921875 0.52421875 0.0609375 0.08828125
0 0.584375 0.49921875 0.06015625 0.08515625
0 0.55546875 0.4640625 0.05390625 0.0734375
0 0.5421875 0.44296875 0.05625 0.07421875
0 0.5421875 0.54921875 0.05390625 0.09921875
0 0.52109375 0.528125 0.04921875 0.11640625
0 0.50625 0.51484375 0.05 0.1
0 0.5109375 0.484375 0.04921875 0.08203125
0 0.4828125 0.4703125 0.0359375 0.09140625
0 0.47109375 0.44609375 0.04765625 0.08828125
0 0.4421875 0.428125 0.046875 0.08671875