0 0.79921875 0.559375 0.071875 0.2359375
1 0.9828125 0.07109375 0.03203125 0.1140625
0 0.58125 0.61015625 0.06640625 0.234375
0 0.625 0.596875 0.0671875 0.2484375
0 0.68125 0.66328125 0.07421875 0.25703125
0 0.32578125 0.58984375 0.06875 0.209375
0 0.35546875 0.5203125 0.0640625 0.20703125
1 0.42421875 0.05625 0.0375 0.1015625
0 0.70625 0.453125 0.06171875 0.22890625
0 0.571875 0.49609375 0.06171875 0.196875
0 0.6109375 0.44609375 0.05859375 0.1890625
1 0.409375 0.46171875 0.0609375 0.209375
0 0.5953125 0.37265625 0.05390625 0.184375
0 0.50234375 0.50703125 0.0640625 0.21953125
0 0.4203125 0.5828125 0.075 0.14609375
0 0.4671875 0.43828125 0.0578125 0.19296875
1 0.35625 0.74765625 0.1125 0.296875
0 0.478125 0.37734375 0.053125 0.1625
0 0.45078125 0.59140625 0.065625 0.2265625
0 0.41953125 0.71015625 0.1078125 0.1375
0 0.503125 0.71875 0.09609375 0.12890625
0 0.7078125 0.553125 0.0578125 0.21484375
0 0.5140625 0.75078125 0.0953125 0.08828125
0 0.365625 0.71171875 0.08046875 0.215625