0 0.38046875 0.6671875 0.05234375 0.1796875
0 0.5140625 0.70625 0.05390625 0.15625
0 0.8796875 0.54921875 0.0453125 0.14453125
0 0.39921875 0.53671875 0.03828125 0.14296875
0 0.584375 0.55625 0.05390625 0.1328125
0 0.4140625 0.43046875 0.04765625 0.1359375
0 0.3015625 0.515625 0.04453125 0.153125
0 0.471875 0.5203125 0.04921875 0.1515625
1 0.6875 0.515625 0.03828125 0.153125
0 0.53046875 0.52734375 0.059375 0.15
0 0.27421875 0.4515625 0.04453125 0.1484375
0 0.71484375 0.465625 0.0390625 0.1296875
1 0.19609375 0.36875 0.034375 0.125
1 0.7890625 0.31640625 0.03359375 0.1140625
0 0.7546875 0.38203125 0.0375 0.1109375
0 0.5875 0.46171875 0.02578125 0.1265625
0 0.70546875 0.40390625 0.0390625 0.1109375
0 0.72890625 0.375 0.0375 0.103125
0 0.64453125 0.34296875 0.03125 0.0921875
0 0.55078125 0.47734375 0.05 0.1296875
0 0.5625 0.46796875 0.0453125 0.125
0 0.48984375 0.5125 0.03828125 0.146875
0 0.4921875 0.51796875 0.0453125 0.13828125
0 0.3921875 0.51171875 0.0359375 0.11640625
0 0.86875 0.37734375 0.05390625 0.125