1 0.00859375 0.50390625 0.0171875 0.1484375
0 0.54765625 0.78046875 0.05625 0.16015625
0 0.98203125 0.50546875 0.0359375 0.09921875
0 0.7796875 0.58984375 0.03046875 0.13671875
0 0.6921875 0.6046875 0.05 0.146875
0 0.28671875 0.61015625 0.040625 0.134375
0 0.61953125 0.675 0.05234375 0.15
0 0.7265625 0.665625 0.046875 0.1484375
0 0.6421875 0.62109375 0.0421875 0.1421875
1 0.76484375 0.77421875 0.046875 0.1890625
0 0.5078125 0.58828125 0.0390625 0.1359375
0 0.3375 0.6046875 0.053125 0.1140625
0 0.52265625 0.58984375 0.02734375 0.1359375
0 0.39375 0.65546875 0.04453125 0.1453125
0 0.57578125 0.56328125 0.04453125 0.1296875
0 0.6109375 0.57578125 0.04453125 0.13125
1 0.93671875 0.36796875 0.02578125 0.0953125
0 0.4453125 0.65546875 0.04921875 0.1484375
0 0.41875 0.64375 0.04453125 0.13828125
0 0.38359375 0.60390625 0.03828125 0.103125
0 0.55859375 0.5546875 0.0421875 0.10390625
0 0.85625 0.484375 0.0453125 0.1125
0 0.39453125 0.59921875 0.03125 0.07890625