0 0.76640625 0.38046875 0.05 0.1453125
0 0.56171875 0.36171875 0.03984375 0.13671875
0 0.79609375 0.32890625 0.05 0.12890625
0 0.97421875 0.34453125 0.03515625 0.1484375
0 0.096875 0.4390625 0.034375 0.128125
0 0.390625 0.440625 0.046875 0.159375
0 0.7796875 0.26796875 0.028125 0.121875
0 0.7 0.34921875 0.0359375 0.153125
0 0.6171875 0.359375 0.028125 0.1328125
0 0.87109375 0.40703125 0.03671875 0.15859375
0 0.409375 0.34296875 0.0453125 0.128125
0 0.05078125 0.421875 0.0328125 0.15
1 0.82265625 0.84296875 0.03828125 0.19375
0 0.48359375 0.41171875 0.03828125 0.15234375
0 0.89609375 0.39765625 0.03203125 0.13828125
1 0.6359375 0.4015625 0.03125 0.14296875
0 0.88984375 0.35703125 0.03203125 0.13984375
0 0.2734375 0.32890625 0.02890625 0.1328125
0 0.284375 0.35859375 0.0390625 0.140625
0 0.48046875 0.3609375 0.02265625 0.13671875
0 0.4640625 0.37734375 0.02421875 0.15
1 0.47421875 0.1578125 0.02265625 0.0921875