0 0.553125 0.66875 0.07265625 0.1640625
0 0.61328125 0.66796875 0.05078125 0.1765625
0 0.18203125 0.62421875 0.05 0.16015625
0 0.634375 0.490625 0.04296875 0.13046875
0 0.81484375 0.70078125 0.0578125 0.16640625
0 0.6640625 0.50703125 0.04140625 0.14375
0 0.278125 0.665625 0.06640625 0.16015625
0 0.46953125 0.578125 0.0546875 0.153125
0 0.7078125 0.42265625 0.0375 0.115625
0 0.8921875 0.53203125 0.03828125 0.13515625
0 0.80078125 0.490625 0.04921875 0.13125
1 0.4296875 0.3515625 0.03671875 0.1140625
0 0.4375 0.5734375 0.0578125 0.14453125
1 0.9890625 0.59609375 0.021875 0.1578125
0 0.86015625 0.690625 0.0546875 0.12890625
0 0.32734375 0.66171875 0.06015625 0.178125
0 0.390625 0.64140625 0.0640625 0.14140625
0 0.77734375 0.46953125 0.04453125 0.12109375
0 0.36796875 0.671875 0.06484375 0.17109375
0 0.79765625 0.4265625 0.0375 0.11875
0 0.37734375 0.571875 0.05078125 0.13828125