0 0.4765625 0.7171875 0.0578125 0.2953125
0 0.92265625 0.6671875 0.0609375 0.2921875
0 0.703125 0.7 0.059375 0.296875
0 0.8625 0.528125 0.0796875 0.26171875
1 0.07734375 0.8390625 0.0734375 0.321875
0 0.77890625 0.48828125 0.046875 0.25859375
0 0.1359375 0.69609375 0.05625 0.3171875
0 0.225 0.865625 0.07734375 0.26796875
0 0.278125 0.74765625 0.06484375 0.32578125
0 0.25 0.609375 0.05234375 0.26484375
0 0.28046875 0.596875 0.05390625 0.2625
0 0.0125 0.68125 0.025 0.13203125
0 0.6359375 0.53203125 0.05546875 0.221875
0 0.62421875 0.496875 0.03671875 0.2359375
0 0.5671875 0.559375 0.0796875 0.23828125
0 0.5265625 0.58359375 0.0625 0.25625
0 0.53984375 0.5140625 0.04609375 0.23046875
0 0.478125 0.5578125 0.0515625 0.25625
0 0.61015625 0.6890625 0.06171875 0.3171875
1 0.5859375 0.47109375 0.0453125 0.23203125
0 0.6703125 0.515625 0.0375 0.26796875