1 0.5296875 0.83828125 0.07109375 0.2890625
1 0.82265625 0.2859375 0.01953125 0.1015625
1 0.23203125 0.265625 0.0203125 0.090625
1 0.365625 0.45234375 0.028125 0.14609375
0 0.903125 0.49140625 0.0453125 0.16015625
0 0.86171875 0.49140625 0.02890625 0.1546875
0 0.79453125 0.4859375 0.05234375 0.12890625
0 0.74765625 0.48828125 0.04375 0.14609375
0 0.76953125 0.4265625 0.0296875 0.07734375
0 0.78359375 0.36953125 0.04765625 0.1203125
0 0.75625 0.33671875 0.021875 0.11171875
0 0.66171875 0.48671875 0.03203125 0.153125
0 0.66171875 0.54453125 0.04453125 0.16875
0 0.65859375 0.66171875 0.0828125 0.2234375
0 0.6234375 0.52265625 0.053125 0.171875
0 0.66875 0.52734375 0.0296875 0.1546875
0 0.478125 0.5796875 0.0859375 0.1765625
0 0.5328125 0.51328125 0.0328125 0.14453125
0 0.553125 0.46796875 0.03203125 0.12734375
0 0.58984375 0.36875 0.025 0.125
0 0.56875 0.3359375 0.0203125 0.1046875
0 0.1421875 0.6125 0.05390625 0.2109375
0 0.05859375 0.4140625 0.03828125 0.134375