0 0.14140625 0.596875 0.0546875 0.16875
0 0.5171875 0.30390625 0.03359375 0.12890625
0 0.56796875 0.37890625 0.028125 0.1453125
0 0.0234375 0.40390625 0.0421875 0.1609375
0 0.08203125 0.23046875 0.03125 0.10859375
0 0.1640625 0.3515625 0.03359375 0.1390625
0 0.66328125 0.2703125 0.03046875 0.12421875
0 0.01875 0.59453125 0.0375 0.18125
1 0.24921875 0.34609375 0.03125 0.1375
0 0.4734375 0.38359375 0.0296875 0.15625
0 0.6125 0.3046875 0.03359375 0.13046875
1 0.8921875 0.65078125 0.0515625 0.1921875
1 0.7421875 0.16015625 0.025 0.10390625
0 0.784375 0.2671875 0.02265625 0.1203125
0 0.48046875 0.30390625 0.0296875 0.12890625
0 0.71796875 0.25078125 0.028125 0.12109375
0 0.76875 0.26484375 0.028125 0.12890625
0 0.703125 0.21796875 0.0265625 0.125
1 0.1515625 0.10390625 0.021875 0.078125
0 0.76640625 0.25390625 0.028125 0.121875
0 0.62890625 0.68125 0.05625 0.12734375
0 0.66484375 0.72578125 0.053125 0.0796875
0 0.69921875 0.73203125 0.0390625 0.04765625