0 0.38671875 0.721875 0.06484375 0.17421875
0 0.59921875 0.6390625 0.0515625 0.16015625
0 0.325 0.60390625 0.04453125 0.15546875
0 0.64765625 0.69609375 0.04921875 0.18046875
0 0.4859375 0.44453125 0.04453125 0.121875
0 0.05078125 0.5421875 0.053125 0.14765625
0 0.12265625 0.54453125 0.06484375 0.1640625
0 0.32890625 0.44296875 0.03125 0.1265625
0 0.671875 0.3921875 0.04765625 0.1046875
0 0.2796875 0.4984375 0.03828125 0.1578125
0 0.165625 0.49609375 0.046875 0.1546875
0 0.58125 0.475 0.028125 0.121875
0 0.1765625 0.48203125 0.02734375 0.140625
0 0.615625 0.41953125 0.04140625 0.0859375
1 0.575 0.50859375 0.0359375 0.13359375
0 0.621875 0.38125 0.025 0.08203125
1 0.51328125 0.321875 0.03125 0.09765625
0 0.64140625 0.4046875 0.02265625 0.08125