0 0.46328125 0.578125 0.05859375 0.1625
1 0.32265625 0.459375 0.0484375 0.13046875
0 0.378125 0.525 0.05078125 0.1421875
0 0.5296875 0.546875 0.0671875 0.11171875
0 0.4578125 0.48515625 0.05234375 0.140625
0 0.25078125 0.51640625 0.0453125 0.16640625
0 0.50625 0.4390625 0.0453125 0.1390625
0 0.21015625 0.63203125 0.0421875 0.18828125
0 0.775 0.5625 0.05234375 0.14765625
0 0.7953125 0.5140625 0.04921875 0.14375
0 0.45859375 0.71796875 0.05390625 0.2046875
0 0.64765625 0.571875 0.06328125 0.14921875
0 0.65078125 0.4125 0.04140625 0.1171875
0 0.60703125 0.58046875 0.0578125 0.1203125
1 0.265625 0.84921875 0.06015625 0.25390625
0 0.690625 0.4734375 0.05625 0.11171875
0 0.56875 0.515625 0.05625 0.0953125
0 0.58125 0.47734375 0.0546875 0.08828125
1 0.35859375 0.215625 0.02578125 0.0984375
1 0.83203125 0.24140625 0.03359375 0.10546875
0 0.7 0.44921875 0.05390625 0.10703125
0 0.66875 0.5171875 0.04375 0.09375
0 0.63125 0.509375 0.05078125 0.09140625
0 0.63359375 0.5359375 0.05 0.0921875
0 0.665625 0.4890625 0.05078125 0.07109375
0 0.65234375 0.39765625 0.03125 0.12890625