0 0.3203125 0.690625 0.03203125 0.12421875
0 0.79453125 0.64375 0.03828125 0.10625
0 0.68203125 0.51640625 0.03046875 0.08828125
0 0.76328125 0.61015625 0.03671875 0.103125
0 0.8296875 0.68046875 0.03828125 0.12578125
0 0.7140625 0.56328125 0.03359375 0.08828125
0 0.34296875 0.621875 0.03203125 0.103125
0 0.340625 0.53671875 0.02421875 0.0796875
0 0.62109375 0.46171875 0.02421875 0.07109375
1 0.8171875 0.88828125 0.046875 0.1453125
0 0.65703125 0.490625 0.025 0.08203125
1 0.75234375 0.4875 0.0234375 0.078125
0 0.34296875 0.46015625 0.025 0.07109375
0 0.6890625 0.4671875 0.0234375 0.07109375
0 0.59453125 0.43671875 0.02109375 0.06875
0 0.0046875 0.46171875 0.009375 0.06875
0 0.60859375 0.440625 0.021875 0.065625
1 0.353125 0.425 0.01875 0.06015625