0 0.290625 0.56484375 0.0484375 0.14453125
0 0.59921875 0.528125 0.04609375 0.14140625
0 0.34765625 0.50234375 0.0453125 0.14140625
0 0.50625 0.62109375 0.04765625 0.1484375
0 0.52578125 0.6078125 0.0453125 0.1484375
0 0.50078125 0.47890625 0.040625 0.15
0 0.409375 0.49921875 0.0453125 0.13828125
0 0.5375 0.48828125 0.040625 0.13671875
0 0.07421875 0.496875 0.0484375 0.13671875
0 0.04609375 0.5421875 0.04375 0.13671875
0 0.38125 0.54765625 0.0453125 0.14453125
0 0.46015625 0.55625 0.04921875 0.13828125
0 0.45078125 0.41171875 0.03828125 0.12421875
0 0.39453125 0.421875 0.040625 0.12421875
0 0.38203125 0.4828125 0.03984375 0.13671875
0 0.02734375 0.5015625 0.0453125 0.12265625
0 0.45703125 0.49765625 0.04296875 0.11796875
0 0.47890625 0.53828125 0.0453125 0.11953125