0 0.915625 0.384375 0.05234375 0.1609375
0 0.6171875 0.284375 0.04453125 0.13203125
0 0.3109375 0.34296875 0.05 0.13046875
1 0.98125 0.29140625 0.03671875 0.13359375
1 0.3109375 0.090625 0.03671875 0.109375
0 0.4453125 0.3734375 0.05703125 0.125
0 0.52265625 0.40078125 0.053125 0.1375
0 0.278125 0.546875 0.05859375 0.165625
1 0.0296875 0.51953125 0.05 0.14453125
0 0.5265625 0.35234375 0.04921875 0.12890625
0 0.02109375 0.29765625 0.040625 0.1265625
0 0.07265625 0.19609375 0.0390625 0.10546875
0 0.02578125 0.671875 0.0515625 0.196875
0 0.0171875 0.203125 0.034375 0.09609375
0 0.415625 0.490625 0.059375 0.146875
0 0.83671875 0.475 0.0515625 0.18046875
0 0.77578125 0.46796875 0.0875 0.16953125
0 0.775 0.39921875 0.06015625 0.1984375
0 0.72890625 0.38125 0.0609375 0.1515625
0 0.7546875 0.25390625 0.03828125 0.1359375
0 0.709375 0.3078125 0.03515625 0.115625
0 0.7390625 0.33515625 0.0453125 0.12890625