0 0.35234375 0.63671875 0.05703125 0.26328125
0 0.58828125 0.51875 0.05546875 0.2140625
1 0.5640625 0.87890625 0.06953125 0.23671875
0 0.196875 0.63984375 0.07890625 0.27734375
0 0.2609375 0.55 0.071875 0.25
1 0.4078125 0.49453125 0.0796875 0.23046875
0 0.53671875 0.78984375 0.06484375 0.309375
0 0.46171875 0.759375 0.06953125 0.3203125
0 0.75703125 0.82734375 0.05234375 0.3375
0 0.14609375 0.54921875 0.08515625 0.259375
0 0.403125 0.603125 0.06015625 0.246875
0 0.82734375 0.91328125 0.0625 0.17265625
0 0.85859375 0.84140625 0.0765625 0.3171875
0 0.77890625 0.84609375 0.0734375 0.30703125
0 0.44140625 0.57578125 0.06875 0.1109375
0 0.465625 0.50078125 0.03984375 0.2203125
0 0.4796875 0.53359375 0.046875 0.246875
0 0.55 0.52578125 0.06171875 0.21171875
0 0.51015625 0.5046875 0.0390625 0.246875