0 0.575 0.60859375 0.040625 0.1984375
0 0.5421875 0.45 0.04140625 0.10703125
1 0.575 0.34609375 0.0328125 0.13671875
0 0.77734375 0.5390625 0.028125 0.171875
0 0.41328125 0.4390625 0.02734375 0.1609375
1 0.215625 0.41171875 0.040625 0.17890625
0 0.6375 0.515625 0.03515625 0.18125
1 0.46015625 0.5296875 0.02421875 0.17421875
0 0.7140625 0.48515625 0.0328125 0.17265625
0 0.47578125 0.559375 0.04921875 0.17578125
0 0.671875 0.51171875 0.0328125 0.17578125
0 0.365625 0.52265625 0.03984375 0.18125
0 0.14921875 0.38125 0.03671875 0.14296875
0 0.40078125 0.4796875 0.02578125 0.03828125
0 0.3609375 0.55 0.028125 0.17890625
1 0.6203125 0.534375 0.0390625 0.178125
0 0.59140625 0.5015625 0.03125 0.16015625
0 0.521875 0.515625 0.02578125 0.17265625
0 0.33046875 0.521875 0.04609375 0.19140625
0 0.4125 0.5890625 0.0484375 0.178125
0 0.5578125 0.48046875 0.02890625 0.17421875
0 0.40234375 0.5734375 0.0390625 0.17265625
0 0.659375 0.5390625 0.02890625 0.16640625
0 0.4921875 0.5015625 0.03671875 0.1703125
0 0.546875 0.5390625 0.03515625 0.1828125