0 0.38515625 0.28359375 0.03046875 0.14140625
0 0.85390625 0.58828125 0.0703125 0.18046875
0 0.8375 0.33828125 0.03359375 0.1453125
0 0.4859375 0.27890625 0.02890625 0.13671875
0 0.42890625 0.3609375 0.03203125 0.146875
1 0.75546875 0.32421875 0.0375 0.1390625
0 0.97734375 0.39453125 0.03671875 0.1625
0 0.3328125 0.24296875 0.03046875 0.12265625
0 0.93125 0.209375 0.0265625 0.10234375
1 0.25078125 0.13203125 0.03046875 0.11484375
0 0.52890625 0.36640625 0.03359375 0.16328125
1 0.1015625 0.63515625 0.0453125 0.1984375
0 0.990625 0.590625 0.01875 0.190625
0 0.278125 0.21953125 0.02734375 0.1296875
0 0.52421875 0.2796875 0.0328125 0.14453125
0 0.20703125 0.2390625 0.021875 0.12890625
0 0.28984375 0.1859375 0.02734375 0.1140625
0 0.228125 0.23828125 0.021875 0.13046875
1 0.8625 0.071875 0.02421875 0.0859375
0 0.35 0.659375 0.0640625 0.1359375
0 0.228125 0.23203125 0.0234375 0.13984375
0 0.309375 0.69609375 0.065625 0.11484375