0 0.2765625 0.5984375 0.03125 0.11640625
0 0.3390625 0.56640625 0.03515625 0.1140625
0 0.78125 0.60390625 0.03671875 0.10859375
1 0.2546875 0.4765625 0.025 0.09453125
0 0.471875 0.58515625 0.0359375 0.10546875
1 0.90390625 0.4671875 0.025 0.07890625
0 0.6125 0.4984375 0.0234375 0.08359375
0 0.7203125 0.5875 0.028125 0.1078125
1 0.5046875 0.6875 0.03359375 0.125
0 0.4875 0.5109375 0.0359375 0.103125
0 0.59765625 0.5640625 0.03828125 0.0875
1 0.45703125 0.54140625 0.028125 0.0765625
0 0.7359375 0.54296875 0.03671875 0.10859375
1 0.04765625 0.5015625 0.0265625 0.1
0 0.57109375 0.58046875 0.0390625 0.10078125
0 0.50078125 0.6078125 0.0421875 0.1015625
0 0.515625 0.54609375 0.02109375 0.071875
0 0.54921875 0.56875 0.0375 0.10625
0 0.51875 0.578125 0.03046875 0.096875
0 0.72890625 0.546875 0.03359375 0.09765625
0 0.5640625 0.5375 0.025 0.0734375
0 0.5140625 0.6 0.04609375 0.1015625
0 0.57578125 0.559375 0.0390625 0.09609375
0 0.5796875 0.5546875 0.03515625 0.0984375
0 0.5296875 0.54140625 0.02734375 0.05859375