0 0.39765625 0.4671875 0.0453125 0.09453125
0 0.5828125 0.46484375 0.03984375 0.08671875
0 0.50234375 0.45 0.03515625 0.10390625
0 0.41875 0.40546875 0.0296875 0.0828125
0 0.44140625 0.43984375 0.0375 0.0796875
0 0.29921875 0.48671875 0.03046875 0.1046875
0 0.48359375 0.45390625 0.0296875 0.09296875
0 0.24921875 0.440625 0.0234375 0.0890625
0 0.675 0.46328125 0.03046875 0.09375
1 0.93125 0.3875 0.02109375 0.08046875
0 0.53203125 0.4671875 0.03046875 0.0921875
0 0.20390625 0.4625 0.02734375 0.09453125
0 0.365625 0.4390625 0.02578125 0.084375
0 0.2265625 0.44140625 0.02890625 0.084375
1 0.66640625 0.33359375 0.01484375 0.06015625
0 0.18828125 0.4015625 0.03515625 0.084375
0 0.30390625 0.42734375 0.03125 0.08984375
0 0.2953125 0.4234375 0.021875 0.0859375
0 0.30078125 0.37734375 0.028125 0.06953125
0 0.55859375 0.45390625 0.034375 0.07890625
0 0.37265625 0.38671875 0.0203125 0.06640625
0 0.5828125 0.4171875 0.0296875 0.0703125
0 0.1921875 0.42890625 0.03828125 0.0765625