0 0.4953125 0.3796875 0.0375 0.13125
1 0.146875 0.84921875 0.0625 0.25703125
0 0.71484375 0.38515625 0.0359375 0.14609375
0 0.84375 0.47109375 0.04140625 0.14921875
0 0.259375 0.4171875 0.04140625 0.14609375
0 0.01015625 0.45859375 0.0203125 0.1609375
0 0.6609375 0.41640625 0.04609375 0.1421875
1 0.8234375 0.22578125 0.0328125 0.1046875
0 0.34609375 0.4546875 0.05625 0.14921875
0 0.6296875 0.390625 0.03046875 0.14375
1 0.44296875 0.2203125 0.0296875 0.09765625
0 0.5796875 0.44921875 0.040625 0.1578125
0 0.56015625 0.4890625 0.04609375 0.16171875
0 0.40234375 0.42109375 0.0421875 0.15234375
0 0.021875 0.44609375 0.0375 0.15234375
0 0.4015625 0.39375 0.04609375 0.14921875
0 0.05625 0.3578125 0.02890625 0.134375
0 0.05078125 0.40078125 0.03359375 0.1484375
0 0.33515625 0.3859375 0.02890625 0.11640625
0 0.028125 0.37109375 0.02265625 0.1421875
0 0.296875 0.46640625 0.0484375 0.15390625
0 0.31796875 0.43828125 0.0375 0.15234375
1 0.33671875 0.41171875 0.03125 0.12734375