0 0.7453125 0.50703125 0.034375 0.11953125
1 0.1734375 0.75625 0.0625 0.215625
0 0.50390625 0.52578125 0.02890625 0.1390625
0 0.0796875 0.45234375 0.02265625 0.1109375
0 0.6234375 0.45859375 0.025 0.1125
0 0.17578125 0.41796875 0.02109375 0.09921875
1 0.2609375 0.44453125 0.0265625 0.09453125
1 0.5765625 0.39296875 0.02578125 0.09140625
0 0.41015625 0.4375 0.02265625 0.0921875
0 0.4515625 0.47578125 0.02578125 0.11953125
0 0.496875 0.42421875 0.01953125 0.10625
1 0.1484375 0.36875 0.021875 0.07109375
0 0.38515625 0.42265625 0.0203125 0.0828125
0 0.3046875 0.42890625 0.02578125 0.0875
0 0.278125 0.43046875 0.02421875 0.0859375
0 0.45703125 0.42578125 0.0296875 0.090625
0 0.3703125 0.42734375 0.0234375 0.0875
0 0.471875 0.41328125 0.01953125 0.08984375
1 0.9625 0.546875 0.03515625 0.1140625
0 0.3234375 0.41640625 0.02421875 0.0859375
0 0.34140625 0.4234375 0.02421875 0.09140625
0 0.35625 0.4078125 0.01484375 0.084375
0 0.26328125 0.40625 0.02109375 0.0828125
0 0.3953125 0.43828125 0.02890625 0.0640625
0 0.45390625 0.403125 0.01796875 0.07734375
0 0.43359375 0.43828125 0.0265625 0.06171875
0 0.36640625 0.4265625 0.025 0.05625