1 0.01171875 0.521875 0.02265625 0.1484375
1 0.73203125 0.7078125 0.0359375 0.1640625
0 0.0890625 0.6203125 0.05 0.13828125
0 0.13828125 0.7171875 0.03515625 0.1765625
0 0.52265625 0.4828125 0.0375 0.1203125
0 0.66875 0.6359375 0.0359375 0.1359375
0 0.465625 0.64921875 0.034375 0.1609375
0 0.91328125 0.58828125 0.04609375 0.13671875
0 0.13359375 0.6109375 0.04453125 0.14375
0 0.4734375 0.5671875 0.02265625 0.14375
1 0.92109375 0.3890625 0.03359375 0.0953125
0 0.3671875 0.60390625 0.05078125 0.090625
0 0.5328125 0.57109375 0.04765625 0.0953125
0 0.5546875 0.60078125 0.03359375 0.10859375
1 0.021875 0.925 0.04375 0.15
0 0.58984375 0.58984375 0.03984375 0.14375
0 0.91875 0.53125 0.040625 0.115625
0 0.68359375 0.609375 0.028125 0.07578125
0 0.6203125 0.60234375 0.0484375 0.12421875
0 0.56484375 0.584375 0.03125 0.1546875
0 0.640625 0.621875 0.0328125 0.07421875
0 0.6625 0.5796875 0.04296875 0.128125
0 0.43515625 0.596875 0.03984375 0.075
0 0.4578125 0.565625 0.03125 0.1375
0 0.584375 0.61796875 0.0609375 0.05625