0 0.28984375 0.54921875 0.06796875 0.1640625
0 0.41640625 0.728125 0.07890625 0.2
0 0.6625 0.54296875 0.053125 0.15546875
0 0.30078125 0.34765625 0.04296875 0.121875
0 0.9125 0.3984375 0.034375 0.1515625
0 0.77890625 0.71953125 0.0421875 0.20703125
0 0.45859375 0.453125 0.06015625 0.096875
0 0.58203125 0.4265625 0.03984375 0.1421875
0 0.2015625 0.4078125 0.0375 0.146875
1 0.75546875 0.39609375 0.03515625 0.14609375
0 0.57109375 0.2765625 0.0359375 0.10859375
0 0.3671875 0.42890625 0.0390625 0.08828125
0 0.36328125 0.44921875 0.0515625 0.1046875
0 0.375 0.39609375 0.04921875 0.0703125
1 0.53671875 0.94140625 0.0703125 0.1171875
1 0.3796875 0.2390625 0.03125 0.115625
0 0.2046875 0.36953125 0.03671875 0.13046875
0 0.5765625 0.39375 0.0234375 0.14140625
0 0.434375 0.39921875 0.04765625 0.08828125
0 0.45703125 0.40546875 0.05 0.07578125
0 0.43359375 0.3703125 0.04609375 0.0734375
0 0.38984375 0.415625 0.04609375 0.0921875
0 0.35078125 0.3875 0.04140625 0.1015625
0 0.35 0.371875 0.03828125 0.08671875
0 0.58359375 0.3671875 0.03359375 0.1375