1 0.98359375 0.50703125 0.0234375 0.1453125
1 0.0578125 0.3703125 0.02421875 0.09453125
0 0.7625 0.6765625 0.040625 0.1515625
0 0.60625 0.69453125 0.05546875 0.14453125
0 0.54453125 0.80625 0.0421875 0.1578125
0 0.6 0.5921875 0.046875 0.1125
0 0.58203125 0.6078125 0.02265625 0.12109375
0 0.590625 0.6484375 0.03359375 0.14453125
0 0.54453125 0.690625 0.075 0.14296875
0 0.54140625 0.63671875 0.04765625 0.1421875
0 0.53515625 0.62578125 0.0421875 0.1328125
0 0.50390625 0.58984375 0.040625 0.11953125
0 0.4828125 0.63203125 0.04375 0.128125
0 0.46328125 0.6265625 0.0421875 0.1265625
0 0.4609375 0.575 0.040625 0.09765625
0 0.40703125 0.6046875 0.05703125 0.13046875
0 0.39453125 0.59140625 0.03203125 0.1375
0 0.4078125 0.540625 0.0171875 0.04765625
0 0.24921875 0.47421875 0.05 0.11328125
0 0.2375 0.7078125 0.04453125 0.16171875
0 0.18828125 0.64140625 0.0546875 0.1375
0 0.07890625 0.6203125 0.06953125 0.11875
0 0.05234375 0.4921875 0.04375 0.10078125
1 0.25234375 0.7984375 0.0484375 0.1859375