1 0.83203125 0.6265625 0.02734375 0.11484375
0 0.32421875 0.68671875 0.04375 0.0953125
0 0.25703125 0.734375 0.040625 0.0953125
0 0.65625 0.7046875 0.03046875 0.12109375
0 0.14375 0.71875 0.04609375 0.125
1 0.68046875 0.6 0.02890625 0.11484375
0 0.29140625 0.67890625 0.04453125 0.1078125
0 0.353125 0.68125 0.0390625 0.10390625
0 0.465625 0.72734375 0.03984375 0.0984375
0 0.51171875 0.653125 0.034375 0.11796875
0 0.57890625 0.71796875 0.046875 0.109375
0 0.434375 0.70546875 0.04140625 0.08828125
0 0.5109375 0.7 0.04296875 0.08828125
0 0.40078125 0.69921875 0.04375 0.08671875
0 0.37734375 0.64140625 0.0375 0.1
0 0.4609375 0.6484375 0.03515625 0.09375
0 0.41328125 0.67265625 0.03828125 0.07890625
0 0.471875 0.7046875 0.040625 0.0859375
0 0.56640625 0.575 0.02890625 0.1140625
0 0.60390625 0.67421875 0.03671875 0.12109375
0 0.55078125 0.6984375 0.0390625 0.096875
0 0.37578125 0.690625 0.04140625 0.096875
0 0.5609375 0.753125 0.03515625 0.12109375
0 0.45546875 0.69921875 0.0390625 0.084375
0 0.4078125 0.70390625 0.040625 0.084375
0 0.4484375 0.7046875 0.0390625 0.08828125
1 0.609375 0.68125 0.0296875 0.109375