0 0.415625 0.5890625 0.04921875 0.16953125
0 0.46953125 0.403125 0.0375 0.14140625
0 0.571875 0.45546875 0.03828125 0.14453125
0 0.4390625 0.353125 0.0359375 0.15546875
0 0.1171875 0.378125 0.0359375 0.13359375
1 0.671875 0.396875 0.034375 0.1390625
0 0.596875 0.27734375 0.0328125 0.1234375
0 0.6265625 0.36640625 0.03515625 0.128125
0 0.56015625 0.40703125 0.0390625 0.1390625
0 0.134375 0.41328125 0.0421875 0.15390625
0 0.9203125 0.3921875 0.034375 0.13203125
0 0.1671875 0.4109375 0.03671875 0.15
0 0.27421875 0.3640625 0.040625 0.13359375
0 0.246875 0.38046875 0.03984375 0.121875
0 0.21015625 0.4125 0.0390625 0.14140625
0 0.4125 0.4390625 0.03828125 0.153125
0 0.41015625 0.47578125 0.0390625 0.15390625
1 0.49375 0.1640625 0.02421875 0.09453125
0 0.2171875 0.3359375 0.03671875 0.11640625
0 0.27265625 0.3 0.0390625 0.10859375
0 0.18828125 0.36484375 0.0390625 0.1125
0 0.221875 0.39140625 0.0390625 0.1359375
0 0.4359375 0.303125 0.034375 0.1109375
0 0.2703125 0.3234375 0.03984375 0.1109375