0 0.8078125 0.621875 0.05 0.2078125
0 0.4109375 0.63203125 0.05234375 0.2078125
0 0.59140625 0.7390625 0.0515625 0.19453125
0 0.878125 0.590625 0.05859375 0.19453125
0 0.94140625 0.603125 0.05703125 0.20078125
0 0.6640625 0.284375 0.0421875 0.13359375
1 0.0796875 0.29921875 0.04140625 0.1375
0 0.74609375 0.33828125 0.0421875 0.14921875
0 0.50390625 0.26171875 0.034375 0.125
0 0.00859375 0.290625 0.01640625 0.13515625
0 0.6265625 0.2375 0.03515625 0.12109375
1 0.26328125 0.17109375 0.03046875 0.109375