0 0.440625 0.6203125 0.03828125 0.1484375
0 0.63046875 0.65234375 0.0453125 0.1640625
1 0.3390625 0.646875 0.03828125 0.15703125
0 0.7921875 0.6171875 0.03515625 0.15234375
1 0.16015625 0.46484375 0.03125 0.1125
0 0.6828125 0.70703125 0.040625 0.16171875
0 0.853125 0.5953125 0.0375 0.15390625
0 0.8171875 0.55546875 0.03828125 0.1296875
0 0.41328125 0.5078125 0.02578125 0.13359375
0 0.75703125 0.6546875 0.03515625 0.15546875
0 0.49453125 0.50390625 0.03671875 0.13203125
0 0.45546875 0.51328125 0.03359375 0.128125
0 0.5515625 0.51171875 0.03203125 0.14921875
0 0.98359375 0.665625 0.0328125 0.14375
0 0.69296875 0.6375 0.03671875 0.13359375
0 0.58515625 0.50234375 0.03515625 0.1140625
0 0.6890625 0.60625 0.03515625 0.11015625
1 0.3859375 0.46484375 0.021875 0.096875
0 0.5234375 0.45546875 0.025 0.11015625
0 0.9765625 0.5765625 0.04140625 0.11484375