0 0.52109375 0.56796875 0.06015625 0.19609375
0 0.43359375 0.58515625 0.05703125 0.2046875
0 0.5953125 0.4125 0.053125 0.16640625
0 0.14375 0.24296875 0.04140625 0.13359375
0 0.06640625 0.390625 0.04921875 0.1765625
0 0.29765625 0.53828125 0.0546875 0.19375
0 0.03046875 0.5640625 0.05625 0.19609375
0 0.48984375 0.6265625 0.06328125 0.2046875
0 0.37265625 0.56875 0.05546875 0.20625
0 0.2234375 0.275 0.0453125 0.140625
0 0.15703125 0.43125 0.0546875 0.16875
0 0.275 0.3296875 0.0453125 0.16015625
0 0.56171875 0.36484375 0.05078125 0.16796875
0 0.6046875 0.63359375 0.0671875 0.21953125
0 0.45078125 0.28671875 0.04296875 0.13203125
0 0.4453125 0.434375 0.05703125 0.16640625
1 0.12265625 0.1203125 0.03671875 0.11171875
0 0.30078125 0.41328125 0.046875 0.1765625
0 0.4796875 0.5109375 0.05859375 0.18515625
0 0.00859375 0.3921875 0.0171875 0.140625