0 0.42265625 0.56484375 0.03984375 0.140625
0 0.50390625 0.75703125 0.0515625 0.2015625
1 0.36953125 0.50234375 0.03828125 0.1203125
0 0.84140625 0.559375 0.0390625 0.1390625
0 0.50625 0.61328125 0.0390625 0.16484375
0 0.5046875 0.5265625 0.04140625 0.13515625
0 0.55234375 0.47734375 0.03125 0.140625
0 0.82265625 0.6078125 0.046875 0.1375
0 0.27265625 0.6078125 0.02421875 0.16953125
0 0.696875 0.453125 0.0375 0.11484375
0 0.2578125 0.53828125 0.0296875 0.15234375
1 0.31796875 0.884375 0.0609375 0.23125
0 0.74921875 0.49140625 0.04296875 0.084375
0 0.68125 0.42734375 0.021875 0.125
1 0.40625 0.25859375 0.01875 0.09453125
1 0.88046875 0.2859375 0.0234375 0.1
0 0.73515625 0.515625 0.04375 0.0984375
0 0.703125 0.54296875 0.03125 0.09140625
0 0.7140625 0.5453125 0.034375 0.121875
0 0.6828125 0.55078125 0.04296875 0.08125
0 0.67578125 0.59140625 0.03671875 0.11015625
0 0.653125 0.6234375 0.04921875 0.115625
0 0.69375 0.609375 0.05390625 0.14609375
0 0.628125 0.53359375 0.0453125 0.1046875
0 0.615625 0.56484375 0.05 0.08125
0 0.57578125 0.58515625 0.0640625 0.0984375