0 0.1703125 0.68671875 0.06640625 0.1875
1 0.52421875 0.93671875 0.06171875 0.1265625
0 0.74765625 0.690625 0.059375 0.16328125
0 0.353125 0.64296875 0.05078125 0.15390625
0 0.75859375 0.49921875 0.0421875 0.15859375
0 0.61015625 0.52578125 0.0546875 0.15
0 0.33125 0.56171875 0.04921875 0.159375
1 0.01796875 0.6609375 0.0359375 0.16796875
0 0.55703125 0.49921875 0.06171875 0.1546875
0 0.1984375 0.6953125 0.065625 0.203125
0 0.421875 0.63828125 0.0578125 0.14609375
0 0.67109375 0.628125 0.059375 0.1640625
1 0.4671875 0.2296875 0.03046875 0.1015625
0 0.384375 0.50546875 0.0546875 0.1359375
0 0.3265625 0.46953125 0.046875 0.1421875
0 0.51875 0.559375 0.065625 0.15390625
0 0.7109375 0.62578125 0.0578125 0.13046875
0 0.409375 0.51796875 0.05546875 0.13046875
0 0.4359375 0.58359375 0.06171875 0.11015625
0 0.48515625 0.56640625 0.05625 0.13125
0 0.659375 0.59609375 0.0515625 0.13984375
0 0.48359375 0.634375 0.07578125 0.09609375
0 0.440625 0.5546875 0.05625 0.10546875
0 0.71796875 0.66875 0.05234375 0.14453125
0 0.7296875 0.68125 0.05625 0.1515625