0 0.3796875 0.703125 0.04140625 0.125
1 0.428125 0.6515625 0.0421875 0.125
1 0.8328125 0.80703125 0.04453125 0.1609375
1 0.64921875 0.60859375 0.03125 0.1109375
1 0.4984375 0.584375 0.03046875 0.10859375
0 0.36796875 0.65703125 0.034375 0.128125
0 0.009375 0.675 0.01796875 0.121875
0 0.27421875 0.7203125 0.040625 0.0875
0 0.29296875 0.66171875 0.0359375 0.1265625
0 0.30625 0.69375 0.0390625 0.1234375
0 0.2234375 0.634375 0.03671875 0.10390625
0 0.06875 0.671875 0.0328125 0.115625
0 0.08671875 0.709375 0.0359375 0.10859375
0 0.32421875 0.665625 0.0359375 0.13359375
0 0.2234375 0.67265625 0.03671875 0.10703125
0 0.20625 0.690625 0.0375 0.121875
0 0.2578125 0.6875 0.0359375 0.1140625
0 0.3171875 0.6296875 0.03359375 0.115625
0 0.178125 0.67265625 0.03515625 0.115625
0 0.078125 0.67578125 0.03203125 0.10703125
0 0.1859375 0.6203125 0.03359375 0.0875