0 0.25234375 0.60625 0.04375 0.1578125
1 0.89765625 0.41796875 0.02890625 0.09609375
0 0.1546875 0.7609375 0.04453125 0.17421875
0 0.3078125 0.59375 0.0375 0.14296875
1 0.08671875 0.909375 0.05234375 0.18046875
0 0.38828125 0.5625 0.0359375 0.13984375
0 0.796875 0.571875 0.0375 0.15703125
0 0.76328125 0.48125 0.034375 0.12109375
1 0.0609375 0.5140625 0.03828125 0.16875
0 0.5046875 0.5875 0.03125 0.14375
0 0.74140625 0.58515625 0.0359375 0.13828125
0 0.55234375 0.55546875 0.03984375 0.15
0 0.52109375 0.62109375 0.0375 0.1546875
1 0.6078125 0.58828125 0.03359375 0.13828125
0 0.5859375 0.5484375 0.0359375 0.13359375
0 0.5828125 0.56796875 0.03515625 0.1453125
0 0.7046875 0.58671875 0.0359375 0.13515625
0 0.64296875 0.596875 0.03046875 0.146875
0 0.68359375 0.61171875 0.0265625 0.14453125
0 0.6609375 0.5625 0.025 0.13125
0 0.66640625 0.59375 0.03203125 0.13359375
0 0.4984375 0.56875 0.03125 0.146875
0 0.6515625 0.62578125 0.04296875 0.06328125