0 0.653125 0.703125 0.03046875 0.11796875
0 0.32265625 0.690625 0.0375 0.084375
1 0.82578125 0.62734375 0.0265625 0.1125
0 0.2890625 0.68046875 0.0390625 0.103125
0 0.2578125 0.73515625 0.0375 0.090625
1 0.67578125 0.6015625 0.0265625 0.1140625
0 0.14140625 0.71953125 0.040625 0.125
0 0.5171875 0.71953125 0.04296875 0.075
0 0.4625 0.7296875 0.0390625 0.09609375
0 0.5078125 0.64765625 0.03046875 0.10390625
0 0.43046875 0.70390625 0.0390625 0.0859375
0 0.5875 0.7125 0.03828125 0.121875
0 0.48125 0.7078125 0.03828125 0.07890625
0 0.4578125 0.64921875 0.03359375 0.0875
0 0.3734375 0.6859375 0.03515625 0.103125
0 0.3453125 0.690625 0.03671875 0.090625
0 0.55 0.7 0.03515625 0.1109375
0 0.41015625 0.69375 0.0390625 0.07890625
0 0.5625 0.571875 0.02734375 0.10546875
0 0.375 0.64140625 0.03203125 0.096875
0 0.4453125 0.709375 0.0390625 0.0890625
0 0.603125 0.68203125 0.03359375 0.1140625
0 0.5921875 0.665625 0.03203125 0.10546875
0 0.565625 0.703125 0.034375 0.10703125
0 0.4546875 0.7 0.03515625 0.075
0 0.559375 0.7578125 0.02734375 0.11796875
0 0.4171875 0.68046875 0.03671875 0.06953125