0 0.509375 0.50234375 0.03984375 0.13515625
1 0.60390625 0.36953125 0.025 0.08828125
1 0.01875 0.76953125 0.0359375 0.1390625
0 0.34140625 0.50546875 0.040625 0.1328125
0 0.12890625 0.41171875 0.02421875 0.096875
0 0.3765625 0.3953125 0.0328125 0.1015625
0 0.5828125 0.41796875 0.02109375 0.0953125
0 0.26328125 0.384375 0.021875 0.071875
0 0.55078125 0.41484375 0.02421875 0.109375
0 0.48828125 0.3890625 0.02265625 0.1015625
0 0.46171875 0.3921875 0.01953125 0.1015625
1 0.21796875 0.43515625 0.02578125 0.10625
0 0.3171875 0.44296875 0.02890625 0.1109375
0 0.36640625 0.43984375 0.02890625 0.11328125
0 0.29921875 0.39296875 0.01953125 0.090625
0 0.5203125 0.40390625 0.02890625 0.1
0 0.53125 0.43046875 0.02890625 0.05234375
0 0.21484375 0.39296875 0.0234375 0.08359375
0 0.4140625 0.37421875 0.01484375 0.0890625
0 0.2796875 0.41015625 0.04296875 0.04453125
0 0.44296875 0.42109375 0.04921875 0.0296875
1 0.13125 0.34375 0.01640625 0.06875