0 0.6484375 0.37734375 0.03359375 0.1171875
0 0.9140625 0.42421875 0.03515625 0.13125
0 0.43671875 0.43359375 0.0328125 0.1359375
0 0.3578125 0.4265625 0.0375 0.1328125
0 0.18203125 0.40390625 0.03203125 0.134375
1 0.08046875 0.36875 0.04296875 0.1140625
0 0.4078125 0.5109375 0.03125 0.16328125
1 0.61875 0.77109375 0.05859375 0.2421875
0 0.4578125 0.35390625 0.034375 0.1203125
0 0.209375 0.4609375 0.0421875 0.1015625
0 0.29296875 0.47109375 0.0515625 0.09609375
0 0.5875 0.328125 0.02890625 0.11015625
0 0.3109375 0.4046875 0.03515625 0.12109375
0 0.38515625 0.47109375 0.03984375 0.1375
0 0.3796875 0.39609375 0.03203125 0.11171875
0 0.8171875 0.371875 0.0328125 0.07265625
0 0.25703125 0.4734375 0.040625 0.14921875
1 0.7203125 0.3 0.025 0.0859375
0 0.25859375 0.4328125 0.0328125 0.103125
0 0.08984375 0.4265625 0.0203125 0.134375
0 0.2578125 0.39609375 0.03046875 0.08984375
0 0.28515625 0.42109375 0.03984375 0.0984375
0 0.2328125 0.4578125 0.025 0.1484375
0 0.1421875 0.4109375 0.0296875 0.1328125
1 0.40234375 0.43671875 0.0328125 0.115625
0 0.1546875 0.44609375 0.03046875 0.13828125
0 0.103125 0.45703125 0.03671875 0.14140625