0 0.04765625 0.64765625 0.065625 0.2015625
0 0.67734375 0.5125 0.0421875 0.15859375
0 0.81484375 0.390625 0.03828125 0.1578125
0 0.3984375 0.5375 0.05234375 0.17890625
0 0.646875 0.36640625 0.0390625 0.1390625
1 0.51328125 0.34765625 0.0359375 0.13125
0 0.940625 0.453125 0.04921875 0.159375
0 0.1359375 0.453125 0.0421875 0.1484375
0 0.46015625 0.49140625 0.040625 0.15234375
0 0.9796875 0.4359375 0.040625 0.16328125
0 0.90859375 0.44765625 0.04765625 0.16953125
0 0.7625 0.3078125 0.03828125 0.13046875
0 0.87109375 0.6890625 0.06484375 0.20390625
0 0.5640625 0.54453125 0.06171875 0.12578125
0 0.35546875 0.4171875 0.04609375 0.1453125
0 0.75859375 0.2765625 0.03359375 0.09921875
0 0.925 0.3515625 0.0375 0.13984375
0 0.9078125 0.325 0.0359375 0.12578125
0 0.4109375 0.453125 0.04453125 0.0953125
0 0.40625 0.4828125 0.04140625 0.1171875
0 0.978125 0.4125 0.04375 0.140625
0 0.9140625 0.359375 0.0375 0.13984375
0 0.46328125 0.4640625 0.03984375 0.13828125