0 0.75 0.51328125 0.0453125 0.146875
0 0.48828125 0.5078125 0.05390625 0.14921875
0 0.4015625 0.3875 0.0421875 0.1296875
1 0.5921875 0.35546875 0.034375 0.12421875
0 0.55625 0.45078125 0.03828125 0.128125
0 0.5734375 0.5203125 0.04453125 0.1078125
0 0.61484375 0.4640625 0.0453125 0.128125
1 0.721875 0.48828125 0.04296875 0.13828125
0 0.534375 0.52265625 0.04453125 0.11328125
0 0.6328125 0.40234375 0.03984375 0.1203125
0 0.6796875 0.45859375 0.040625 0.121875
0 0.31484375 0.45859375 0.03359375 0.12734375
0 0.36953125 0.459375 0.040625 0.12265625
0 0.7 0.48984375 0.04140625 0.128125
0 0.33359375 0.4640625 0.03828125 0.128125
0 0.33125 0.42421875 0.0359375 0.11015625
0 0.39296875 0.49375 0.053125 0.090625
0 0.35078125 0.48046875 0.0421875 0.12265625
0 0.559375 0.5203125 0.04140625 0.1078125
0 0.684375 0.4796875 0.04140625 0.121875