0 0.496875 0.66796875 0.06328125 0.0875
0 0.9703125 0.77578125 0.053125 0.1546875
0 0.23828125 0.66953125 0.0421875 0.11484375
0 0.575 0.66484375 0.03984375 0.1515625
0 0.40234375 0.56640625 0.04296875 0.103125
0 0.37578125 0.6578125 0.05234375 0.10078125
0 0.17578125 0.634375 0.04765625 0.0984375
1 0.534375 0.50703125 0.034375 0.13984375
1 0.84609375 0.84453125 0.05078125 0.18515625
0 0.60625 0.8234375 0.05546875 0.18046875
0 0.459375 0.70546875 0.05703125 0.1046875
0 0.24375 0.5109375 0.03671875 0.109375
0 0.3390625 0.63125 0.04921875 0.09296875
0 0.4390625 0.63984375 0.0515625 0.0765625
0 0.68515625 0.6171875 0.040625 0.153125
0 0.209375 0.565625 0.0484375 0.09296875
0 0.41875 0.68125 0.053125 0.09765625
0 0.58046875 0.60703125 0.0359375 0.12734375
1 0.2078125 0.3078125 0.0296875 0.09296875
0 0.296875 0.6125 0.03125 0.13671875
0 0.24921875 0.5828125 0.04765625 0.10234375
0 0.27265625 0.44140625 0.03203125 0.1078125
0 0.3578125 0.60078125 0.0484375 0.08125
0 0.30703125 0.571875 0.04609375 0.0828125