1 0.6515625 0.496875 0.03359375 0.12109375
0 0.36015625 0.60078125 0.03984375 0.140625
0 0.14453125 0.48203125 0.0421875 0.11796875
0 0.46640625 0.59609375 0.03828125 0.128125
1 0.171875 0.415625 0.03125 0.109375
0 0.990625 0.46171875 0.01875 0.109375
0 0.41875 0.49609375 0.03671875 0.12890625
0 0.23046875 0.46328125 0.0375 0.10703125
0 0.209375 0.453125 0.034375 0.1140625
0 0.21953125 0.4984375 0.0453125 0.115625
1 0.71640625 0.37421875 0.02421875 0.1
0 0.2640625 0.44140625 0.03515625 0.1140625
0 0.11953125 0.47578125 0.03984375 0.125
0 0.46015625 0.50625 0.03203125 0.11640625
0 0.44296875 0.49296875 0.03359375 0.1125
0 0.259375 0.43515625 0.02109375 0.10234375