1 0.4359375 0.884375 0.0640625 0.20546875
0 0.53515625 0.7515625 0.03828125 0.09921875
0 0.58046875 0.73125 0.0484375 0.078125
0 0.24296875 0.6734375 0.03515625 0.09921875
0 0.69609375 0.7328125 0.05078125 0.1234375
1 0.9625 0.61875 0.02578125 0.12421875
0 0.3 0.6796875 0.03828125 0.090625
0 0.36953125 0.6921875 0.0421875 0.0921875
0 0.33359375 0.68515625 0.03671875 0.08984375
0 0.6515625 0.728125 0.0546875 0.10234375
0 0.2953125 0.625 0.02265625 0.07578125
0 0.52109375 0.73046875 0.03984375 0.10078125
1 0.715625 0.578125 0.02578125 0.109375
0 0.51484375 0.68671875 0.034375 0.034375
0 0.20234375 0.725 0.03359375 0.10390625
0 0.1765625 0.7453125 0.03125 0.15390625
0 0.41796875 0.7109375 0.04296875 0.07890625
0 0.5203125 0.65625 0.03125 0.096875
0 0.32890625 0.63359375 0.02734375 0.07734375
0 0.40625 0.63828125 0.0234375 0.125
0 0.4046875 0.66640625 0.03359375 0.04921875
1 0.503125 0.6125 0.028125 0.1171875
0 0.453125 0.71328125 0.0453125 0.09453125
0 0.4859375 0.725 0.04453125 0.09453125
0 0.4375 0.67734375 0.02421875 0.0421875
0 0.478125 0.67421875 0.03828125 0.03515625