0 0.43359375 0.45078125 0.03515625 0.1359375
0 0.28671875 0.4875 0.05078125 0.09609375
0 0.6390625 0.38828125 0.0328125 0.1203125
0 0.9125 0.44140625 0.03125 0.12890625
0 0.45078125 0.3703125 0.03203125 0.1140625
0 0.3515625 0.4421875 0.0375 0.12734375
1 0.6234375 0.796875 0.0671875 0.2484375
0 0.17734375 0.421875 0.0359375 0.1359375
0 0.403125 0.52890625 0.034375 0.1625
0 0.20078125 0.475 0.04140625 0.0984375
0 0.30546875 0.42109375 0.03828125 0.12109375
1 0.071875 0.38671875 0.0453125 0.115625
0 0.24765625 0.49609375 0.04609375 0.1484375
0 0.378125 0.4171875 0.03359375 0.1203125
0 0.38125 0.48515625 0.040625 0.13828125
1 0.71484375 0.3171875 0.0234375 0.0859375
0 0.10234375 0.471875 0.034375 0.13828125
0 0.58125 0.346875 0.02890625 0.1
0 0.2796875 0.44375 0.0421875 0.09296875
0 0.253125 0.4140625 0.03515625 0.09140625
0 0.25546875 0.45703125 0.0390625 0.096875
0 0.23203125 0.48828125 0.0421875 0.12890625
1 0.39921875 0.4515625 0.0328125 0.1203125
0 0.15078125 0.4625 0.0375 0.14140625
0 0.13671875 0.4296875 0.034375 0.13125
0 0.2265625 0.45703125 0.03671875 0.11171875
0 0.08125 0.44609375 0.02578125 0.134375
0 0.81171875 0.390625 0.0359375 0.0703125