0 0.89375 0.7015625 0.05859375 0.146875
0 0.51796875 0.53359375 0.0421875 0.08046875
0 0.8046875 0.63125 0.05234375 0.12890625
0 0.3296875 0.665625 0.03984375 0.15390625
0 0.4171875 0.63515625 0.04453125 0.115625
0 0.42265625 0.52734375 0.04375 0.084375
0 0.3421875 0.53359375 0.0375 0.09453125
0 0.4640625 0.559375 0.04921875 0.0875
0 0.71015625 0.78671875 0.0546875 0.15390625
0 0.55 0.54453125 0.03984375 0.0890625
0 0.6640625 0.5625 0.04296875 0.11953125
0 0.09296875 0.52265625 0.0421875 0.11796875
0 0.37421875 0.51015625 0.0421875 0.08203125
0 0.58515625 0.4859375 0.03125 0.125
0 0.3515625 0.440625 0.03828125 0.1
1 0.6703125 0.421875 0.0265625 0.0984375
0 0.48046875 0.521875 0.0390625 0.0765625
0 0.54765625 0.47890625 0.0328125 0.09453125
0 0.2515625 0.48828125 0.03671875 0.109375
0 0.4453125 0.5 0.0359375 0.071875
0 0.2375 0.56796875 0.04140625 0.1140625
1 0.24140625 0.403125 0.0265625 0.1
0 0.16328125 0.4484375 0.0265625 0.1109375
0 0.46953125 0.49609375 0.034375 0.06640625
1 0.225 0.54375 0.03515625 0.109375