0 0.23984375 0.47109375 0.034375 0.13203125
0 0.48984375 0.465625 0.0421875 0.11953125
0 0.8125 0.59296875 0.04765625 0.14609375
0 0.4203125 0.53046875 0.04765625 0.0921875
0 0.8921875 0.57578125 0.04140625 0.140625
1 0.2125 0.26328125 0.03203125 0.08984375
0 0.453125 0.45546875 0.04375 0.1125
0 0.1765625 0.5125 0.0359375 0.13359375
0 0.60703125 0.47734375 0.04140625 0.11953125
1 0.5625 0.44921875 0.034375 0.12109375
0 0.5828125 0.50078125 0.03828125 0.11796875
1 0.85859375 0.77578125 0.04453125 0.1703125
0 0.640625 0.48515625 0.03828125 0.1234375
0 0.325 0.540625 0.03984375 0.1375
0 0.36875 0.46484375 0.040625 0.1125
0 0.31953125 0.4859375 0.03984375 0.121875
0 0.35859375 0.49375 0.040625 0.10625
0 0.3609375 0.45703125 0.03828125 0.10546875
0 0.2046875 0.48671875 0.0421875 0.109375
0 0.08125 0.46796875 0.03203125 0.1234375
0 0.109375 0.48125 0.028125 0.1109375
0 0.13125 0.4640625 0.03203125 0.109375
0 0.15 0.42890625 0.03046875 0.125
0 0.31171875 0.5203125 0.053125 0.0609375