0 0.921875 0.584375 0.0390625 0.165625
1 0.821875 0.503125 0.03359375 0.1515625
0 0.3265625 0.54375 0.03828125 0.1546875
0 0.79921875 0.46640625 0.0375 0.1375
0 0.3375 0.40859375 0.04375 0.125
1 0.3625 0.36875 0.03515625 0.128125
1 0.03125 0.503125 0.04375 0.13046875
1 0.984375 0.31484375 0.02890625 0.11796875
0 0.2640625 0.515625 0.0390625 0.14609375
0 0.67734375 0.56796875 0.046875 0.15
0 0.70234375 0.503125 0.0265625 0.146875
0 0.6734375 0.46640625 0.03828125 0.14140625
0 0.5546875 0.384375 0.02109375 0.11484375
0 0.5984375 0.53828125 0.03203125 0.1484375
0 0.571875 0.5546875 0.06953125 0.07890625
0 0.54921875 0.52109375 0.05625 0.08203125
0 0.54609375 0.478125 0.03203125 0.125
0 0.50390625 0.4421875 0.02890625 0.128125
0 0.4890625 0.56953125 0.03359375 0.1609375
0 0.475 0.55546875 0.02109375 0.15859375
0 0.48828125 0.54296875 0.05625 0.07734375
0 0.43203125 0.5140625 0.02734375 0.15625
0 0.4796875 0.5234375 0.0359375 0.09140625
0 0.4640625 0.5140625 0.04921875 0.0875
0 0.43984375 0.4828125 0.0328125 0.12734375