1 0.2875 0.55 0.0375 0.11953125
0 0.42109375 0.58828125 0.0375 0.1234375
0 0.8078125 0.5296875 0.04140625 0.11796875
0 0.6640625 0.540625 0.04609375 0.1
0 0.546875 0.54609375 0.03828125 0.128125
0 0.7765625 0.53828125 0.04296875 0.1125
0 0.5265625 0.58671875 0.03828125 0.1234375
0 0.6390625 0.49375 0.040625 0.115625
1 0.259375 0.421875 0.028125 0.0984375
0 0.509375 0.5421875 0.03828125 0.12890625
0 0.75 0.503125 0.03359375 0.11640625
0 0.01875 0.54453125 0.03671875 0.1140625
1 0.775 0.459375 0.03203125 0.10546875
0 0.7015625 0.5234375 0.03671875 0.096875
0 0.684375 0.53125 0.0390625 0.090625
0 0.0296875 0.896875 0.059375 0.159375
0 0.015625 0.51015625 0.03046875 0.1015625
0 0.528125 0.534375 0.0375 0.1015625
0 0.0109375 0.5453125 0.021875 0.1078125
0 0.65625 0.4828125 0.03125 0.084375