1 0.425 0.86171875 0.05703125 0.19375
0 0.76953125 0.68125 0.03203125 0.13671875
1 0.9421875 0.60234375 0.034375 0.121875
1 0.45703125 0.60625 0.028125 0.121875
0 0.48828125 0.70703125 0.0296875 0.153125
1 0.73359375 0.56796875 0.028125 0.1046875
0 0.2109375 0.696875 0.0203125 0.13671875
0 0.22421875 0.703125 0.021875 0.13828125
0 0.30859375 0.6203125 0.01953125 0.0578125
0 0.28671875 0.66796875 0.02421875 0.13671875
0 0.2125 0.6703125 0.028125 0.13671875
0 0.30234375 0.69765625 0.0265625 0.13671875
0 0.3171875 0.7125 0.028125 0.14765625
0 0.33203125 0.675 0.03671875 0.10546875
0 0.33671875 0.66171875 0.028125 0.1515625
0 0.35234375 0.66640625 0.01796875 0.14140625
0 0.3625 0.66015625 0.0171875 0.14609375
0 0.38359375 0.671875 0.0265625 0.15
0 0.38203125 0.65703125 0.021875 0.1578125
0 0.39375 0.6578125 0.0171875 0.1359375
0 0.41171875 0.67109375 0.0359375 0.14375
0 0.43203125 0.67890625 0.0265625 0.1453125
0 0.43671875 0.60546875 0.021875 0.06171875
0 0.44921875 0.68359375 0.02890625 0.159375