0 0.47578125 0.59453125 0.05625 0.15546875
1 0.340625 0.48046875 0.04609375 0.125
0 0.39453125 0.54296875 0.0484375 0.1359375
0 0.5390625 0.56484375 0.0640625 0.10703125
0 0.4703125 0.5046875 0.05 0.134375
0 0.271875 0.53515625 0.04375 0.159375
0 0.5171875 0.4609375 0.04375 0.13359375
0 0.23359375 0.64609375 0.040625 0.18046875
0 0.77421875 0.57890625 0.05 0.14140625
0 0.79375 0.5328125 0.046875 0.1375
0 0.47109375 0.728125 0.0515625 0.19609375
0 0.65234375 0.58828125 0.0609375 0.14296875
0 0.6546875 0.43515625 0.03984375 0.1125
0 0.6140625 0.596875 0.05546875 0.115625
1 0.28671875 0.85390625 0.0578125 0.24375
0 0.69375 0.49375 0.05390625 0.10703125
0 0.5765625 0.534375 0.05390625 0.09140625
0 0.5890625 0.49765625 0.05234375 0.084375
1 0.37578125 0.246875 0.025 0.09453125
1 0.8296875 0.271875 0.03203125 0.1015625
0 0.70234375 0.47109375 0.0515625 0.103125
0 0.67265625 0.5359375 0.0421875 0.08984375
0 0.63671875 0.528125 0.0484375 0.0875
0 0.6390625 0.55390625 0.04765625 0.08828125
0 0.66953125 0.509375 0.0484375 0.06796875
0 0.65703125 0.421875 0.0296875 0.1234375