0 0.240625 0.47890625 0.05390625 0.14921875
0 0.415625 0.4359375 0.046875 0.14921875
0 0.65625 0.76328125 0.08046875 0.23046875
0 0.79453125 0.63984375 0.05 0.16328125
0 0.109375 0.5453125 0.05546875 0.17265625
1 0.09375 0.69609375 0.04609375 0.2078125
0 0.42265625 0.74921875 0.05234375 0.209375
0 0.36328125 0.634375 0.07734375 0.18046875
0 0.6546875 0.45859375 0.05078125 0.13671875
0 0.7703125 0.57109375 0.0546875 0.159375
1 0.665625 0.9453125 0.06328125 0.109375
0 0.59453125 0.59765625 0.0671875 0.12734375
0 0.3515625 0.57109375 0.06171875 0.1609375
0 0.51796875 0.6703125 0.06796875 0.18359375
1 0.49140625 0.2171875 0.03046875 0.10625
0 0.51875 0.46328125 0.05234375 0.11796875
0 0.51640625 0.5453125 0.06953125 0.1078125
0 0.646875 0.603125 0.06328125 0.1125
0 0.65625 0.6546875 0.0609375 0.14375
0 0.62734375 0.5453125 0.0609375 0.09453125
0 0.62265625 0.50234375 0.05859375 0.096875
0 0.52890625 0.59921875 0.06953125 0.1296875
0 0.61171875 0.490625 0.05625 0.09140625