0 0.515625 0.56328125 0.04921875 0.09453125
0 0.11640625 0.72265625 0.0421875 0.1671875
0 0.2015625 0.5265625 0.03359375 0.11484375
0 0.58671875 0.5953125 0.040625 0.1078125
0 0.29765625 0.5421875 0.028125 0.1203125
0 0.4171875 0.625 0.03671875 0.13671875
0 0.365625 0.76171875 0.0390625 0.165625
0 0.3796875 0.59921875 0.0390625 0.08671875
0 0.92734375 0.55 0.03515625 0.1140625
0 0.24765625 0.62734375 0.03515625 0.13125
0 0.7203125 0.68515625 0.0375 0.14609375
0 0.82265625 0.4625 0.03203125 0.1
0 0.56953125 0.5203125 0.0375 0.1125
0 0.47265625 0.59375 0.04921875 0.0859375
0 0.64296875 0.4296875 0.02734375 0.0984375
0 0.440625 0.603125 0.04609375 0.10234375
1 0.7390625 0.40546875 0.028125 0.1
0 0.7671875 0.6140625 0.034375 0.13671875
0 0.4828125 0.53125 0.04375 0.0765625
0 0.4546875 0.54765625 0.040625 0.0671875
0 0.42578125 0.53984375 0.0421875 0.028125
1 0.7578125 0.58125 0.03046875 0.1296875
0 0.46171875 0.5328125 0.03828125 0.0625
0 0.4265625 0.56171875 0.0375 0.0296875