0 0.6546875 0.5296875 0.03828125 0.159375
1 0.70625 0.428125 0.03828125 0.134375
0 0.61328125 0.4046875 0.040625 0.11640625
0 0.66640625 0.35234375 0.03984375 0.109375
0 0.53359375 0.43671875 0.04140625 0.11796875
0 0.5796875 0.3609375 0.0453125 0.1140625
0 0.48203125 0.4140625 0.05 0.1
0 0.95234375 0.39140625 0.034375 0.12421875
0 0.40859375 0.44609375 0.04921875 0.096875
0 0.30546875 0.4140625 0.04765625 0.1171875
0 0.0890625 0.496875 0.04921875 0.14453125
0 0.11875 0.53203125 0.04921875 0.146875
0 0.3953125 0.353125 0.0421875 0.084375
0 0.446875 0.39921875 0.0484375 0.096875
0 0.50078125 0.3671875 0.040625 0.0796875
0 0.36171875 0.465625 0.0515625 0.1140625
0 0.54375 0.3921875 0.046875 0.0921875
0 0.3875 0.415625 0.04765625 0.08125
0 0.4234375 0.38515625 0.04140625 0.090625
0 0.3515625 0.42890625 0.046875 0.08984375
1 0.92890625 0.23984375 0.025 0.08515625
0 0.48125 0.37421875 0.04140625 0.07109375
0 0.4921875 0.33046875 0.0375 0.065625
0 0.459375 0.396875 0.0234375 0.08203125