0 0.2234375 0.6671875 0.0796875 0.215625
0 0.796875 0.4703125 0.05546875 0.17890625
0 0.340625 0.43046875 0.06796875 0.16953125
0 0.4640625 0.40234375 0.059375 0.1125
0 0.7359375 0.30625 0.0484375 0.1515625
0 0.68828125 0.346875 0.053125 0.14296875
0 0.359375 0.32734375 0.053125 0.12890625
1 0.95 0.34140625 0.046875 0.13359375
0 0.49765625 0.37734375 0.0515625 0.10546875
1 0.696875 0.18828125 0.0421875 0.13203125
0 0.6515625 0.7265625 0.0640625 0.2390625
0 0.55234375 0.43828125 0.06875 0.115625
0 0.64765625 0.20390625 0.05 0.13984375
0 0.91484375 0.25078125 0.0453125 0.14609375
0 0.4953125 0.275 0.04921875 0.096875
0 0.5921875 0.378125 0.0578125 0.09765625
0 0.65546875 0.37578125 0.04921875 0.14296875
0 0.61484375 0.3453125 0.05625 0.10078125
0 0.52890625 0.346875 0.0515625 0.08125
0 0.64453125 0.32265625 0.053125 0.090625
0 0.5578125 0.40234375 0.05625 0.1046875
0 0.496875 0.33125 0.05078125 0.084375
0 0.5390625 0.3203125 0.04921875 0.0765625
0 0.52734375 0.36171875 0.0578125 0.1