1 0.96328125 0.56484375 0.065625 0.1875
0 0.2140625 0.409375 0.0484375 0.15703125
0 0.3453125 0.52109375 0.065625 0.1640625
0 0.79453125 0.58359375 0.0671875 0.20078125
0 0.2859375 0.64296875 0.05625 0.178125
0 0.8234375 0.5796875 0.0578125 0.1875
0 0.60390625 0.54453125 0.05546875 0.1453125
0 0.69375 0.39765625 0.053125 0.1546875
0 0.2609375 0.5828125 0.05859375 0.16953125
1 0.49140625 0.8703125 0.0671875 0.1859375
0 0.665625 0.4859375 0.0609375 0.16875
0 0.48046875 0.47421875 0.0609375 0.17109375
0 0.584375 0.415625 0.04609375 0.14609375
1 0.5140625 0.14609375 0.03203125 0.10390625
0 0.5609375 0.56484375 0.05625 0.15078125
0 0.55625 0.4265625 0.053125 0.1390625
0 0.5125 0.48125 0.06171875 0.15078125
0 0.45703125 0.41953125 0.0515625 0.15390625
0 0.3703125 0.4453125 0.05 0.13203125
0 0.2953125 0.55859375 0.053125 0.15625
0 0.3421875 0.4640625 0.0546875 0.140625
0 0.50859375 0.56171875 0.0671875 0.096875
0 0.4625 0.46171875 0.0546875 0.171875
0 0.55234375 0.5015625 0.05625 0.11015625