0 0.309375 0.80390625 0.0796875 0.18125
0 0.65546875 0.45625 0.040625 0.1515625
0 0.20546875 0.5765625 0.0515625 0.13828125
0 0.26015625 0.43984375 0.04375 0.125
1 0.14453125 0.57578125 0.04453125 0.15390625
0 0.34609375 0.509375 0.046875 0.13125
1 0.96328125 0.390625 0.03671875 0.13515625
0 0.484375 0.6546875 0.06328125 0.1625
0 0.4265625 0.409375 0.04296875 0.12421875
0 0.58125 0.59765625 0.053125 0.153125
1 0.3796875 0.2703125 0.03125 0.10546875
0 0.3765625 0.43125 0.0421875 0.134375
0 0.35703125 0.79375 0.071875 0.19609375
0 0.5390625 0.59921875 0.06171875 0.15
0 0.61875 0.5703125 0.04609375 0.16171875
1 0.59296875 0.978125 0.05859375 0.04296875
0 0.39609375 0.5578125 0.05078125 0.15859375
0 0.515625 0.6625 0.0609375 0.16171875
0 0.59296875 0.5140625 0.0453125 0.1484375
0 0.46640625 0.553125 0.0515625 0.1296875
0 0.48359375 0.50078125 0.046875 0.134375
0 0.4734375 0.4578125 0.04140625 0.11953125
0 0.49453125 0.59296875 0.0578125 0.11953125
0 0.40078125 0.52734375 0.04765625 0.1328125