0 0.74140625 0.378125 0.034375 0.14609375
0 0.48046875 0.39453125 0.0359375 0.1453125
0 0.86015625 0.42734375 0.03828125 0.15859375
0 0.33125 0.503125 0.03984375 0.1515625
0 0.80625 0.40703125 0.03828125 0.14921875
0 0.82890625 0.4296875 0.0390625 0.159375
0 0.303125 0.42578125 0.0328125 0.146875
0 0.45234375 0.421875 0.0359375 0.15078125
0 0.41015625 0.38671875 0.0296875 0.13828125
0 0.0109375 0.453125 0.021875 0.15546875
1 0.409375 0.21640625 0.0265625 0.09765625
0 0.17109375 0.42734375 0.0375 0.14921875
0 0.36953125 0.4203125 0.0390625 0.15078125
1 0.3453125 0.37890625 0.03125 0.12734375
0 0.2296875 0.43515625 0.03671875 0.1515625
0 0.63046875 0.35625 0.03671875 0.13203125
0 0.18359375 0.39765625 0.03359375 0.14609375
0 0.6890625 0.4 0.0375 0.13828125
0 0.6765625 0.4109375 0.03984375 0.14296875
0 0.665625 0.33046875 0.0390625 0.10703125
0 0.64765625 0.3734375 0.03984375 0.13671875
0 0.6734375 0.37578125 0.03671875 0.11875
0 0.65390625 0.38359375 0.03828125 0.13125
0 0.67421875 0.3359375 0.0390625 0.10390625