0 0.91640625 0.39453125 0.05390625 0.165625
0 0.609375 0.290625 0.04609375 0.1359375
0 0.29453125 0.3515625 0.0515625 0.134375
1 0.98203125 0.2984375 0.03515625 0.1375
1 0.2953125 0.0921875 0.0375 0.1125
0 0.4328125 0.3828125 0.05859375 0.12890625
0 0.51171875 0.4109375 0.0546875 0.14140625
0 0.26015625 0.5609375 0.06015625 0.1703125
1 0.015625 0.5328125 0.03125 0.1484375
0 0.515625 0.3609375 0.05078125 0.1328125
0 0.00859375 0.30390625 0.0171875 0.1296875
0 0.05 0.2 0.03984375 0.10859375
0 0.0140625 0.68984375 0.028125 0.203125
0 0.00546875 0.2078125 0.01015625 0.0984375
0 0.40234375 0.503125 0.0609375 0.1515625
0 0.834375 0.4875 0.053125 0.1859375
0 0.771875 0.4796875 0.08984375 0.17421875
0 0.77109375 0.409375 0.06171875 0.20390625
0 0.72421875 0.390625 0.0625 0.15546875
0 0.75 0.26015625 0.0390625 0.13984375
0 0.703125 0.31484375 0.0359375 0.11875
0 0.734375 0.34375 0.046875 0.1328125