0 0.425 0.74140625 0.0609375 0.175
0 0.428125 0.60078125 0.05703125 0.1578125
0 0.3734375 0.54921875 0.04140625 0.13125
0 0.49609375 0.5625 0.06640625 0.09375
0 0.73359375 0.58046875 0.04296875 0.140625
0 0.29765625 0.5609375 0.03671875 0.159375
0 0.753125 0.534375 0.03671875 0.134375
0 0.17578125 0.6671875 0.034375 0.178125
0 0.47578125 0.4625 0.0328125 0.125
0 0.609375 0.59609375 0.05703125 0.128125
0 0.66015625 0.471875 0.040625 0.08828125
0 0.64609375 0.49453125 0.0453125 0.10078125
0 0.62421875 0.4984375 0.04140625 0.05234375
0 0.53828125 0.53203125 0.0421875 0.06875
0 0.6125 0.4359375 0.03515625 0.10859375
1 0.240625 0.8609375 0.05 0.23203125
0 0.44375 0.5234375 0.05625 0.11484375
1 0.2953125 0.48203125 0.0375 0.11953125
1 0.790625 0.27421875 0.0234375 0.090625
0 0.5484375 0.50390625 0.04375 0.08046875
1 0.33125 0.24609375 0.01796875 0.090625
0 0.59921875 0.540625 0.0453125 0.05703125
0 0.56953125 0.59375 0.04921875 0.12109375
0 0.59453125 0.50859375 0.0421875 0.05234375
0 0.628125 0.4265625 0.0234375 0.0953125
0 0.63046875 0.5328125 0.03203125 0.10390625