0 0.5078125 0.55 0.04140625 0.13359375
0 0.5859375 0.59765625 0.04453125 0.1375
0 0.54140625 0.4546875 0.0390625 0.134375
0 0.2125 0.52109375 0.0453125 0.1
0 0.4515625 0.52734375 0.05859375 0.09609375
0 0.2890625 0.58125 0.05078125 0.10390625
0 0.6921875 0.48046875 0.03984375 0.13046875
0 0.278125 0.4953125 0.046875 0.0984375
0 0.57421875 0.49921875 0.040625 0.115625
1 0.64921875 0.35546875 0.0328125 0.10859375
0 0.3640625 0.584375 0.04609375 0.128125
0 0.40625 0.42890625 0.0421875 0.1140625
0 0.3515625 0.46640625 0.03125 0.1140625
0 0.4890625 0.5015625 0.04375 0.0890625
0 0.58046875 0.390625 0.0375 0.10703125
1 0.73359375 0.503125 0.0328125 0.14140625
0 0.7265625 0.40390625 0.03359375 0.10859375
0 0.3203125 0.55859375 0.04921875 0.096875
0 0.425 0.5515625 0.05390625 0.10546875
0 0.390625 0.56796875 0.05 0.10859375
0 0.35078125 0.54609375 0.0421875 0.09140625
0 0.4015625 0.565625 0.0515625 0.10546875
0 0.41796875 0.47890625 0.0421875 0.08046875
0 0.41328125 0.50078125 0.04375 0.07890625
0 0.378125 0.52578125 0.04296875 0.084375
0 0.3671875 0.53359375 0.04140625 0.09140625
0 0.340625 0.55234375 0.04296875 0.09296875