1 0.98125 0.51484375 0.03671875 0.14609375
1 0.2546875 0.69921875 0.04765625 0.171875
0 0.896875 0.61171875 0.04921875 0.1359375
0 0.84375 0.7015625 0.04140625 0.16171875
0 0.4796875 0.475 0.03671875 0.11875
0 0.3265625 0.62734375 0.03515625 0.13359375
0 0.52890625 0.64140625 0.0359375 0.17265625
0 0.078125 0.56796875 0.0453125 0.134375
0 0.853125 0.60234375 0.04375 0.14140625
0 0.51875 0.559375 0.021875 0.14140625
1 0.078125 0.384375 0.0328125 0.09375
0 0.6234375 0.5953125 0.05 0.0890625
0 0.46015625 0.56328125 0.046875 0.09375
0 0.4390625 0.5921875 0.0328125 0.10703125
1 0.96640625 0.91171875 0.0484375 0.1484375
0 0.40390625 0.58203125 0.0390625 0.14140625
0 0.08046875 0.52421875 0.03984375 0.1140625
0 0.3125 0.60078125 0.02734375 0.07421875
0 0.37421875 0.59453125 0.04765625 0.121875
0 0.42890625 0.5765625 0.03046875 0.15234375
0 0.3546875 0.61328125 0.03203125 0.07265625
0 0.3328125 0.571875 0.0421875 0.12578125
0 0.55625 0.58828125 0.0390625 0.07421875
0 0.534375 0.55859375 0.03046875 0.13515625
0 0.4140625 0.61015625 0.0546875 0.05