0 0.91875 0.621875 0.065625 0.19453125
0 0.60078125 0.559375 0.04609375 0.1859375
0 0.03125 0.3125 0.034375 0.1265625
0 0.2234375 0.371875 0.040625 0.14765625
0 0.428125 0.54609375 0.04296875 0.16328125
0 0.8796875 0.4703125 0.04375 0.15703125
0 0.3078125 0.40234375 0.05 0.15234375
0 0.2015625 0.46171875 0.04375 0.1734375
0 0.1484375 0.48046875 0.04375 0.15234375
0 0.5234375 0.51328125 0.04375 0.171875
0 0.290625 0.31328125 0.03671875 0.1203125
0 0.19296875 0.36171875 0.03828125 0.13515625
0 0.1859375 0.70078125 0.04609375 0.1921875
0 0.6125 0.47890625 0.04140625 0.16328125
1 0.5515625 0.36875 0.03671875 0.1375
0 0.30859375 0.328125 0.0390625 0.128125
0 0.15078125 0.396875 0.040625 0.128125
0 0.16015625 0.43359375 0.04140625 0.14921875
0 0.52421875 0.47890625 0.0390625 0.1515625
0 0.440625 0.40859375 0.0375 0.12265625
1 0.44453125 0.42890625 0.0390625 0.13515625
0 0.45625 0.52109375 0.04375 0.13125
1 0.29453125 0.77421875 0.04296875 0.15546875
0 0.4640625 0.53984375 0.04765625 0.1390625