1 0.99296875 0.4953125 0.0140625 0.15625
1 0.60234375 0.28828125 0.040625 0.15
1 0.29453125 0.559375 0.0484375 0.15546875
1 0.0234375 0.234375 0.03125 0.12578125
0 0.83125 0.55546875 0.05859375 0.18125
0 0.61640625 0.55703125 0.05390625 0.18203125
0 0.56328125 0.68203125 0.0578125 0.196875
0 0.4984375 0.525 0.04921875 0.178125
0 0.46484375 0.5046875 0.03671875 0.16328125
0 0.4390625 0.5984375 0.046875 0.16875
0 0.446875 0.565625 0.04375 0.1703125
0 0.41328125 0.4984375 0.05 0.1671875
0 0.375 0.575 0.06015625 0.18359375
0 0.34140625 0.47109375 0.03515625 0.17578125
0 0.26015625 0.44375 0.04140625 0.1296875
0 0.25625 0.4796875 0.05546875 0.15390625
0 0.253125 0.51953125 0.04609375 0.17578125
0 0.215625 0.3953125 0.02578125 0.13828125
0 0.20859375 0.49375 0.03359375 0.13671875
0 0.2109375 0.53984375 0.04921875 0.16484375
0 0.18125 0.559375 0.046875 0.20390625
0 0.140625 0.57109375 0.046875 0.18359375
0 0.1015625 0.5328125 0.03046875 0.19296875
0 0.071875 0.53125 0.04375 0.19296875