0 0.15078125 0.6109375 0.04140625 0.17109375
0 0.7 0.4328125 0.025 0.12265625
0 0.603125 0.46640625 0.0296875 0.12421875
0 0.5390625 0.4671875 0.03125 0.12578125
1 0.07578125 0.5671875 0.03984375 0.1625
0 0.628125 0.40859375 0.025 0.11953125
1 0.47734375 0.32265625 0.021875 0.0984375
0 0.35234375 0.4765625 0.03046875 0.1296875
0 0.51484375 0.48125 0.03984375 0.09453125
1 0.63125 0.4828125 0.0265625 0.121875
0 0.1359375 0.5546875 0.03515625 0.09765625
1 0.75078125 0.36796875 0.03125 0.10625
0 0.7609375 0.39609375 0.0265625 0.11171875
0 0.46171875 0.471875 0.03046875 0.134375
0 0.45390625 0.4375 0.028125 0.12890625
0 0.47890625 0.47265625 0.03046875 0.12421875
1 0.440625 0.46328125 0.03203125 0.12734375
0 0.47578125 0.45546875 0.02734375 0.10390625
0 0.43359375 0.45078125 0.02734375 0.1328125
0 0.7953125 0.3546875 0.02890625 0.10390625