0 0.40703125 0.590625 0.0390625 0.1359375
0 0.52421875 0.56171875 0.03359375 0.1234375
1 0.78125 0.61484375 0.03125 0.1265625
1 0.08671875 0.8359375 0.040625 0.196875
0 0.5765625 0.54375 0.03125 0.11796875
0 0.7484375 0.53046875 0.0234375 0.13203125
1 0.52109375 0.39296875 0.025 0.0953125
0 0.8296875 0.5140625 0.0296875 0.109375
0 0.69140625 0.4890625 0.021875 0.10234375
0 0.49375 0.55625 0.0203125 0.1234375
0 0.4734375 0.5578125 0.0234375 0.12734375
0 0.5484375 0.52578125 0.0296875 0.1234375
0 0.2125 0.51171875 0.02421875 0.11484375
1 0.85625 0.4375 0.02109375 0.1125
0 0.68046875 0.4875 0.01796875 0.03203125
0 0.4421875 0.56015625 0.0296875 0.12734375
0 0.125 0.50859375 0.02734375 0.11171875
0 0.67578125 0.54296875 0.02890625 0.13671875
1 0.60546875 0.51953125 0.02890625 0.109375
0 0.63046875 0.5265625 0.0203125 0.1328125
0 0.640625 0.51953125 0.015625 0.13046875
0 0.615625 0.5109375 0.01796875 0.1296875
0 0.66640625 0.475 0.01796875 0.0453125
0 0.63671875 0.45859375 0.0171875 0.053125
0 0.303125 0.5375 0.03671875 0.1171875