1 0.56953125 0.87578125 0.0625 0.203125
0 0.521875 0.71953125 0.0375 0.09609375
0 0.315625 0.73046875 0.0484375 0.12109375
0 0.425 0.725 0.0515625 0.0796875
0 0.76015625 0.66796875 0.04296875 0.09765625
1 0.0484375 0.61484375 0.028125 0.121875
0 0.70625 0.67421875 0.04296875 0.08828125
0 0.63046875 0.68359375 0.04765625 0.10546875
0 0.5265625 0.67421875 0.03828125 0.03515625
0 0.6703125 0.6796875 0.04375 0.096875
0 0.36015625 0.7203125 0.0484375 0.10703125
0 0.709375 0.61484375 0.03125 0.07890625
1 0.29140625 0.5734375 0.028125 0.11015625
0 0.8 0.7203125 0.034375 0.11328125
0 0.82578125 0.73984375 0.03359375 0.153125
0 0.5984375 0.63046875 0.03671875 0.12578125
0 0.59296875 0.68828125 0.03984375 0.10234375
0 0.4859375 0.64765625 0.0296875 0.0875
0 0.6765625 0.62578125 0.03671875 0.0859375
1 0.50546875 0.6046875 0.03203125 0.115625
0 0.5546875 0.7078125 0.0390625 0.0953125
0 0.60234375 0.65625 0.04375 0.0578125
0 0.565625 0.67265625 0.0296875 0.0578125
0 0.490625 0.68515625 0.0359375 0.0328125
0 0.4859375 0.72578125 0.0390625 0.0984375
0 0.47109375 0.7453125 0.03671875 0.10078125