0 0.690625 0.68203125 0.0390625 0.13125
0 0.196875 0.63671875 0.03671875 0.1140625
0 0.1640625 0.66953125 0.03671875 0.1328125
0 0.23125 0.6015625 0.0375 0.109375
0 0.28125 0.55078125 0.034375 0.09296875
0 0.31484375 0.5046875 0.0328125 0.09296875
1 0.171875 0.8953125 0.04609375 0.1484375
0 0.66796875 0.6140625 0.03515625 0.10625
0 0.6703125 0.525 0.0265625 0.084375
0 0.378125 0.44609375 0.02734375 0.07578125
0 0.66875 0.446875 0.02734375 0.07109375
0 0.33984375 0.47734375 0.0265625 0.0890625
1 0.24453125 0.471875 0.02421875 0.0828125
0 0.30859375 0.45 0.0234375 0.07734375
0 0.40625 0.42109375 0.021875 0.07265625
0 0.39140625 0.42421875 0.0234375 0.0671875
1 0.65703125 0.40859375 0.01875 0.0625