0 0.29296875 0.46328125 0.02421875 0.1375
0 0.76953125 0.434375 0.02734375 0.121875
1 0.175 0.44765625 0.03125 0.1296875
1 0.221875 0.328125 0.02421875 0.075
0 0.44375 0.45625 0.02578125 0.13671875
0 0.70625 0.44921875 0.0234375 0.13203125
0 0.66875 0.42109375 0.021875 0.1125
0 0.37890625 0.38125 0.02265625 0.1078125
0 0.60234375 0.43984375 0.028125 0.0953125
0 0.46171875 0.4390625 0.0328125 0.11640625
0 0.5796875 0.453125 0.02109375 0.1390625
0 0.5375 0.4609375 0.0265625 0.1359375
0 0.52109375 0.45546875 0.0234375 0.1296875
0 0.5015625 0.4546875 0.021875 0.128125
0 0.5625 0.42578125 0.0234375 0.1203125
0 0.57890625 0.43125 0.02265625 0.12109375
0 0.43828125 0.39453125 0.01796875 0.1140625
0 0.4828125 0.41328125 0.021875 0.11640625
0 0.52578125 0.4109375 0.0328125 0.11015625
0 0.53984375 0.39375 0.01875 0.06796875
0 0.49296875 0.41953125 0.0234375 0.09921875
0 0.45 0.3890625 0.01953125 0.05703125