1 0.2640625 0.89453125 0.065625 0.21015625
0 0.18828125 0.73515625 0.05859375 0.21484375
0 0.475 0.559375 0.04609375 0.16953125
0 0.1640625 0.5546875 0.04765625 0.17578125
0 0.4203125 0.43515625 0.0234375 0.15234375
0 0.56640625 0.52578125 0.04140625 0.16953125
0 0.3453125 0.71796875 0.0546875 0.20078125
1 0.74140625 0.4390625 0.05 0.16640625
0 0.3375 0.37109375 0.03515625 0.14765625
0 0.2 0.4890625 0.046875 0.17421875
0 0.28984375 0.4125 0.046875 0.15234375
0 0.56484375 0.43046875 0.03046875 0.15859375
0 0.3828125 0.4375 0.04765625 0.12734375
1 0.390625 0.2875 0.0328125 0.12421875
0 0.22265625 0.28828125 0.03125 0.1109375
0 0.3109375 0.44921875 0.046875 0.1421875
0 0.40625 0.3515625 0.01953125 0.05859375
0 0.18671875 0.38203125 0.0328125 0.12734375
0 0.321875 0.38515625 0.040625 0.14375
0 0.1984375 0.4140625 0.03125 0.1375
0 0.55625 0.39375 0.02578125 0.14765625
0 0.40703125 0.42578125 0.01875 0.15
0 0.42734375 0.3828125 0.02421875 0.1515625
0 0.4203125 0.32265625 0.0171875 0.0421875
1 0.3046875 0.41015625 0.03984375 0.14375