0 0.52421875 0.684375 0.05078125 0.14921875
0 0.309375 0.59921875 0.0390625 0.13203125
0 0.56796875 0.809375 0.05 0.1625
0 0.56171875 0.6234375 0.0453125 0.10078125
0 0.5109375 0.43125 0.0359375 0.1046875
0 0.81328125 0.79375 0.07578125 0.16328125
0 0.63203125 0.67734375 0.05625 0.10703125
0 0.34765625 0.66953125 0.040625 0.1375
0 0.60546875 0.63046875 0.04609375 0.1078125
0 0.47265625 0.628125 0.06640625 0.11015625
0 0.284375 0.440625 0.0328125 0.10703125
0 0.7140625 0.56796875 0.04609375 0.14296875
0 0.8578125 0.56796875 0.0359375 0.1234375
0 0.4234375 0.515625 0.03984375 0.11640625
1 0.1109375 0.6109375 0.04609375 0.16484375
0 0.446875 0.578125 0.05859375 0.08125
0 0.16953125 0.56015625 0.0390625 0.1328125
0 0.3609375 0.34609375 0.03203125 0.09609375
0 0.52265625 0.5953125 0.046875 0.08359375
0 0.46796875 0.603125 0.05625 0.08984375
0 0.28671875 0.353125 0.02421875 0.09453125
1 0.75625 0.903125 0.04140625 0.19375
0 0.52109375 0.53359375 0.0453125 0.0375
1 0.2921875 0.2953125 0.028125 0.1
0 0.525 0.55546875 0.04609375 0.04921875