1 0.26171875 0.5703125 0.0390625 0.12421875
0 0.4 0.61015625 0.0390625 0.128125
0 0.8015625 0.55 0.04296875 0.12265625
0 0.6515625 0.56015625 0.04765625 0.10390625
0 0.53046875 0.56640625 0.03984375 0.1328125
0 0.76953125 0.55859375 0.04453125 0.11640625
0 0.509375 0.60859375 0.03984375 0.128125
0 0.6265625 0.5125 0.0421875 0.11953125
1 0.2328125 0.4375 0.02890625 0.10234375
0 0.4921875 0.5625 0.03984375 0.134375
0 0.7421875 0.521875 0.03515625 0.12109375
1 0.76796875 0.4765625 0.03359375 0.109375
0 0.69140625 0.54296875 0.03828125 0.10078125
0 0.6734375 0.55078125 0.040625 0.09375
0 0.0125 0.9234375 0.025 0.153125
0 0.51171875 0.55390625 0.0390625 0.10546875
0 0.64453125 0.50078125 0.0328125 0.0875