0 0.35390625 0.5890625 0.0609375 0.184375
0 0.44921875 0.54296875 0.0484375 0.1640625
0 0.60390625 0.61640625 0.05546875 0.17265625
0 0.7796875 0.45625 0.046875 0.16015625
0 0.675 0.49296875 0.0484375 0.1671875
0 0.73671875 0.39140625 0.03984375 0.1453125
0 0.5671875 0.4140625 0.04453125 0.13984375
0 0.38203125 0.2734375 0.04453125 0.11796875
0 0.965625 0.28984375 0.03515625 0.12421875
0 0.66015625 0.42109375 0.0421875 0.15859375
1 0.52890625 0.35390625 0.0390625 0.13671875
0 0.71484375 0.24609375 0.03359375 0.109375
0 0.76640625 0.61796875 0.053125 0.19609375
0 0.5921875 0.5203125 0.04765625 0.15546875
0 0.62734375 0.41640625 0.04296875 0.13828125
0 0.51640625 0.29140625 0.040625 0.125
1 0.7 0.10625 0.02421875 0.07890625
1 0.83515625 0.70234375 0.05234375 0.20625
0 0.5953125 0.49453125 0.0453125 0.13828125
0 0.6359375 0.396875 0.03984375 0.13125
0 0.5625 0.725 0.06171875 0.17578125
0 0.7734375 0.67421875 0.053125 0.18984375
1 0.48203125 0.090625 0.02578125 0.075