0 0.18203125 0.609375 0.040625 0.175
0 0.584375 0.4828125 0.03515625 0.13046875
1 0.47734375 0.32890625 0.025 0.10546875
0 0.1296875 0.56484375 0.03828125 0.10234375
0 0.33046875 0.4828125 0.03671875 0.13515625
0 0.70625 0.44609375 0.0296875 0.13203125
1 0.6125 0.48203125 0.0265625 0.12578125
1 0.0890625 0.5703125 0.03515625 0.1671875
0 0.61484375 0.40859375 0.0203125 0.11484375
1 0.7421875 0.38203125 0.0265625 0.134375
0 0.53984375 0.475 0.02734375 0.1328125
0 0.76171875 0.40625 0.02734375 0.1171875
0 0.48203125 0.496875 0.0390625 0.1
0 0.515625 0.48671875 0.03359375 0.0953125
0 0.509375 0.5 0.02734375 0.0625
0 0.42265625 0.45 0.02890625 0.13359375
0 0.484375 0.4765625 0.02421875 0.128125
0 0.46328125 0.4390625 0.02578125 0.13125
0 0.47109375 0.46796875 0.02734375 0.12265625
1 0.4515625 0.48359375 0.034375 0.0984375
0 0.80859375 0.35859375 0.02734375 0.1125