0 0.5421875 0.3234375 0.03125 0.1375
0 0.634375 0.33046875 0.03515625 0.125
0 0.61015625 0.69375 0.07109375 0.16015625
0 0.590625 0.3984375 0.03125 0.140625
0 0.03515625 0.603125 0.0546875 0.1796875
0 0.7796875 0.2828125 0.02578125 0.1203125
0 0.49609375 0.38671875 0.034375 0.1484375
0 0.6859375 0.2875 0.0359375 0.12578125
0 0.0078125 0.353125 0.015625 0.03203125
0 0.09921875 0.25 0.028125 0.10234375
0 0.50625 0.3125 0.0265625 0.1203125
0 0.17265625 0.35859375 0.03046875 0.13203125
0 0.134375 0.6078125 0.05 0.15625
1 0.16953125 0.1234375 0.02421875 0.0890625
1 0.26171875 0.36640625 0.0328125 0.13125
1 0.90859375 0.67890625 0.0484375 0.20703125
1 0.7609375 0.18671875 0.02578125 0.10390625
0 0.65859375 0.71796875 0.04296875 0.11015625
0 0.790625 0.2765625 0.01640625 0.1265625
0 0.690625 0.72578125 0.05078125 0.1015625
0 0.725 0.2375 0.02109375 0.11875
0 0.7359375 0.2703125 0.025 0.121875
0 0.02421875 0.4125 0.03984375 0.1453125
0 0.803125 0.2875 0.025 0.11640625