0 0.2515625 0.46328125 0.03359375 0.12890625
0 0.496875 0.45859375 0.04140625 0.11640625
0 0.81328125 0.5828125 0.046875 0.14296875
0 0.42890625 0.521875 0.046875 0.090625
0 0.89140625 0.565625 0.040625 0.1375
1 0.225 0.26015625 0.03125 0.0875
0 0.4609375 0.44765625 0.04296875 0.109375
0 0.190625 0.50390625 0.03515625 0.13046875
0 0.61171875 0.46953125 0.040625 0.11640625
1 0.56875 0.4421875 0.03359375 0.11796875
0 0.58828125 0.4921875 0.0375 0.115625
1 0.85859375 0.7609375 0.04375 0.16640625
0 0.64453125 0.47734375 0.0375 0.12109375
0 0.3359375 0.53125 0.0390625 0.134375
0 0.378125 0.4578125 0.03984375 0.109375
0 0.33046875 0.478125 0.0390625 0.11953125
0 0.00703125 0.4546875 0.0140625 0.1234375
0 0.36875 0.48515625 0.03984375 0.10390625
0 0.37109375 0.45 0.0375 0.103125
0 0.2171875 0.478125 0.04140625 0.10703125
0 0.096875 0.46015625 0.03125 0.12109375
0 0.125 0.4734375 0.02734375 0.10859375
0 0.14609375 0.45625 0.03125 0.10703125
0 0.1640625 0.421875 0.0296875 0.121875
0 0.321875 0.51171875 0.05234375 0.059375