0 0.52421875 0.684375 0.05234375 0.15078125
0 0.31171875 0.59765625 0.03984375 0.1328125
0 0.52890625 0.596875 0.0484375 0.090625
0 0.81328125 0.7953125 0.07890625 0.1609375
0 0.56640625 0.8109375 0.05078125 0.159375
0 0.60546875 0.634375 0.04921875 0.11171875
0 0.2859375 0.440625 0.03359375 0.09765625
0 0.85703125 0.56875 0.03671875 0.121875
0 0.51015625 0.4296875 0.0359375 0.1046875
0 0.5640625 0.62734375 0.04453125 0.09453125
0 0.71484375 0.56875 0.04375 0.14296875
0 0.42734375 0.51640625 0.03359375 0.1125
0 0.346875 0.67109375 0.0421875 0.14375
1 0.11640625 0.61484375 0.040625 0.16953125
0 0.44921875 0.57578125 0.05625 0.08125
0 0.4734375 0.63671875 0.08046875 0.103125
0 0.359375 0.346875 0.0359375 0.0953125
0 0.159375 0.55859375 0.0421875 0.12890625
0 0.5265625 0.5609375 0.04609375 0.046875
0 0.28984375 0.35390625 0.03125 0.09140625
0 0.5203125 0.53671875 0.0453125 0.03671875
1 0.75546875 0.88125 0.04765625 0.15625
0 0.4703125 0.60546875 0.05625 0.0875
1 0.2921875 0.29765625 0.02265625 0.09296875
0 0.6328125 0.67890625 0.0546875 0.10703125