0 0.465625 0.5296875 0.03984375 0.12265625
0 0.23671875 0.51015625 0.03671875 0.1046875
0 0.3578125 0.46328125 0.03125 0.096875
1 0.75703125 0.4453125 0.01953125 0.0953125
1 0.8328125 0.7625 0.05078125 0.2171875
0 0.9015625 0.4625 0.025 0.10234375
0 0.78515625 0.4078125 0.01796875 0.084375
1 0.38515625 0.3875 0.0203125 0.08125
0 0.6484375 0.4375 0.02734375 0.0828125
0 0.48515625 0.42578125 0.03125 0.0765625
0 0.659375 0.41953125 0.0296875 0.0609375
0 0.521875 0.47890625 0.025 0.109375
0 0.6984375 0.42265625 0.0203125 0.08671875
0 0.63203125 0.4140625 0.0296875 0.0625
0 0.559375 0.446875 0.03515625 0.07421875
0 0.68515625 0.40390625 0.0234375 0.075
0 0.51484375 0.4140625 0.0296875 0.0828125
1 0.01875 0.54921875 0.028125 0.11015625
0 0.5890625 0.440625 0.0390625 0.06640625
1 0.82890625 0.36640625 0.02109375 0.0671875
0 0.61875 0.41328125 0.02578125 0.05390625
0 0.52421875 0.4375 0.03125 0.06484375
0 0.578125 0.4265625 0.03046875 0.0703125
0 0.54140625 0.40625 0.0203125 0.07578125
0 0.6234375 0.425 0.0390625 0.06171875
0 0.54609375 0.43515625 0.02578125 0.075
0 0.6125 0.4203125 0.02734375 0.05625