0 0.5203125 0.56171875 0.0296875 0.1
0 0.70546875 0.46015625 0.01953125 0.059375
0 0.41875 0.50234375 0.028125 0.0796875
0 0.5796875 0.51484375 0.0328125 0.06796875
0 0.61328125 0.4921875 0.02734375 0.06953125
0 0.67578125 0.4546875 0.01953125 0.0578125
0 0.2609375 0.43828125 0.01640625 0.05078125
0 0.24296875 0.4640625 0.0203125 0.05703125
0 0.00546875 0.46015625 0.0109375 0.0640625
0 0.71796875 0.5546875 0.04140625 0.09921875
0 0.2125 0.4515625 0.02109375 0.05546875
0 0.321875 0.43515625 0.01796875 0.05234375
0 0.55546875 0.4515625 0.01875 0.05546875
0 0.53671875 0.4671875 0.02265625 0.0625
0 0.56953125 0.4453125 0.0171875 0.05
0 0.7296875 0.43203125 0.02265625 0.05546875
0 0.5859375 0.4375 0.01484375 0.04921875
0 0.58125 0.50078125 0.02578125 0.0671875
0 0.1453125 0.43359375 0.01484375 0.0515625
1 0.20234375 0.3953125 0.01015625 0.04296875
0 0.67109375 0.42421875 0.0125 0.03515625
1 0.9484375 0.4671875 0.02109375 0.0640625
0 0.696875 0.4203125 0.01640625 0.034375