0 0.015625 0.70859375 0.03125 0.1328125
1 0.696875 0.778125 0.0421875 0.15546875
0 0.0984375 0.6359375 0.03671875 0.121875
0 0.021875 0.659375 0.03828125 0.11953125
0 0.08046875 0.6734375 0.0375 0.128125
0 0.23125 0.70390625 0.03828125 0.128125
1 0.6296875 0.590625 0.03046875 0.13203125
0 0.134375 0.6171875 0.03515625 0.11796875
0 0.1609375 0.696875 0.03828125 0.11796875
0 0.12734375 0.703125 0.0375 0.121875
0 0.190625 0.678125 0.03671875 0.1234375
0 0.33125 0.67890625 0.03359375 0.11640625
1 0.35703125 0.63984375 0.0296875 0.1234375
1 0.4875 0.5625 0.02734375 0.125
0 0.26875 0.6703125 0.03359375 0.1265625
0 0.2921875 0.68515625 0.03671875 0.13203125
0 0.253125 0.60859375 0.03671875 0.10859375
0 0.30625 0.6609375 0.03359375 0.121875
0 0.2421875 0.6703125 0.03671875 0.115625
0 0.2859375 0.628125 0.03359375 0.10703125
0 0.234375 0.6484375 0.03515625 0.1140625
0 0.18125 0.690625 0.03515625 0.121875
0 0.1890625 0.6546875 0.03515625 0.1015625
0 0.1578125 0.66328125 0.03515625 0.09609375
0 0.3 0.68046875 0.03671875 0.13359375
0 0.1796875 0.6640625 0.0328125 0.1