0 0.0625 0.71171875 0.06171875 0.15625
0 0.15546875 0.6390625 0.0546875 0.1359375
0 0.4546875 0.53828125 0.04453125 0.084375
0 0.5578125 0.53203125 0.0453125 0.0875
0 0.6421875 0.5359375 0.0390625 0.09765625
0 0.65546875 0.6765625 0.0421875 0.16015625
0 0.9015625 0.5265625 0.0421875 0.125
0 0.5640625 0.64453125 0.04609375 0.11640625
0 0.63046875 0.43984375 0.03828125 0.10625
0 0.6078125 0.51328125 0.04453125 0.0875
0 0.30234375 0.56953125 0.04453125 0.1265625
0 0.25234375 0.8046875 0.05390625 0.1578125
0 0.4234375 0.54765625 0.040625 0.09453125
0 0.5140625 0.5640625 0.05234375 0.09296875
0 0.38671875 0.48671875 0.0328125 0.13125
1 0.296875 0.41953125 0.028125 0.1046875
0 0.7375 0.49140625 0.0359375 0.1140625
0 0.5328125 0.50234375 0.0375 0.08046875
1 0.74609375 0.40234375 0.02578125 0.10234375
0 0.49609375 0.52421875 0.03984375 0.08046875
0 0.42578125 0.4796875 0.0328125 0.09921875
0 0.50859375 0.4984375 0.0296875 0.10390625
0 0.7546875 0.5734375 0.04453125 0.109375
0 0.82890625 0.44921875 0.028125 0.11640625
1 0.7609375 0.54453125 0.0375 0.1265625