0 0.4859375 0.19140625 0.05546875 0.12265625
0 0.29765625 0.575 0.06484375 0.1671875
0 0.640625 0.4625 0.05 0.13828125
0 0.7296875 0.675 0.04921875 0.215625
0 0.4 0.49453125 0.06171875 0.12578125
0 0.84609375 0.55703125 0.06015625 0.17734375
1 0.9125 0.53046875 0.05390625 0.153125
0 0.50859375 0.5390625 0.0796875 0.1359375
0 0.73125 0.18671875 0.0359375 0.1296875
0 0.29453125 0.7375 0.07734375 0.19140625
0 0.58203125 0.3421875 0.0671875 0.10703125
0 0.82421875 0.32890625 0.04609375 0.1359375
1 0.0421875 0.2625 0.03671875 0.1328125
0 0.528125 0.44453125 0.0609375 0.1140625
0 0.26171875 0.4 0.046875 0.16015625
0 0.45546875 0.43515625 0.05625 0.1125
0 0.6625 0.4046875 0.05234375 0.14140625
0 0.42734375 0.46640625 0.05390625 0.10703125
1 0.63203125 0.06796875 0.0328125 0.115625
0 0.5640625 0.3828125 0.059375 0.1140625
0 0.5046875 0.49765625 0.06640625 0.1125
0 0.2484375 0.375 0.040625 0.13828125
0 0.45625 0.34921875 0.05546875 0.08125
0 0.4453125 0.3875 0.05234375 0.08125
0 0.446875 0.36171875 0.05078125 0.07421875
1 0.29921875 0.79921875 0.0515625 0.14453125