0 0.05625 0.4109375 0.03046875 0.13359375
0 0.34375 0.3578125 0.02890625 0.1234375
0 0.55 0.42265625 0.03515625 0.1390625
0 0.6359375 0.41484375 0.03984375 0.13515625
1 0.925 0.35390625 0.04375 0.121875
0 0.58125 0.5078125 0.04140625 0.16015625
0 0.534375 0.3390625 0.03203125 0.1234375
0 0.81484375 0.39375 0.0359375 0.13671875
0 0.70390625 0.45859375 0.05078125 0.0953125
0 0.68125 0.39140625 0.03984375 0.12578125
1 0.35234375 0.778125 0.0734375 0.25390625
0 0.78515625 0.44609375 0.04609375 0.10703125
0 0.3984375 0.315625 0.03125 0.11015625
0 0.83984375 0.4390625 0.040625 0.1453125
0 0.6078125 0.39296875 0.02890625 0.12578125
1 0.2625 0.2859375 0.02421875 0.08828125
0 0.890625 0.4390625 0.034375 0.1390625
0 0.7453125 0.465625 0.04453125 0.15078125
0 0.70859375 0.41796875 0.04609375 0.1
0 0.6046875 0.46171875 0.03984375 0.14921875
0 0.85625 0.4 0.03359375 0.13203125
0 0.73671875 0.3875 0.0390625 0.1015625
0 0.90234375 0.4328125 0.03359375 0.12890625
1 0.584375 0.42421875 0.03359375 0.125
0 0.765625 0.4234375 0.04140625 0.1
0 0.16015625 0.35859375 0.03046875 0.06875
0 0.9046875 0.415625 0.028125 0.1421875