0 0.778125 0.234375 0.034375 0.10078125
0 0.14765625 0.42421875 0.04453125 0.14921875
1 0.76328125 0.3734375 0.03515625 0.1328125
0 0.66484375 0.215625 0.0328125 0.09921875
0 0.46640625 0.56015625 0.0609375 0.1703125
0 0.3796875 0.44921875 0.0484375 0.14921875
1 0.6109375 0.16015625 0.0265625 0.09609375
0 0.50703125 0.42421875 0.05 0.12265625
0 0.46875 0.35625 0.0453125 0.12265625
0 0.4015625 0.44609375 0.0484375 0.1578125
0 0.49140625 0.434375 0.05 0.12265625
0 0.42265625 0.4328125 0.04765625 0.14765625
0 0.45703125 0.48046875 0.05234375 0.1203125
0 0.44609375 0.39765625 0.0453125 0.11875
0 0.81171875 0.38515625 0.04375 0.115625
0 0.41328125 0.403125 0.04375 0.12421875
0 0.4578125 0.5109375 0.05 0.14765625