0 0.5125 0.7203125 0.0375 0.14375
0 0.48125 0.596875 0.0328125 0.115625
0 0.7734375 0.66484375 0.03203125 0.12578125
1 0.48359375 0.74140625 0.0390625 0.15625
1 0.90390625 0.84453125 0.03671875 0.1578125
0 0.70234375 0.6390625 0.02734375 0.13203125
0 0.571875 0.74140625 0.0359375 0.13515625
0 0.33359375 0.57265625 0.03515625 0.109375
1 0.90234375 0.53515625 0.0203125 0.10234375
0 0.96640625 0.71953125 0.03984375 0.14453125
0 0.615625 0.64375 0.03515625 0.13203125
0 0.59375 0.73046875 0.03515625 0.1328125
0 0.58515625 0.66875 0.0296875 0.10625
0 0.7484375 0.60859375 0.03125 0.11796875
0 0.9828125 0.62421875 0.03046875 0.1203125
0 0.87734375 0.60859375 0.02734375 0.12109375
0 0.925 0.61328125 0.02890625 0.1203125
0 0.934375 0.60859375 0.0265625 0.11328125
0 0.72421875 0.62890625 0.02421875 0.12890625