0 0.73515625 0.446875 0.04453125 0.12890625
0 0.51875 0.3984375 0.03046875 0.1140625
0 0.61328125 0.36796875 0.02890625 0.10703125
0 0.5859375 0.38671875 0.034375 0.1046875
0 0.68984375 0.37890625 0.03125 0.09921875
0 0.26640625 0.38515625 0.0234375 0.09765625
0 0.41875 0.41640625 0.03203125 0.1171875
1 0.77421875 0.30390625 0.02578125 0.06796875
0 0.09140625 0.40703125 0.0328125 0.12578125
0 0.1265625 0.41328125 0.0390625 0.11640625
0 0.25234375 0.43671875 0.0390625 0.11484375
0 0.44921875 0.37421875 0.03203125 0.1
0 0.4765625 0.421875 0.03359375 0.11640625
0 0.36015625 0.38203125 0.034375 0.075
0 0.21484375 0.4265625 0.03515625 0.1078125
0 0.46875 0.39765625 0.03359375 0.1046875
0 0.33828125 0.4 0.0328125 0.04453125
0 0.41484375 0.378125 0.0265625 0.103125
0 0.34140625 0.40078125 0.0359375 0.05859375
0 0.3078125 0.38125 0.03515625 0.07734375
0 0.2984375 0.409375 0.0265625 0.10546875
0 0.34140625 0.39765625 0.03515625 0.05
0 0.2921875 0.37109375 0.025 0.09453125
1 0.99921875 0.33828125 0.0015625 0.0375