0 0.49375 0.48671875 0.04140625 0.14140625
0 0.3921875 0.58671875 0.040625 0.15859375
0 0.76484375 0.50546875 0.040625 0.09765625
0 0.3828125 0.48046875 0.04140625 0.134375
0 0.5296875 0.51015625 0.04609375 0.13828125
0 0.41796875 0.53125 0.04296875 0.1484375
0 0.2921875 0.51484375 0.03984375 0.13984375
0 0.46484375 0.459375 0.03984375 0.14140625
0 0.3 0.4015625 0.0375 0.1140625
0 0.58203125 0.5578125 0.0421875 0.1265625
1 0.2625 0.4859375 0.03671875 0.13671875
0 0.55625 0.5328125 0.04609375 0.13828125
0 0.69921875 0.54453125 0.0390625 0.13515625
0 0.709375 0.453125 0.0359375 0.134375
0 0.66796875 0.53125 0.04140625 0.125
1 0.31953125 0.34140625 0.03125 0.1125
0 0.62578125 0.52734375 0.0453125 0.10625
0 0.62421875 0.45546875 0.03515625 0.11796875
0 0.42109375 0.4359375 0.03984375 0.11953125
0 0.59140625 0.51015625 0.04296875 0.10078125
0 0.5625 0.40703125 0.0359375 0.11953125
0 0.56796875 0.45859375 0.0375 0.109375
0 0.69609375 0.5015625 0.0375 0.115625
0 0.425 0.4125 0.0390625 0.10546875