0 0.08125 0.7296875 0.0390625 0.12890625
0 0.2078125 0.5828125 0.03515625 0.1140625
0 0.15234375 0.5125 0.0375 0.08125
0 0.58046875 0.6078125 0.034375 0.11015625
0 0.26796875 0.628125 0.034375 0.11875
0 0.12578125 0.5625 0.03515625 0.0875
0 0.74765625 0.559375 0.03125 0.09609375
0 0.45 0.4953125 0.02734375 0.08984375
0 0.62890625 0.49609375 0.0375 0.096875
0 0.05234375 0.6296875 0.034375 0.10859375
0 0.06875 0.471875 0.028125 0.08125
0 0.2859375 0.471875 0.02578125 0.07265625
0 0.059375 0.5921875 0.03515625 0.09296875
0 0.084375 0.52578125 0.034375 0.09453125
0 0.0484375 0.50078125 0.03359375 0.0875
0 0.0796875 0.50078125 0.03203125 0.07890625
0 0.63203125 0.459375 0.0296875 0.084375
0 0.04453125 0.52890625 0.0359375 0.0875
0 0.04140625 0.55390625 0.03984375 0.08984375
1 0.69921875 0.409375 0.02265625 0.06171875