0 0.54921875 0.36953125 0.02734375 0.11953125
0 0.365625 0.5453125 0.03828125 0.16875
0 0.503125 0.50234375 0.04375 0.146875
0 0.6875 0.3046875 0.01953125 0.1125
0 0.3296875 0.45078125 0.0296875 0.146875
0 0.10234375 0.49609375 0.03125 0.14609375
1 0.45859375 0.34296875 0.021875 0.11171875
0 0.6328125 0.41640625 0.03828125 0.07734375
0 0.8734375 0.328125 0.03671875 0.10703125
1 0.96171875 0.2828125 0.025 0.0953125
0 0.96953125 0.40390625 0.02265625 0.13359375
0 0.5984375 0.40390625 0.0359375 0.12421875
0 0.30625 0.375 0.0203125 0.13359375
0 0.76640625 0.39140625 0.03984375 0.09609375
0 0.67890625 0.3984375 0.03671875 0.07578125
0 0.725 0.3125 0.0234375 0.07890625
1 0.53203125 0.2140625 0.021875 0.096875
0 0.59765625 0.346875 0.0234375 0.1140625
0 0.7265625 0.41484375 0.02265625 0.12890625
0 0.70625 0.42265625 0.03671875 0.08828125
0 0.809375 0.38671875 0.03203125 0.11953125
0 0.79375 0.3765625 0.03203125 0.10703125
0 0.73125 0.40234375 0.0296875 0.0703125
0 0.7265625 0.403125 0.03359375 0.0734375
0 0.72265625 0.365625 0.0359375 0.04375