0 0.81171875 0.384375 0.05 0.13984375
0 0.30703125 0.384375 0.0453125 0.13984375
0 0.08359375 0.44921875 0.0390625 0.1734375
0 0.87890625 0.328125 0.034375 0.12734375
1 0.18359375 0.21484375 0.03515625 0.109375
0 0.89921875 0.41640625 0.04375 0.1484375
0 0.44296875 0.384375 0.03984375 0.12421875
1 0.546875 0.20859375 0.02734375 0.0984375
1 0.6875 0.44140625 0.0421875 0.1515625
0 0.67109375 0.41015625 0.03125 0.1375
0 0.503125 0.453125 0.04453125 0.15546875
0 0.74140625 0.428125 0.0390625 0.146875
0 0.35625 0.39453125 0.04375 0.1453125
0 0.5765625 0.4265625 0.028125 0.1515625
0 0.98359375 0.44765625 0.0328125 0.1640625
0 0.43359375 0.4875 0.04609375 0.1703125
0 0.7140625 0.3921875 0.0390625 0.13828125
0 0.984375 0.46171875 0.03125 0.1625
0 0.59453125 0.43125 0.03125 0.14140625
0 0.9921875 0.45859375 0.015625 0.1515625
0 0.5890625 0.40390625 0.02265625 0.1484375
0 0.0796875 0.41015625 0.0328125 0.08359375
1 0.83671875 0.87265625 0.0546875 0.2546875