0 0.44765625 0.45703125 0.03984375 0.15390625
0 0.90625 0.50859375 0.05078125 0.17421875
0 0.79609375 0.428125 0.03984375 0.1359375
0 0.69609375 0.4546875 0.040625 0.15859375
0 0.5796875 0.47109375 0.0421875 0.146875
0 0.2171875 0.58515625 0.04921875 0.17578125
0 0.5953125 0.325 0.0359375 0.1296875
0 0.69609375 0.60390625 0.0515625 0.16015625
0 0.25078125 0.55546875 0.0484375 0.16875
0 0.346875 0.29296875 0.03359375 0.1203125
1 0.5390625 0.41640625 0.0390625 0.1359375
0 0.90625 0.37578125 0.0390625 0.134375
0 0.5765625 0.41953125 0.03828125 0.1296875
0 0.65234375 0.49609375 0.04453125 0.1671875
1 0.09609375 0.1171875 0.025 0.07734375
0 0.79609375 0.62890625 0.05 0.18125
0 0.69609375 0.29296875 0.03203125 0.11171875
0 0.6234375 0.565625 0.04296875 0.15390625
1 0.70546875 0.71796875 0.05234375 0.1984375
1 0.65546875 0.13359375 0.02265625 0.08125
0 0.85625 0.6515625 0.0578125 0.203125
0 0.6359375 0.6640625 0.05078125 0.18828125
0 0.67265625 0.521875 0.04453125 0.15859375
0 0.609375 0.70859375 0.05 0.19140625
0 0.3296875 0.821875 0.07109375 0.22109375
0 0.77734375 0.71640625 0.0546875 0.1984375