0 0.490625 0.58671875 0.0453125 0.17109375
0 0.465625 0.48046875 0.04140625 0.1578125
0 0.61640625 0.45234375 0.03671875 0.146875
0 0.64375 0.2953125 0.0328125 0.11875
0 0.675 0.36796875 0.03125 0.12890625
0 0.58046875 0.39609375 0.04296875 0.13984375
1 0.71328125 0.39765625 0.03203125 0.134375
0 0.5109375 0.40078125 0.0390625 0.14375
0 0.953125 0.40078125 0.0359375 0.14140625
0 0.16171875 0.378125 0.0234375 0.134375
0 0.45703125 0.43359375 0.0359375 0.15
0 0.27109375 0.38125 0.02109375 0.13828125
0 0.178125 0.378125 0.0203125 0.13984375
0 0.24375 0.38125 0.02265625 0.15234375
0 0.5015625 0.34453125 0.0359375 0.1359375
0 0.17734375 0.36328125 0.0234375 0.115625
1 0.06953125 0.81953125 0.04296875 0.0625
0 0.26171875 0.315625 0.01328125 0.04921875
1 0.540625 0.16953125 0.02578125 0.09609375
0 0.23984375 0.35 0.03359375 0.12421875
0 0.4984375 0.321875 0.034375 0.12421875
0 0.2 0.390625 0.0171875 0.12578125
0 0.19921875 0.3140625 0.01796875 0.040625
0 0.271875 0.28828125 0.0203125 0.03671875
0 0.2859375 0.36328125 0.03359375 0.11875