0 0.5078125 0.65390625 0.059375 0.2140625
0 0.3296875 0.740625 0.07109375 0.2015625
0 0.13125 0.64921875 0.05859375 0.2125
0 0.44375 0.2796875 0.03515625 0.1265625
0 0.19609375 0.35859375 0.0390625 0.153125
0 0.27578125 0.30703125 0.0390625 0.125
0 0.046875 0.6140625 0.0703125 0.19140625
0 0.9609375 0.31796875 0.04375 0.14453125
0 0.971875 0.371875 0.046875 0.14296875
1 0.859375 0.32109375 0.03828125 0.13359375
0 0.98671875 0.3234375 0.0265625 0.146875
0 0.3140625 0.2640625 0.03515625 0.121875
1 0.6859375 0.1921875 0.03203125 0.109375
0 0.0125 0.6171875 0.025 0.184375