1 0.9875 0.46796875 0.025 0.146875
1 0.403125 0.32109375 0.03984375 0.13125
0 0.371875 0.5375 0.04296875 0.146875
0 0.409375 0.52890625 0.059375 0.16171875
0 0.47890625 0.596875 0.0546875 0.17109375
0 0.52109375 0.49765625 0.03359375 0.1640625
0 0.54296875 0.45859375 0.0359375 0.134375
0 0.6125 0.346875 0.03515625 0.1203125
0 0.60390625 0.50625 0.03984375 0.16171875
0 0.63125 0.4703125 0.03515625 0.1484375
0 0.66640625 0.48828125 0.04296875 0.1484375
0 0.69296875 0.47734375 0.02734375 0.1203125
0 0.7140625 0.44765625 0.040625 0.115625
0 0.73046875 0.47734375 0.01953125 0.12265625
0 0.7171875 0.5 0.05703125 0.11171875
0 0.7640625 0.5 0.040625 0.1375
0 0.75703125 0.43671875 0.03359375 0.1328125
0 0.80234375 0.4796875 0.03984375 0.14609375
0 0.8421875 0.553125 0.06015625 0.134375
0 0.796875 0.59765625 0.09609375 0.0703125
0 0.91015625 0.53671875 0.06328125 0.1703125
0 0.95078125 0.42109375 0.065625 0.12578125
0 0.99140625 0.403125 0.0171875 0.1375
0 0.80625 0.3609375 0.04140625 0.10703125