0 0.325 0.69921875 0.0390625 0.1296875
0 0.81328125 0.65390625 0.03671875 0.1125
0 0.8453125 0.68671875 0.03671875 0.13125
0 0.7796875 0.61875 0.0375 0.1078125
0 0.73046875 0.56953125 0.034375 0.0921875
0 0.696875 0.5234375 0.03203125 0.0921875
1 0.83828125 0.909375 0.0453125 0.146875
0 0.3484375 0.63203125 0.03515625 0.10546875
0 0.3453125 0.54296875 0.02578125 0.08359375
0 0.634375 0.465625 0.0265625 0.075
0 0.346875 0.46640625 0.0265625 0.0703125
0 0.671875 0.49609375 0.02578125 0.08828125
1 0.76640625 0.490625 0.02421875 0.08203125
0 0.703125 0.46875 0.0234375 0.0765625
0 0.00234375 0.46484375 0.00390625 0.0734375
0 0.60625 0.440625 0.021875 0.071875
0 0.62109375 0.44375 0.0234375 0.06640625
1 0.35859375 0.42890625 0.01875 0.06171875