0 0.96484375 0.7140625 0.059375 0.2015625
0 0.1453125 0.515625 0.03359375 0.16484375
0 0.0796875 0.2796875 0.02421875 0.121875
0 0.2703125 0.34453125 0.0265625 0.13515625
0 0.203125 0.54609375 0.0390625 0.16171875
0 0.0046875 0.35234375 0.00859375 0.13046875
0 0.3015625 0.384375 0.03125 0.14609375
1 0.453125 0.3484375 0.028125 0.13671875
0 0.03125 0.3125 0.02109375 0.1328125
0 0.88828125 0.31484375 0.0375 0.12890625
1 0.0046875 0.26484375 0.00859375 0.1171875
0 0.3015625 0.3453125 0.03125 0.12578125
0 0.05078125 0.29921875 0.0265625 0.115625
0 0.0375 0.3171875 0.01875 0.11796875
1 0.5890625 0.21484375 0.021875 0.09375
0 0.06875 0.28828125 0.02578125 0.1171875
0 0.99296875 0.31171875 0.0140625 0.11875