0 0.83671875 0.6765625 0.03984375 0.12421875
0 0.8078125 0.65 0.03828125 0.11171875
0 0.3265625 0.6890625 0.03671875 0.1296875
0 0.771875 0.60859375 0.0359375 0.10546875
0 0.68984375 0.5125 0.03046875 0.0859375
0 0.34453125 0.62265625 0.0328125 0.103125
1 0.8296875 0.896875 0.04140625 0.14296875
0 0.66484375 0.48828125 0.02578125 0.0796875
0 0.72265625 0.559375 0.03515625 0.09609375
0 0.34140625 0.534375 0.02578125 0.0828125
0 0.6265625 0.46015625 0.02421875 0.07421875
0 0.3421875 0.46015625 0.025 0.07421875
0 0.6984375 0.46171875 0.021875 0.07734375
1 0.75078125 0.484375 0.02265625 0.0796875
0 0.60078125 0.43125 0.0203125 0.065625
0 0.00234375 0.46015625 0.0046875 0.07109375
0 0.61171875 0.44453125 0.02265625 0.065625