0 0.1796875 0.7609375 0.028125 0.06171875
0 0.34921875 0.79296875 0.0265625 0.0703125
0 0.6125 0.75 0.0265625 0.07421875
0 0.93046875 0.753125 0.0296875 0.0734375
0 0.2796875 0.734375 0.02109375 0.06875
0 0.64375 0.7546875 0.0234375 0.0703125
0 0.8890625 0.7390625 0.021875 0.0640625
0 0.6796875 0.81171875 0.03671875 0.08515625
0 0.50390625 0.7734375 0.03046875 0.0765625
0 0.44609375 0.69609375 0.02109375 0.0671875
0 0.74296875 0.70625 0.01953125 0.06171875
1 0.21484375 0.7 0.0203125 0.0671875
0 0.48359375 0.815625 0.0265625 0.078125
1 0.4703125 0.64140625 0.01796875 0.05546875
0 0.6984375 0.7015625 0.0203125 0.0546875
0 0.81640625 0.7078125 0.02109375 0.0640625
0 0.47578125 0.7640625 0.02421875 0.06640625
0 0.5078125 0.72734375 0.0234375 0.07109375
0 0.6890625 0.77421875 0.028125 0.06875
0 0.36796875 0.803125 0.0265625 0.0703125
0 0.5625 0.78828125 0.02421875 0.07734375
0 0.384375 0.796875 0.03203125 0.071875
0 0.56015625 0.76484375 0.0234375 0.06953125
0 0.5703125 0.7609375 0.02421875 0.0671875
0 0.67734375 0.78046875 0.02734375 0.06171875
0 0.4796875 0.784375 0.02421875 0.0625
0 0.56796875 0.778125 0.0234375 0.075