0 0.4984375 0.75390625 0.0671875 0.15625
0 0.4359375 0.63125 0.06796875 0.15078125
0 0.7328125 0.56640625 0.071875 0.1546875
1 0.109375 0.67890625 0.04453125 0.2015625
0 0.38046875 0.56171875 0.06875 0.1453125
0 0.0984375 0.54375 0.059375 0.13515625
1 0.64140625 0.9265625 0.06640625 0.14296875
0 0.6796875 0.61796875 0.05703125 0.1609375
0 0.640625 0.55625 0.06640625 0.153125
0 0.578125 0.734375 0.07109375 0.19140625
0 0.42421875 0.49140625 0.05390625 0.12890625
0 0.5890625 0.5921875 0.06171875 0.146875
0 0.67421875 0.478125 0.05 0.12578125
0 0.42578125 0.434375 0.05078125 0.1140625
1 0.4828125 0.228125 0.0296875 0.103125
0 0.51484375 0.57421875 0.07109375 0.13984375
0 0.553125 0.59453125 0.0640625 0.13671875
0 0.51484375 0.54140625 0.06640625 0.1453125
0 0.56484375 0.64921875 0.0625 0.12109375
0 0.525 0.4640625 0.05390625 0.11328125
0 0.55390625 0.49296875 0.0515625 0.11640625
0 0.54453125 0.5265625 0.0578125 0.11171875