0 0.26015625 0.42265625 0.0421875 0.1484375
0 0.45703125 0.35625 0.034375 0.134375
0 0.3109375 0.365625 0.040625 0.13984375
0 0.43828125 0.4828125 0.04453125 0.15859375
0 0.209375 0.484375 0.04140625 0.15859375
0 0.9078125 0.42265625 0.03984375 0.1515625
1 0.8640625 0.8515625 0.0515625 0.22109375
1 0.1453125 0.21796875 0.03515625 0.1078125
0 0.41015625 0.4515625 0.04296875 0.16015625
0 0.5703125 0.40234375 0.03984375 0.1453125
0 0.403125 0.36953125 0.0359375 0.13984375
0 0.9640625 0.57890625 0.04453125 0.18359375
1 0.64921875 0.4328125 0.03515625 0.11171875
0 0.971875 0.46484375 0.03203125 0.1625
0 0.53359375 0.440625 0.03984375 0.15078125
0 0.81328125 0.46953125 0.0453125 0.15234375
1 0.56171875 0.21796875 0.03125 0.10078125
0 0.76015625 0.4546875 0.0421875 0.1625
0 0.51328125 0.39609375 0.03203125 0.1578125
0 0.84375 0.4234375 0.04453125 0.134375
0 0.990625 0.3765625 0.01875 0.125
0 0.990625 0.4390625 0.01875 0.159375
0 0.94765625 0.37734375 0.04296875 0.146875
0 0.52578125 0.39765625 0.034375 0.1375
0 0.98046875 0.37578125 0.0265625 0.13984375