0 0.93203125 0.625 0.05078125 0.1359375
0 0.8671875 0.6515625 0.05234375 0.1484375
0 0.62734375 0.66484375 0.04765625 0.12734375
0 0.240625 0.71484375 0.05078125 0.13046875
0 0.63203125 0.56953125 0.04765625 0.12578125
0 0.52421875 0.66640625 0.05859375 0.10078125
1 0.73828125 0.7921875 0.05234375 0.19921875
0 0.7140625 0.45859375 0.04921875 0.13125
0 0.7859375 0.7203125 0.05234375 0.1546875
0 0.590625 0.62109375 0.0578125 0.09765625
1 0.01484375 0.50078125 0.02890625 0.15390625
0 0.921875 0.4859375 0.03984375 0.115625
0 0.32109375 0.71953125 0.05078125 0.11328125
0 0.33046875 0.6203125 0.0453125 0.12421875
0 0.465625 0.7 0.07109375 0.11796875
0 0.38125 0.79140625 0.0453125 0.15859375
0 0.421875 0.57265625 0.0421875 0.1109375
0 0.40234375 0.66171875 0.05078125 0.0984375
0 0.51328125 0.590625 0.05 0.0859375
1 0.95 0.36328125 0.02578125 0.09921875
0 0.36484375 0.6921875 0.05234375 0.10859375
0 0.38515625 0.7140625 0.03984375 0.14609375
0 0.471875 0.61640625 0.05 0.09296875
0 0.45546875 0.6453125 0.053125 0.09921875
0 0.44375 0.6453125 0.05078125 0.10390625