1 0.98203125 0.51328125 0.03515625 0.1453125
1 0.24375 0.7109375 0.0484375 0.16640625
0 0.49921875 0.4765625 0.0375 0.1078125
0 0.88125 0.6171875 0.040625 0.128125
0 0.84375 0.7015625 0.03984375 0.1609375
0 0.5375 0.6390625 0.03125 0.165625
0 0.07421875 0.5578125 0.04453125 0.1359375
0 0.325 0.63203125 0.0359375 0.14765625
1 0.96875 0.91796875 0.0515625 0.159375
0 0.5546875 0.5875 0.02734375 0.0703125
0 0.8453125 0.61171875 0.0453125 0.1453125
0 0.43125 0.57890625 0.0328125 0.15078125
0 0.40390625 0.5828125 0.04296875 0.13515625
0 0.07734375 0.525 0.03984375 0.11875
0 0.3296875 0.5625 0.040625 0.13515625
0 0.37421875 0.5859375 0.0359375 0.12265625
0 0.46484375 0.5625 0.0359375 0.07890625
0 0.4421875 0.59921875 0.02890625 0.0921875
1 0.078125 0.38046875 0.02734375 0.09296875
0 0.62109375 0.59375 0.0515625 0.06328125
0 0.53671875 0.55390625 0.0203125 0.13125
0 0.521875 0.55625 0.0234375 0.1359375
0 0.3078125 0.59609375 0.02734375 0.07265625
0 0.35 0.61171875 0.02890625 0.0671875
0 0.40859375 0.60390625 0.06640625 0.0515625