0 0.13046875 0.40703125 0.0546875 0.11171875
0 0.74921875 0.446875 0.04453125 0.12109375
0 0.53203125 0.39609375 0.034375 0.11796875
0 0.19921875 0.3640625 0.0421875 0.0984375
0 0.6859375 0.36875 0.0390625 0.0921875
0 0.09140625 0.40625 0.03984375 0.11171875
0 0.3296875 0.42578125 0.04765625 0.1203125
0 0.453125 0.41953125 0.04609375 0.11640625
0 0.21484375 0.39921875 0.03515625 0.10703125
0 0.59609375 0.38046875 0.0296875 0.1078125
0 0.278125 0.41015625 0.0328125 0.12421875
0 0.23828125 0.371875 0.028125 0.07734375
1 0.75625 0.28046875 0.021875 0.07421875
0 0.41953125 0.41953125 0.0296875 0.1234375
0 0.3671875 0.3796875 0.02734375 0.1015625
0 0.6046875 0.3609375 0.0390625 0.0984375
0 0.45078125 0.378125 0.03046875 0.09140625
0 0.34140625 0.37890625 0.03125 0.08359375
0 0.4203125 0.38828125 0.02890625 0.1109375
0 0.29296875 0.44453125 0.04296875 0.1046875
0 0.31171875 0.396875 0.0328125 0.10078125
0 0.34609375 0.36875 0.028125 0.1015625
0 0.34609375 0.39140625 0.03515625 0.0640625