0 0.371875 0.48125 0.0328125 0.18828125
1 0.37421875 0.284375 0.0375 0.159375
0 0.70078125 0.49296875 0.0421875 0.2
1 0.96953125 0.61015625 0.0546875 0.23828125
1 0.45390625 0.45 0.0390625 0.1765625
0 0.47890625 0.43828125 0.04296875 0.1546875
0 0.49609375 0.4984375 0.03828125 0.19296875
1 0.87578125 0.3234375 0.02890625 0.1640625
0 0.4765625 0.5203125 0.0296875 0.0953125
0 0.60078125 0.47578125 0.0390625 0.18515625
0 0.5515625 0.4875 0.05625 0.17109375
0 0.4625 0.47734375 0.0390625 0.19453125
0 0.6234375 0.4640625 0.0328125 0.19375
0 0.60625 0.3796875 0.02109375 0.0484375
0 0.5515625 0.43046875 0.0375 0.153125
0 0.5421875 0.4921875 0.04453125 0.1265625
0 0.5734375 0.521875 0.05234375 0.11875
0 0.64765625 0.471875 0.02890625 0.196875
0 0.65234375 0.4484375 0.03828125 0.20703125