1 0.971875 0.4984375 0.03984375 0.1515625
0 0.39375 0.52421875 0.04375 0.1375
0 0.790625 0.4953125 0.0484375 0.153125
0 0.6921875 0.52578125 0.0484375 0.11171875
0 0.49453125 0.48984375 0.03671875 0.12890625
0 0.5390625 0.4828125 0.03828125 0.134375
0 0.44296875 0.4859375 0.0421875 0.1171875
0 0.47421875 0.50390625 0.03671875 0.13359375
0 0.73203125 0.47734375 0.0453125 0.14296875
0 0.4421875 0.43515625 0.03671875 0.09609375
0 0.59609375 0.5484375 0.040625 0.10859375
0 0.5703125 0.5390625 0.04375 0.11640625
0 0.60546875 0.45234375 0.040625 0.11640625
0 0.640625 0.44453125 0.0359375 0.1390625
0 0.56328125 0.465625 0.03984375 0.11484375
0 0.71015625 0.49609375 0.046875 0.11875
0 0.7015625 0.4484375 0.04296875 0.11484375
0 0.6296875 0.50390625 0.04609375 0.125
0 0.61640625 0.5015625 0.0453125 0.12578125
0 0.44609375 0.46484375 0.040625 0.11015625
0 0.64296875 0.4671875 0.04296875 0.140625
0 0.73203125 0.4421875 0.040625 0.13359375
0 0.71796875 0.41875 0.0390625 0.11015625
0 0.55546875 0.503125 0.03828125 0.12890625
0 0.490625 0.4515625 0.034375 0.103125
0 0.44375 0.3921875 0.034375 0.10625