1 0.7328125 0.7265625 0.05078125 0.21328125
1 0.27265625 0.30625 0.02734375 0.07421875
1 0.771875 0.28828125 0.01640625 0.07421875
1 0.63984375 0.43515625 0.0234375 0.11484375
0 0.4546875 0.35859375 0.0203125 0.10078125
0 0.53046875 0.38671875 0.02578125 0.0859375
0 0.61328125 0.4640625 0.03671875 0.1296875
0 0.584375 0.44921875 0.03359375 0.12265625
0 0.525 0.44609375 0.03515625 0.10703125
0 0.5125 0.475 0.059375 0.05390625
0 0.4921875 0.48125 0.04765625 0.065625
0 0.46640625 0.50859375 0.0265625 0.15
0 0.44453125 0.525 0.02578125 0.16953125
0 0.4328125 0.47265625 0.0265625 0.14296875
0 0.3953125 0.52734375 0.034375 0.1578125
0 0.59921875 0.38046875 0.02421875 0.1125
0 0.35625 0.471875 0.025 0.1515625
0 0.3421875 0.51875 0.040625 0.159375
0 0.31015625 0.48828125 0.028125 0.15
0 0.29375 0.4484375 0.0265625 0.13359375
0 0.30078125 0.49140625 0.059375 0.065625
0 0.26015625 0.4375 0.0421875 0.1328125
0 0.18046875 0.45859375 0.02109375 0.14921875
0 0.7625 0.56796875 0.0390625 0.19921875