0 0.15546875 0.646875 0.0484375 0.1515625
0 0.4296875 0.61953125 0.05859375 0.1
0 0.784375 0.7 0.04921875 0.1671875
0 0.10234375 0.6234375 0.05 0.13828125
1 0.29140625 0.7703125 0.04453125 0.1953125
0 0.30625 0.453125 0.0484375 0.13828125
0 0.7046875 0.7125 0.05234375 0.13828125
0 0.228125 0.715625 0.04375 0.171875
0 0.4953125 0.665625 0.0625 0.10546875
0 0.08125 0.47890625 0.0359375 0.125
0 0.378125 0.66171875 0.04296875 0.1390625
1 0.99609375 0.49453125 0.0078125 0.1578125
0 0.6359375 0.7890625 0.046875 0.165625
0 0.38671875 0.56484375 0.04453125 0.1375
0 0.55390625 0.6984375 0.071875 0.12890625
0 0.69140625 0.61171875 0.04453125 0.128125
0 0.60390625 0.62421875 0.0296875 0.153125
0 0.6484375 0.6953125 0.05703125 0.115625
0 0.50859375 0.58671875 0.05 0.09140625
0 0.54765625 0.609375 0.0484375 0.0859375
1 0.0609375 0.3578125 0.0265625 0.1015625
0 0.621875 0.659375 0.05546875 0.1125
0 0.5640625 0.65 0.0546875 0.0921875
0 0.6 0.571875 0.0359375 0.11953125