0 0.6125 0.66015625 0.05078125 0.13046875
0 0.61796875 0.5640625 0.0515625 0.13359375
0 0.86328125 0.64765625 0.0515625 0.15390625
0 0.3796875 0.79609375 0.05078125 0.16015625
0 0.21953125 0.71171875 0.05234375 0.13515625
0 0.93671875 0.62109375 0.05234375 0.14609375
0 0.703125 0.44921875 0.05078125 0.134375
0 0.50859375 0.66015625 0.06484375 0.10703125
0 0.30703125 0.72265625 0.0625 0.1109375
0 0.31171875 0.61328125 0.04765625 0.12734375
0 0.5765625 0.61484375 0.0578125 0.10234375
1 0.7328125 0.7953125 0.05390625 0.2078125
0 0.44921875 0.69921875 0.07421875 0.11796875
0 0.91484375 0.47734375 0.04140625 0.11875
0 0.4046875 0.565625 0.04453125 0.1140625
0 0.78515625 0.71796875 0.05234375 0.1578125
0 0.50703125 0.58828125 0.04921875 0.0921875
0 0.39375 0.6625 0.05234375 0.10625
1 0.94375 0.35078125 0.02734375 0.10078125
0 0.36796875 0.72265625 0.0390625 0.1640625
0 0.44609375 0.64140625 0.05234375 0.096875
0 0.45859375 0.61171875 0.05078125 0.09765625
0 0.421875 0.63515625 0.0484375 0.10078125
0 0.3546875 0.6828125 0.053125 0.10625