0 0.31796875 0.54296875 0.03203125 0.15
0 0.4984375 0.609375 0.0328125 0.1609375
1 0.41796875 0.4765625 0.03125 0.13359375
0 0.253125 0.4875 0.046875 0.14453125
0 0.271875 0.4375 0.0265625 0.12578125
0 0.57578125 0.5921875 0.0265625 0.16015625
0 0.00703125 0.4875 0.0140625 0.15234375
0 0.04609375 0.46953125 0.0265625 0.13671875
0 0.57421875 0.675 0.02421875 0.175
0 0.17265625 0.5296875 0.03984375 0.15703125
0 0.5921875 0.42890625 0.0265625 0.125
0 0.5015625 0.39453125 0.03046875 0.07734375
0 0.56796875 0.4171875 0.02109375 0.1109375
0 0.1890625 0.4875 0.0296875 0.13046875
0 0.478125 0.38203125 0.0171875 0.0265625
0 0.46328125 0.4234375 0.04921875 0.07265625
0 0.58515625 0.403125 0.01484375 0.12421875
0 0.50234375 0.43203125 0.05234375 0.04453125
1 0.52734375 0.34765625 0.04453125 0.1125