1 0.734375 0.5640625 0.03828125 0.11640625
0 0.93046875 0.878125 0.05859375 0.19609375
0 0.6328125 0.575 0.0359375 0.11953125
0 0.54453125 0.56640625 0.04140625 0.1234375
0 0.86640625 0.89921875 0.0546875 0.1875
0 0.22890625 0.55078125 0.04765625 0.11484375
0 0.9890625 0.7828125 0.021875 0.15625
1 0.75859375 0.428125 0.028125 0.10078125
0 0.46953125 0.55390625 0.04140625 0.11953125
0 0.503125 0.5546875 0.03984375 0.12109375
0 0.3515625 0.54140625 0.0328125 0.10234375
0 0.965625 0.80703125 0.05390625 0.16171875
0 0.953125 0.57421875 0.03828125 0.11484375
0 0.2671875 0.54921875 0.04609375 0.11484375
0 0.965625 0.51875 0.03671875 0.11328125
1 0.24609375 0.46328125 0.0328125 0.10234375
0 0.925 0.56015625 0.04375 0.109375
0 0.40546875 0.50390625 0.04140625 0.11796875
0 0.38984375 0.546875 0.040625 0.08828125
0 0.3734375 0.5359375 0.0359375 0.08671875
0 0.48671875 0.5390625 0.03671875 0.10390625
0 0.2625 0.5078125 0.03984375 0.109375
0 0.39921875 0.496875 0.02421875 0.08984375