0 0.53203125 0.5609375 0.046875 0.17421875
0 0.728125 0.40625 0.03671875 0.140625
0 0.59765625 0.725 0.06171875 0.20703125
0 0.4625 0.40234375 0.03515625 0.1484375
0 0.421875 0.50625 0.04375 0.16171875
0 0.69375 0.44453125 0.0421875 0.14765625
0 0.6703125 0.375 0.0296875 0.146875
0 0.7328125 0.73671875 0.040625 0.2078125
1 0.75546875 0.8640625 0.0578125 0.22421875
0 0.78359375 0.41640625 0.03828125 0.15625
0 0.840625 0.559375 0.0375 0.17109375
1 0.26484375 0.4421875 0.05 0.16796875
0 0.79453125 0.290625 0.03203125 0.109375
1 0.63671875 0.40703125 0.03828125 0.15
0 0.43203125 0.43046875 0.0359375 0.1546875
0 0.58046875 0.43984375 0.0359375 0.159375
0 0.8078125 0.42109375 0.03359375 0.140625
0 0.59375 0.43203125 0.025 0.14765625
0 0.80078125 0.46015625 0.03828125 0.1609375
1 0.63515625 0.29921875 0.0390625 0.125
0 0.609375 0.41484375 0.021875 0.14609375
0 0.59296875 0.384375 0.0234375 0.11015625
0 0.57578125 0.38046875 0.028125 0.14375
0 0.5859375 0.3390625 0.01328125 0.06875
0 0.8140625 0.384375 0.03046875 0.14921875