1 0.5390625 0.696875 0.040625 0.12734375
1 0.97109375 0.49453125 0.02578125 0.10234375
0 0.74453125 0.55859375 0.03359375 0.09609375
0 0.6296875 0.5625 0.04296875 0.1125
0 0.65859375 0.5328125 0.03515625 0.1078125
0 0.0984375 0.5671875 0.0328125 0.09453125
1 0.70546875 0.46796875 0.0328125 0.09921875
1 0.54453125 0.51796875 0.0296875 0.11015625
0 0.25078125 0.490625 0.02890625 0.09375
0 0.2734375 0.52265625 0.03828125 0.0984375
0 0.4203125 0.56015625 0.03046875 0.1171875
0 0.46328125 0.578125 0.02578125 0.11015625
0 0.28984375 0.484375 0.03203125 0.09453125
0 0.0796875 0.53125 0.03125 0.09765625
0 0.0609375 0.5390625 0.0328125 0.10625
0 0.62578125 0.528125 0.03515625 0.09296875
0 0.33828125 0.525 0.03125 0.103125
0 0.3859375 0.48359375 0.025 0.09375
0 0.0375 0.578125 0.04296875 0.1046875
1 0.125 0.4484375 0.02578125 0.0828125
0 0.3765625 0.55 0.0328125 0.10625
0 0.39453125 0.5328125 0.03046875 0.1109375
0 0.77421875 0.5953125 0.03984375 0.109375
0 0.40703125 0.53046875 0.021875 0.096875
0 0.44765625 0.5453125 0.02890625 0.11640625
0 0.46015625 0.5640625 0.03046875 0.1109375
0 0.3609375 0.53671875 0.025 0.10859375