1 0.128125 0.75703125 0.0609375 0.1703125
1 0.79765625 0.3265625 0.028125 0.1015625
0 0.65390625 0.4515625 0.0265625 0.15078125
0 0.82265625 0.37890625 0.028125 0.125
1 0.471875 0.375 0.0265625 0.10859375
0 0.5828125 0.36953125 0.02265625 0.13203125
0 0.39609375 0.41484375 0.02890625 0.13203125
1 0.2578125 0.296875 0.02265625 0.08203125
0 0.696875 0.3421875 0.025 0.10625
0 0.290625 0.3484375 0.02734375 0.06796875
0 0.65625 0.375 0.01796875 0.10546875
0 0.484375 0.340625 0.021875 0.10390625
0 0.32265625 0.33984375 0.0234375 0.1109375
0 0.30703125 0.3265625 0.01875 0.0984375
0 0.36328125 0.3328125 0.02734375 0.1125
0 0.396875 0.35703125 0.02109375 0.0875
0 0.390625 0.34140625 0.02109375 0.0609375
0 0.4453125 0.33203125 0.021875 0.1
0 0.5296875 0.3390625 0.02109375 0.11171875
0 0.60078125 0.35546875 0.0171875 0.1125
0 0.59453125 0.32109375 0.01484375 0.096875
0 0.62578125 0.34296875 0.025 0.1125
0 0.63984375 0.3484375 0.02109375 0.11171875
0 0.7140625 0.340625 0.02421875 0.10625