0 0.61875 0.80546875 0.05546875 0.178125
0 0.521875 0.6390625 0.04375 0.1125
0 0.578125 0.6421875 0.028125 0.1515625
0 0.2328125 0.53828125 0.03203125 0.1265625
0 0.67890625 0.59453125 0.03125 0.1390625
0 0.19765625 0.625 0.03828125 0.09296875
0 0.96640625 0.74453125 0.0390625 0.16796875
1 0.55 0.5015625 0.03125 0.128125
0 0.3609375 0.621875 0.04609375 0.0875
0 0.5984375 0.5953125 0.034375 0.140625
0 0.43125 0.53359375 0.02734375 0.1171875
1 0.0296875 0.7203125 0.03984375 0.15703125
0 0.4359375 0.64765625 0.03515625 0.12265625
0 0.396875 0.64765625 0.04609375 0.0984375
0 0.30625 0.49609375 0.02890625 0.11484375
1 0.2359375 0.309375 0.03046875 0.09140625
0 0.2328125 0.4296875 0.025 0.09921875
0 0.46796875 0.6671875 0.04296875 0.1375
0 0.2546875 0.640625 0.034375 0.13359375
0 0.26875 0.578125 0.046875 0.0984375
1 0.846875 0.8328125 0.03671875 0.1703125
0 0.38125 0.5921875 0.04453125 0.08203125
0 0.3421875 0.55703125 0.04375 0.0890625
0 0.46875 0.625 0.04609375 0.09453125
0 0.3171875 0.61015625 0.04140625 0.115625
0 0.309375 0.59921875 0.03828125 0.11796875