0 0.09765625 0.70859375 0.06015625 0.15078125
0 0.48125 0.53671875 0.04296875 0.08203125
0 0.1875 0.63671875 0.053125 0.13203125
0 0.67265625 0.67265625 0.040625 0.1578125
0 0.584375 0.64140625 0.0453125 0.11796875
0 0.578125 0.53046875 0.04453125 0.08671875
0 0.66015625 0.53671875 0.03828125 0.096875
0 0.5359375 0.56328125 0.05 0.08984375
0 0.284375 0.79609375 0.05546875 0.1578125
0 0.4484375 0.5484375 0.040625 0.090625
0 0.33125 0.56640625 0.04375 0.121875
0 0.91484375 0.5265625 0.04296875 0.12109375
0 0.62734375 0.51328125 0.04296875 0.08359375
0 0.4125 0.48828125 0.03203125 0.128125
0 0.65 0.44140625 0.0390625 0.10234375
1 0.325 0.42265625 0.02734375 0.10078125
0 0.51875 0.525 0.03984375 0.078125
0 0.45078125 0.48125 0.03359375 0.096875
0 0.753125 0.490625 0.0375 0.1125
0 0.5546875 0.503125 0.03671875 0.07421875
0 0.7671875 0.57265625 0.0421875 0.11640625
1 0.76328125 0.403125 0.02734375 0.10234375
0 0.84296875 0.45 0.02734375 0.11328125
0 0.53046875 0.4984375 0.03515625 0.06796875
1 0.78046875 0.54765625 0.0359375 0.1125