0 0.58203125 0.6453125 0.03828125 0.14921875
1 0.68828125 0.68828125 0.03984375 0.159375
0 0.0140625 0.6234375 0.028125 0.1453125
0 0.09765625 0.6375 0.0375 0.14609375
0 0.0703125 0.5921875 0.03828125 0.13671875
0 0.04140625 0.6984375 0.04296875 0.159375
1 0.40546875 0.5 0.02734375 0.10859375
0 0.32734375 0.671875 0.04140625 0.1578125
0 0.29609375 0.73515625 0.04453125 0.16953125
0 0.25390625 0.6984375 0.03984375 0.1546875
1 0.9765625 0.46875 0.028125 0.1
0 0.63359375 0.52109375 0.0296875 0.128125
0 0.3484375 0.67578125 0.03671875 0.1578125
0 0.5203125 0.546875 0.0390625 0.13125
0 0.54296875 0.51484375 0.0328125 0.12265625
0 0.4828125 0.5203125 0.03984375 0.11875
0 0.240625 0.63984375 0.03359375 0.1359375
1 0.61953125 0.4828125 0.0203125 0.10859375
0 0.72265625 0.48984375 0.02578125 0.10546875
1 0.28828125 0.296875 0.025 0.07578125