1 0.803125 0.79765625 0.0421875 0.15390625
1 0.49296875 0.5796875 0.028125 0.109375
0 0.3625 0.69453125 0.03046875 0.128125
1 0.415625 0.6421875 0.03125 0.1234375
0 0.175 0.66953125 0.03671875 0.128125
0 0.134375 0.66484375 0.0390625 0.1125
0 0.271875 0.70625 0.04140625 0.09609375
1 0.6421875 0.60703125 0.03203125 0.10859375
0 0.35234375 0.653125 0.0328125 0.1265625
0 0.053125 0.66796875 0.034375 0.121875
0 0.0796875 0.71015625 0.03984375 0.109375
0 0.29921875 0.68046875 0.0375 0.128125
0 0.2 0.6828125 0.03984375 0.12890625
0 0.32421875 0.665625 0.0375 0.1234375
0 0.22578125 0.65078125 0.0375 0.12109375
0 0.06640625 0.6484375 0.0328125 0.103125
0 0.246875 0.6921875 0.03984375 0.11796875
0 0.30625 0.628125 0.03359375 0.1125
0 0.1765625 0.628125 0.03515625 0.11796875
0 0.20546875 0.63046875 0.034375 0.1140625
0 0.07265625 0.6734375 0.0328125 0.103125