1 0.42265625 0.88984375 0.0640625 0.20546875
0 0.52265625 0.75625 0.03828125 0.09921875
0 0.5671875 0.7359375 0.0484375 0.078125
0 0.23046875 0.678125 0.03515625 0.09921875
0 0.68359375 0.73828125 0.05078125 0.1234375
1 0.94921875 0.6234375 0.02578125 0.12421875
0 0.28671875 0.684375 0.03828125 0.090625
0 0.35703125 0.696875 0.0421875 0.0921875
0 0.3203125 0.68984375 0.03671875 0.08984375
0 0.6390625 0.7328125 0.0546875 0.10234375
0 0.28203125 0.6296875 0.02265625 0.07578125
0 0.5078125 0.73515625 0.03984375 0.10078125
1 0.70234375 0.5828125 0.02578125 0.109375
0 0.5015625 0.69140625 0.034375 0.034375
0 0.1890625 0.7296875 0.03359375 0.10390625
0 0.16328125 0.75 0.03125 0.15390625
0 0.40546875 0.715625 0.04296875 0.07890625
0 0.50703125 0.6609375 0.03125 0.096875
0 0.315625 0.63828125 0.02734375 0.07734375
0 0.39296875 0.64296875 0.0234375 0.125
0 0.39140625 0.67109375 0.03359375 0.04921875
1 0.48984375 0.6171875 0.028125 0.1171875
0 0.43984375 0.71796875 0.0453125 0.09453125
0 0.47265625 0.7296875 0.04453125 0.09453125
0 0.42421875 0.68203125 0.02421875 0.0421875
0 0.46484375 0.67890625 0.03828125 0.03515625