1 0.053125 0.48984375 0.0375 0.14609375
0 0.665625 0.471875 0.03828125 0.134375
0 0.55390625 0.52265625 0.046875 0.1265625
0 0.2546875 0.446875 0.0390625 0.1390625
0 0.57734375 0.47421875 0.0375 0.13203125
0 0.2921875 0.515625 0.04609375 0.115625
1 0.575 0.3875 0.03203125 0.13046875
0 0.3078125 0.4890625 0.0421875 0.125
0 0.31875 0.46015625 0.0390625 0.13203125
0 0.4625 0.49375 0.03984375 0.1234375
0 0.3453125 0.415625 0.03515625 0.11796875
0 0.428125 0.503125 0.03671875 0.1265625
0 0.28359375 0.45234375 0.0390625 0.11796875
1 0.53515625 0.4765625 0.0359375 0.1390625
0 0.51640625 0.48671875 0.0375 0.12890625
0 0.3625 0.4828125 0.04140625 0.12890625
0 0.521875 0.4390625 0.03671875 0.10859375
0 0.47734375 0.45078125 0.040625 0.0875
0 0.490625 0.50859375 0.03828125 0.10859375
0 0.5328125 0.43984375 0.03671875 0.1015625