1 0.259375 0.73046875 0.05234375 0.21796875
1 0.72890625 0.3 0.02734375 0.0765625
1 0.21953125 0.28203125 0.01640625 0.0765625
1 0.3546875 0.43203125 0.02421875 0.1171875
0 0.54296875 0.35390625 0.02109375 0.103125
0 0.465625 0.38203125 0.02578125 0.0875
0 0.38125 0.46171875 0.0375 0.1328125
0 0.4109375 0.44609375 0.034375 0.125
0 0.47109375 0.44375 0.03515625 0.109375
0 0.48359375 0.4734375 0.0609375 0.05546875
0 0.5046875 0.47890625 0.0484375 0.0671875
0 0.53125 0.50703125 0.0265625 0.15390625
0 0.553125 0.52421875 0.02578125 0.17265625
0 0.565625 0.47109375 0.0265625 0.14609375
0 0.603125 0.5265625 0.03515625 0.16171875
0 0.3953125 0.3765625 0.025 0.11484375
0 0.64375 0.4703125 0.025 0.1546875
0 0.6578125 0.51796875 0.04140625 0.1625
0 0.690625 0.4859375 0.02890625 0.15390625
0 0.70703125 0.4453125 0.0265625 0.13671875
0 0.7 0.48984375 0.0609375 0.0671875
0 0.74140625 0.434375 0.04296875 0.1359375
0 0.82265625 0.45625 0.021875 0.15234375
0 0.22890625 0.56796875 0.03984375 0.20390625