1 0.59296875 0.88046875 0.059375 0.19765625
1 0.56015625 0.62421875 0.028125 0.13046875
0 0.2421875 0.69375 0.034375 0.1390625
1 0.0796875 0.6140625 0.03671875 0.1171875
1 0.2828125 0.5828125 0.03046875 0.1
0 0.82109375 0.72734375 0.025 0.1359375
0 0.52890625 0.72109375 0.0265625 0.159375
0 0.73671875 0.728125 0.02578125 0.14921875
0 0.75 0.68984375 0.0390625 0.14296875
0 0.6046875 0.6703125 0.01875 0.12421875
0 0.809375 0.6890625 0.0296875 0.13671875
0 0.71015625 0.69140625 0.0296875 0.13984375
0 0.7046875 0.67421875 0.01953125 0.1359375
0 0.6671875 0.7125 0.028125 0.14609375
0 0.684375 0.678125 0.02578125 0.1578125
0 0.6171875 0.6265625 0.021875 0.046875
0 0.8 0.7296875 0.0296875 0.14375
0 0.66796875 0.6296875 0.015625 0.0515625
0 0.65390625 0.61796875 0.02109375 0.03515625
0 0.65078125 0.690625 0.02421875 0.15234375
0 0.62265625 0.6953125 0.03046875 0.14609375
0 0.61015625 0.6078125 0.02734375 0.0390625
0 0.5875 0.70546875 0.03671875 0.15390625
0 0.58125 0.6953125 0.02265625 0.1453125