0 0.10859375 0.334375 0.0828125 0.25546875
1 0.11171875 0.51484375 0.08125 0.32890625
0 0.6671875 0.47421875 0.0625 0.31796875
1 0.84453125 0.9203125 0.078125 0.159375
0 0.7375 0.58671875 0.07890625 0.35859375
0 0.45 0.06015625 0.05 0.1203125
0 0.17109375 0.921875 0.0734375 0.15625
0 0.36328125 0.909375 0.09609375 0.18125
0 0.296875 0.8875 0.090625 0.225
0 0.528125 0.8359375 0.09140625 0.328125
0 0.60859375 0.48828125 0.07734375 0.22265625
0 0.60625 0.6984375 0.06640625 0.33515625
0 0.5859375 0.54453125 0.07265625 0.13203125
0 0.540625 0.63671875 0.0609375 0.07734375
0 0.40625 0.5734375 0.0703125 0.3203125
0 0.45078125 0.63515625 0.09375 0.33203125
0 0.4484375 0.68125 0.09375 0.1390625
0 0.49375 0.68671875 0.053125 0.14453125
0 0.575 0.63515625 0.04296875 0.07578125
0 0.6015625 0.71875 0.15703125 0.08125