0 0.715625 0.3796875 0.05 0.15234375
0 0.396875 0.48125 0.0546875 0.203125
1 0.8921875 0.5140625 0.07578125 0.1828125
0 0.18125 0.3515625 0.03984375 0.159375
0 0.65859375 0.45703125 0.05 0.19296875
0 0.22890625 0.53984375 0.053125 0.21015625
0 0.46875 0.5109375 0.07109375 0.11484375
0 0.25390625 0.5375 0.05234375 0.2109375
0 0.5625 0.37578125 0.0453125 0.16015625
0 0.3765625 0.43046875 0.04765625 0.17890625
0 0.8015625 0.5046875 0.05234375 0.175
0 0.77734375 0.50859375 0.053125 0.19765625
0 0.4015625 0.6796875 0.05390625 0.19453125
1 0.50234375 0.103125 0.0265625 0.096875
0 0.575 0.51328125 0.06875 0.125
1 0.52890625 0.85078125 0.0625 0.22890625
0 0.540625 0.5109375 0.05859375 0.15078125
0 0.53828125 0.39375 0.04609375 0.140625
0 0.459375 0.38359375 0.0484375 0.17890625
0 0.51484375 0.440625 0.05 0.16015625
0 0.5 0.3890625 0.0453125 0.13203125
0 0.46796875 0.39765625 0.0484375 0.175
0 0.484375 0.40234375 0.0421875 0.1546875