1 0.1515625 0.92578125 0.02890625 0.1109375
0 0.55 0.76875 0.0265625 0.06875
0 0.88828125 0.790625 0.025 0.07109375
0 0.47734375 0.72734375 0.025 0.06875
1 0.08359375 0.6765625 0.01796875 0.06640625
0 0.4578125 0.68203125 0.02109375 0.059375
0 0.234375 0.82578125 0.03046875 0.08515625
0 0.82421875 0.63125 0.0171875 0.0546875
0 0.971875 0.70703125 0.01953125 0.06640625
0 0.66015625 0.61484375 0.015625 0.04609375
0 0.2484375 0.7640625 0.02890625 0.0734375
1 0.3296875 0.60390625 0.0171875 0.05390625
0 0.47421875 0.6203125 0.01875 0.05078125
0 0.29140625 0.62109375 0.01875 0.0453125
0 0.46328125 0.646875 0.0203125 0.05078125
0 0.278125 0.65703125 0.02265625 0.0515625
0 0.2703125 0.6375 0.0203125 0.0546875
0 0.25 0.6578125 0.0234375 0.06171875
0 0.2703125 0.68046875 0.0234375 0.05859375
0 0.25546875 0.70546875 0.025 0.0578125
0 0.2546875 0.7328125 0.0234375 0.0671875
0 0.26015625 0.69296875 0.0234375 0.05390625
0 0.25390625 0.7265625 0.025 0.0640625
0 0.42265625 0.5921875 0.01796875 0.04375