0 0.6109375 0.6921875 0.046875 0.14296875
0 0.178125 0.5796875 0.0453125 0.140625
0 0.7765625 0.6359375 0.06015625 0.13046875
0 0.421875 0.534375 0.04453125 0.128125
0 0.225 0.4125 0.03984375 0.1
1 0.3359375 0.5203125 0.03515625 0.1375
0 0.07734375 0.4671875 0.0421875 0.12109375
0 0.48515625 0.484375 0.0515625 0.109375
0 0.7140625 0.47109375 0.0453125 0.1140625
0 0.6125 0.521875 0.05546875 0.115625
0 0.371875 0.5015625 0.04140625 0.121875
0 0.44296875 0.459375 0.0421875 0.10703125
1 0.7703125 0.3859375 0.03203125 0.1109375
0 0.571875 0.5328125 0.05546875 0.1234375
0 0.3921875 0.39453125 0.03515625 0.103125
0 0.515625 0.51875 0.05546875 0.109375
0 0.3546875 0.4109375 0.03984375 0.1
1 0.23515625 0.34140625 0.0296875 0.096875
0 0.69375 0.475 0.04453125 0.121875
0 0.334375 0.37265625 0.03359375 0.09609375
0 0.5515625 0.5125 0.04921875 0.103125
0 0.084375 0.4 0.0328125 0.09140625
0 0.51875 0.478125 0.04609375 0.08203125
0 0.534375 0.49375 0.04375 0.08203125
0 0.4953125 0.47109375 0.03359375 0.078125