0 0.240625 0.471875 0.03515625 0.1453125
1 0.0046875 0.459375 0.009375 0.14140625
1 0.16953125 0.33203125 0.0265625 0.07734375
0 0.7640625 0.425 0.02578125 0.1265625
0 0.67890625 0.45078125 0.03125 0.13203125
0 0.6671875 0.41796875 0.025 0.11171875
0 0.63046875 0.4421875 0.03125 0.13359375
0 0.5828125 0.43671875 0.025 0.12421875
1 0.5984375 0.43359375 0.0234375 0.11171875
0 0.60390625 0.42265625 0.02734375 0.11171875
0 0.540625 0.45 0.02421875 0.14140625
0 0.52578125 0.4703125 0.03046875 0.1390625
0 0.50234375 0.45078125 0.0265625 0.1296875
0 0.48203125 0.4390625 0.0234375 0.1375
0 0.4625 0.4421875 0.03359375 0.13125
0 0.46953125 0.42734375 0.02265625 0.11484375
0 0.51328125 0.41015625 0.02734375 0.12109375
0 0.48828125 0.3875 0.0234375 0.0625
0 0.44296875 0.4359375 0.02578125 0.12265625
0 0.4390625 0.425 0.0203125 0.11953125
0 0.434375 0.3921875 0.0234375 0.11015625
0 0.4171875 0.45703125 0.02734375 0.13359375
0 0.4046875 0.453125 0.01953125 0.1296875
0 0.39921875 0.44296875 0.01875 0.125
0 0.41875 0.4359375 0.0234375 0.11875