1 0.32265625 0.6828125 0.0390625 0.1625
0 0.7578125 0.6921875 0.03984375 0.153125
0 0.66484375 0.67421875 0.04296875 0.171875
0 0.703125 0.7359375 0.046875 0.175
0 0.4296875 0.64609375 0.03671875 0.146875
0 0.8859375 0.6390625 0.040625 0.15
0 0.509375 0.54765625 0.0375 0.13125
1 0.07734375 0.4828125 0.0296875 0.1015625
0 0.89375 0.5875 0.04375 0.13671875
0 0.97734375 0.69765625 0.04375 0.15546875
0 0.7734375 0.64140625 0.03984375 0.153125
0 0.4859375 0.52421875 0.03515625 0.13125
0 0.98515625 0.61328125 0.02890625 0.13671875
0 0.4609375 0.515625 0.0390625 0.1359375
1 0.5765625 0.50234375 0.02890625 0.11015625
0 0.38828125 0.51953125 0.02890625 0.13828125
0 0.546875 0.50859375 0.028125 0.1109375
0 0.55546875 0.525 0.02578125 0.0984375