0 0.03203125 0.59921875 0.0640625 0.2328125
0 0.71328125 0.52578125 0.05625 0.20859375
0 0.096875 0.5625 0.06953125 0.20625
1 0.53984375 0.62109375 0.053125 0.24140625
0 0.1765625 0.4921875 0.08671875 0.14140625
0 0.24453125 0.4890625 0.065625 0.2109375
0 0.22265625 0.63046875 0.0640625 0.24140625
0 0.84765625 0.71328125 0.0625 0.240625
0 0.82734375 0.603125 0.06015625 0.2109375
0 0.50078125 0.4609375 0.0515625 0.175
0 0.2953125 0.6375 0.0671875 0.25234375
1 0.525 0.33046875 0.0484375 0.19375
0 0.5890625 0.70859375 0.06640625 0.11875
0 0.459375 0.47265625 0.059375 0.178125