0 0.28359375 0.60703125 0.04375 0.1546875
0 0.14375 0.765625 0.04375 0.1765625
0 0.3875 0.56484375 0.0328125 0.14453125
0 0.77109375 0.5703125 0.0453125 0.16171875
0 0.73125 0.5828125 0.03828125 0.1421875
1 0.07265625 0.9125 0.05 0.175
0 0.33203125 0.59296875 0.034375 0.14609375
1 0.04609375 0.5140625 0.034375 0.1734375
0 0.753125 0.49453125 0.03828125 0.13515625
1 0.88671875 0.41875 0.02734375 0.103125
0 0.50234375 0.62265625 0.03984375 0.15546875
0 0.546875 0.5609375 0.03671875 0.15
0 0.6859375 0.6140625 0.040625 0.14140625
0 0.63671875 0.6046875 0.0421875 0.15
0 0.49453125 0.58046875 0.034375 0.146875
1 0.603125 0.58671875 0.03359375 0.15078125
0 0.51328125 0.5671875 0.03203125 0.13828125
0 0.67421875 0.5546875 0.03828125 0.13515625
0 0.5953125 0.55234375 0.03203125 0.1328125
0 0.675 0.61015625 0.040625 0.140625
0 0.66875 0.5765625 0.03671875 0.13984375
0 0.57109375 0.5609375 0.02109375 0.14140625
0 0.58359375 0.5859375 0.02578125 0.159375
0 0.6328125 0.61015625 0.03828125 0.0921875