0 0.71875 0.56328125 0.0671875 0.159375
0 0.596875 0.73671875 0.078125 0.209375
0 0.38125 0.55078125 0.0484375 0.15
0 0.7109375 0.3609375 0.04453125 0.1203125
0 0.1 0.409375 0.034375 0.1546875
0 0.228125 0.73671875 0.04453125 0.209375
0 0.43046875 0.4390625 0.0421875 0.125
0 0.553125 0.465625 0.0625 0.096875
0 0.81015625 0.42890625 0.03984375 0.13828125
0 0.64765625 0.4609375 0.04921875 0.1078125
1 0.24765625 0.4109375 0.03359375 0.146875
0 0.44140625 0.28828125 0.0359375 0.109375
0 0.62421875 0.42578125 0.05234375 0.0953125
1 0.48671875 0.94765625 0.0703125 0.1046875
0 0.8046875 0.38203125 0.0375 0.125
0 0.6609375 0.40546875 0.04453125 0.10390625
0 0.575 0.41171875 0.05 0.07578125
1 0.6359375 0.2453125 0.03046875 0.115625
0 0.434375 0.40703125 0.025 0.14375
0 0.5546875 0.41875 0.05078125 0.07578125
0 0.57578125 0.3828125 0.046875 0.06796875
0 0.64140625 0.409375 0.05 0.08359375
0 0.6609375 0.38515625 0.03984375 0.08515625
0 0.6453125 0.43515625 0.0421875 0.078125
0 0.42890625 0.384375 0.02890625 0.14140625