0 0.9421875 0.64609375 0.065625 0.20078125
0 0.31640625 0.5109375 0.0421875 0.1578125
0 0.1796875 0.390625 0.03828125 0.15703125
0 0.59375 0.5359375 0.0515625 0.178125
0 0.346875 0.365625 0.03828125 0.13828125
1 0.47890625 0.346875 0.03515625 0.13125
0 0.05390625 0.45234375 0.0484375 0.159375
0 0.8546875 0.45234375 0.0421875 0.14765625
0 0.53203125 0.48984375 0.03984375 0.1515625
0 0.01796875 0.43515625 0.0359375 0.16328125
0 0.0859375 0.446875 0.046875 0.16875
0 0.23203125 0.3078125 0.03828125 0.1296875
0 0.1234375 0.6875 0.06484375 0.203125
0 0.42890625 0.54375 0.06171875 0.125
0 0.6359375 0.41640625 0.04609375 0.1453125
0 0.23515625 0.2765625 0.03359375 0.09921875
0 0.0703125 0.3515625 0.0375 0.1390625
0 0.0875 0.32421875 0.0359375 0.125
0 0.58125 0.45234375 0.04453125 0.0953125
0 0.5859375 0.48203125 0.04140625 0.11640625
0 0.01953125 0.41171875 0.03828125 0.140625
0 0.08046875 0.35859375 0.0375 0.1390625
0 0.52890625 0.46328125 0.03984375 0.1375