0 0.73515625 0.4796875 0.0453125 0.1296875
0 0.6984375 0.59453125 0.05 0.134375
1 0.8125 0.525 0.03671875 0.15703125
0 0.21328125 0.52578125 0.0515625 0.1296875
0 0.2921875 0.4328125 0.04375 0.13984375
1 0.63984375 0.35390625 0.03671875 0.11953125
0 0.6625 0.4875 0.046875 0.125
0 0.5625 0.53515625 0.04453125 0.10546875
0 0.33671875 0.51875 0.05234375 0.12109375
0 0.50390625 0.59296875 0.0609375 0.10234375
0 0.79375 0.421875 0.05234375 0.115625
0 0.3890625 0.50390625 0.04921875 0.1109375
0 0.70078125 0.56640625 0.0484375 0.10625
0 0.225 0.4953125 0.04609375 0.1125
0 0.51171875 0.48671875 0.05078125 0.1125
0 0.46484375 0.50859375 0.046875 0.1296875
0 0.35 0.43515625 0.04375 0.10078125
0 0.4265625 0.5125 0.05078125 0.11953125
0 0.34453125 0.4875 0.04765625 0.10234375
0 0.49765625 0.55625 0.0515625 0.1125
0 0.43125 0.465625 0.04609375 0.0953125
0 0.7796875 0.421875 0.04609375 0.1125
0 0.4 0.4765625 0.04765625 0.09765625
0 0.4109375 0.46796875 0.046875 0.0890625