0 0.41328125 0.56171875 0.0375 0.121875
0 0.6078125 0.5328125 0.03359375 0.10078125
0 0.57890625 0.6984375 0.04375 0.16796875
0 0.79921875 0.684375 0.03203125 0.159375
0 0.30859375 0.49609375 0.028125 0.0984375
1 0.803125 0.88671875 0.03359375 0.19296875
0 0.48828125 0.51015625 0.04296875 0.06640625
0 0.6453125 0.44921875 0.02734375 0.10390625
0 0.8203125 0.50625 0.01796875 0.125
0 0.45 0.48125 0.03671875 0.0609375
0 0.3578125 0.4546875 0.03203125 0.0640625
0 0.51015625 0.46640625 0.02734375 0.08515625
0 0.4328125 0.45625 0.03125 0.05859375
1 0.6953125 0.32265625 0.015625 0.0796875
0 0.4984375 0.42109375 0.0203125 0.09375
0 0.30234375 0.3796875 0.0328125 0.07890625
0 0.40390625 0.5125 0.0328125 0.07578125
0 0.26171875 0.465625 0.015625 0.11796875
1 0.60859375 0.421875 0.01953125 0.1046875
0 0.43671875 0.3734375 0.02265625 0.0703125
0 0.3875 0.47734375 0.01875 0.11015625
0 0.37421875 0.47265625 0.0328125 0.065625
0 0.61484375 0.396875 0.0171875 0.0984375
1 0.3015625 0.34609375 0.0171875 0.0875
0 0.396875 0.48046875 0.028125 0.071875
0 0.26015625 0.4609375 0.02265625 0.10078125