0 0.8046875 0.6296875 0.0546875 0.13359375
0 0.41015625 0.63515625 0.0453125 0.11796875
0 0.5140625 0.53125 0.04375 0.08828125
0 0.3375 0.53125 0.03828125 0.0984375
0 0.3234375 0.665625 0.0421875 0.15703125
0 0.66171875 0.56328125 0.0453125 0.12109375
0 0.89375 0.703125 0.06171875 0.14765625
0 0.7078125 0.78828125 0.05625 0.1546875
0 0.58203125 0.48515625 0.0375 0.125
0 0.4171875 0.5265625 0.0453125 0.084375
0 0.0828125 0.5203125 0.04140625 0.125
0 0.546875 0.5453125 0.03984375 0.08671875
0 0.36953125 0.50859375 0.04375 0.084375
0 0.45859375 0.5578125 0.0515625 0.09296875
0 0.34609375 0.43984375 0.03828125 0.10078125
0 0.5453125 0.48046875 0.03515625 0.0953125
1 0.66796875 0.41796875 0.028125 0.1
1 0.234375 0.39921875 0.02578125 0.096875
0 0.1484375 0.4453125 0.03359375 0.1125
0 0.44140625 0.496875 0.03828125 0.07265625
0 0.246875 0.49453125 0.03828125 0.10703125
0 0.23125 0.56640625 0.04296875 0.1140625
0 0.47421875 0.51953125 0.040625 0.07890625
1 0.21875 0.54765625 0.03984375 0.0984375
0 0.4640625 0.50390625 0.0375 0.0703125