0 0.34140625 0.70546875 0.02890625 0.1203125
1 0.16796875 0.628125 0.02734375 0.11484375
0 0.85546875 0.71953125 0.03984375 0.12578125
0 0.675 0.69140625 0.0375 0.08359375
0 0.70859375 0.68125 0.0390625 0.103125
0 0.73984375 0.7359375 0.03671875 0.0921875
1 0.31953125 0.6015625 0.0265625 0.11328125
0 0.53515625 0.73125 0.0375 0.09921875
0 0.478125 0.7203125 0.04375 0.07421875
0 0.4890625 0.65 0.03125 0.1078125
0 0.4078125 0.7140625 0.03984375 0.12578125
0 0.6515625 0.69296875 0.03671875 0.0890625
0 0.51328125 0.70703125 0.03828125 0.0796875
0 0.62421875 0.68828125 0.03515625 0.10078125
0 0.53828125 0.65078125 0.0328125 0.0890625
1 0.3921875 0.68046875 0.0359375 0.11484375
0 0.62265625 0.64140625 0.0328125 0.09921875
0 0.58828125 0.69921875 0.03828125 0.08515625
0 0.44609375 0.69921875 0.0359375 0.11328125
0 0.409375 0.6625 0.0328125 0.09609375
0 0.43125 0.56796875 0.028125 0.09921875
0 0.5671875 0.70546875 0.0375 0.08671875
0 0.54765625 0.70703125 0.0375 0.08515625
0 0.43046875 0.70390625 0.03515625 0.11171875
0 0.57734375 0.684375 0.03828125 0.0640625