0 0.7671875 0.41171875 0.04375 0.13203125
0 0.71171875 0.36171875 0.0421875 0.11328125
0 0.73203125 0.53515625 0.0328125 0.17109375
0 0.684375 0.4875 0.0390625 0.13984375
0 0.89921875 0.3390625 0.03671875 0.1234375
0 0.42890625 0.41484375 0.06015625 0.10859375
1 0.040625 0.446875 0.02890625 0.1421875
0 0.17734375 0.60546875 0.05859375 0.15625
0 0.53671875 0.49140625 0.05625 0.140625
0 0.675 0.39140625 0.0625 0.10078125
1 0.1234375 0.67734375 0.06796875 0.16015625
1 0.99609375 0.15703125 0.00703125 0.0921875
0 0.45625 0.36875 0.0265625 0.1328125
0 0.6453125 0.4078125 0.05546875 0.11171875
0 0.49375 0.5328125 0.04765625 0.15703125
0 0.57421875 0.42421875 0.02578125 0.0828125
0 0.54765625 0.3953125 0.02578125 0.13671875
0 0.46015625 0.49453125 0.075 0.13125
0 0.61875 0.3703125 0.03203125 0.09765625
0 0.51796875 0.45078125 0.0296875 0.109375
0 0.640625 0.3625 0.05 0.090625
0 0.60234375 0.403125 0.025 0.09140625
0 0.64921875 0.353125 0.0328125 0.0703125
0 0.47265625 0.7203125 0.04921875 0.15625
0 0.559375 0.45078125 0.053125 0.096875