0 0.65234375 0.7171875 0.05078125 0.17109375
0 0.675 0.60390625 0.05078125 0.16171875
0 0.88046875 0.69140625 0.04921875 0.1640625
0 0.584375 0.69375 0.08046875 0.1234375
0 0.28828125 0.44140625 0.06171875 0.1203125
0 0.38515625 0.69296875 0.05625 0.1703125
0 0.253125 0.625 0.04921875 0.17421875
0 0.88515625 0.4625 0.03671875 0.15625
0 0.46953125 0.4328125 0.05078125 0.13046875
0 0.2265625 0.61328125 0.05390625 0.15546875
0 0.51015625 0.34921875 0.04140625 0.11015625
1 0.76796875 0.4921875 0.040625 0.15625
0 0.31171875 0.353125 0.0484375 0.11328125
0 0.64453125 0.546875 0.04765625 0.15
0 0.49609375 0.72734375 0.0796875 0.16796875
0 0.52421875 0.58359375 0.06328125 0.0953125
0 0.42578125 0.6140625 0.06484375 0.13125
0 0.6328125 0.66328125 0.0515625 0.15625
0 0.48046875 0.6203125 0.065625 0.10390625
0 0.55 0.64140625 0.06640625 0.1015625
1 0.30859375 0.27578125 0.0328125 0.109375
0 0.3953125 0.59140625 0.0640625 0.11796875
1 0.78984375 0.96875 0.04609375 0.06171875
0 0.46171875 0.66953125 0.0625 0.11796875
0 0.47890625 0.690625 0.06953125 0.121875