1 0.88125 0.33671875 0.07109375 0.27578125
0 0.059375 0.4140625 0.08125 0.2984375
0 0.53125 0.0953125 0.0515625 0.18984375
0 0.8421875 0.5625 0.078125 0.28515625
0 0.24296875 0.35390625 0.0796875 0.26953125
1 0.025 0.0328125 0.0359375 0.065625
0 0.028125 0.53984375 0.05625 0.29375
0 0.23203125 0.86953125 0.08203125 0.2609375
0 0.2421875 0.65703125 0.07109375 0.3265625
0 0.30390625 0.58671875 0.06328125 0.30703125
0 0.39296875 0.63046875 0.07109375 0.3296875
0 0.40546875 0.4484375 0.04375 0.14140625
0 0.47890625 0.5765625 0.05625 0.35390625
0 0.509375 0.640625 0.046875 0.32578125
0 0.9109375 0.728125 0.078125 0.37421875
0 0.55 0.6390625 0.0453125 0.35
0 0.5921875 0.5234375 0.0453125 0.22890625
0 0.63125 0.753125 0.07890625 0.3859375
0 0.6625 0.625 0.0484375 0.31875
0 0.6875 0.59453125 0.04921875 0.31171875
0 0.68359375 0.42109375 0.04921875 0.134375
0 0.63671875 0.4859375 0.03984375 0.2015625