0 0.29296875 0.52734375 0.03203125 0.1234375
0 0.40234375 0.5765625 0.02734375 0.14921875
0 0.1015625 0.4984375 0.0234375 0.115625
1 0.07109375 0.825 0.03984375 0.20625
0 0.203125 0.50234375 0.02890625 0.12109375
0 0.46328125 0.54140625 0.025 0.13203125
0 0.4921875 0.54140625 0.028125 0.12578125
0 0.5703125 0.53828125 0.0296875 0.128125
0 0.82578125 0.503125 0.03515625 0.1234375
0 0.4359375 0.55078125 0.02890625 0.13515625
1 0.771875 0.6015625 0.0328125 0.13203125
1 0.51015625 0.38046875 0.02421875 0.09609375
1 0.84921875 0.41796875 0.03125 0.1171875
0 0.734375 0.521875 0.03671875 0.1203125
0 0.67890625 0.44765625 0.01953125 0.05625
0 0.52734375 0.55546875 0.0234375 0.13125
0 0.53046875 0.5109375 0.02421875 0.13046875
1 0.60078125 0.51171875 0.0203125 0.115625
0 0.58828125 0.50078125 0.01640625 0.12265625
0 0.61953125 0.446875 0.015625 0.03671875
0 0.6703125 0.4625 0.0171875 0.02578125
0 0.615625 0.51640625 0.028125 0.11796875
0 0.6484375 0.50234375 0.021875 0.11328125
0 0.6234375 0.4875 0.01875 0.0796875
0 0.67265625 0.53515625 0.03359375 0.1375