0 0.9640625 0.6625 0.0515625 0.15
1 0.821875 0.76640625 0.046875 0.171875
0 0.69375 0.54765625 0.0421875 0.12890625
1 0.2078125 0.25390625 0.03046875 0.0890625
0 0.1515625 0.53984375 0.046875 0.109375
0 0.2390625 0.52734375 0.0484375 0.1015625
1 0.5390625 0.44609375 0.03359375 0.125
0 0.33984375 0.4171875 0.0390625 0.10390625
0 0.27421875 0.496875 0.0375 0.1109375
0 0.221875 0.471875 0.04140625 0.1015625
0 0.7203125 0.725 0.04375 0.15546875
0 0.234375 0.459375 0.0390625 0.09609375
0 0.53984375 0.5578125 0.028125 0.140625
0 0.503125 0.52734375 0.0390625 0.11796875
0 0.4640625 0.546875 0.0421875 0.12890625
0 0.45390625 0.5140625 0.0421875 0.11953125
0 0.4265625 0.59921875 0.03984375 0.14609375
0 0.37890625 0.57734375 0.0265625 0.1234375
0 0.3828125 0.525 0.04296875 0.121875
0 0.3296875 0.540625 0.03515625 0.12890625
0 0.309375 0.51328125 0.03828125 0.10703125
0 0.35 0.49140625 0.03515625 0.1359375
0 0.3546875 0.503125 0.03359375 0.096875
0 0.34375 0.47734375 0.02421875 0.0734375
0 0.28828125 0.509375 0.028125 0.134375