0 0.56953125 0.58203125 0.04609375 0.14921875
1 0.28671875 0.33203125 0.02734375 0.1
0 0.8796875 0.440625 0.03984375 0.125
0 0.66796875 0.5765625 0.04765625 0.14765625
1 0.3671875 0.45859375 0.0390625 0.1234375
0 0.9171875 0.4359375 0.0453125 0.11875
0 0.00703125 0.4203125 0.0140625 0.11875
0 0.58671875 0.4515625 0.03828125 0.140625
0 0.81640625 0.44765625 0.03515625 0.125
0 0.553125 0.471875 0.03671875 0.1390625
0 0.79453125 0.4140625 0.03359375 0.11484375
0 0.76171875 0.38828125 0.025 0.11015625
0 0.76171875 0.40078125 0.034375 0.11484375
1 0.84765625 0.3765625 0.03046875 0.11484375
0 0.80625 0.3984375 0.03203125 0.103125
0 0.56640625 0.4515625 0.034375 0.12578125