0 0.16953125 0.6828125 0.06640625 0.1859375
1 0.521875 0.93203125 0.06171875 0.1265625
0 0.74375 0.68671875 0.059375 0.16171875
0 0.3515625 0.6390625 0.05078125 0.153125
0 0.7546875 0.49609375 0.04140625 0.15703125
0 0.60703125 0.52265625 0.05390625 0.14921875
0 0.3296875 0.55859375 0.04921875 0.15859375
1 0.01796875 0.65703125 0.03515625 0.16640625
0 0.55390625 0.49609375 0.06171875 0.15390625
0 0.19765625 0.69140625 0.06484375 0.2015625
0 0.4203125 0.634375 0.0578125 0.1453125
0 0.66796875 0.625 0.05859375 0.16328125
1 0.46484375 0.228125 0.03046875 0.10078125
0 0.3828125 0.503125 0.0546875 0.13515625
0 0.325 0.4671875 0.04609375 0.14140625
0 0.51640625 0.55625 0.065625 0.153125
0 0.70703125 0.621875 0.05703125 0.1296875
0 0.40703125 0.51484375 0.05546875 0.1296875
0 0.43359375 0.58046875 0.06171875 0.109375
0 0.48203125 0.56328125 0.05625 0.13046875
0 0.65625 0.59296875 0.05078125 0.1390625
0 0.48125 0.63125 0.07578125 0.0953125
0 0.43828125 0.5515625 0.05625 0.1046875
0 0.71484375 0.665625 0.05234375 0.14375
0 0.72578125 0.67734375 0.05625 0.15078125