0 0.59453125 0.64921875 0.03125 0.14140625
0 0.0765625 0.715625 0.0390625 0.15703125
0 0.05234375 0.6515625 0.04375 0.15078125
1 0.690625 0.69609375 0.03671875 0.159375
0 0.2890625 0.74140625 0.04296875 0.16953125
0 0.35625 0.6828125 0.03515625 0.146875
0 0.01796875 0.6109375 0.0359375 0.128125
0 0.54375 0.5609375 0.03515625 0.11328125
0 0.31640625 0.684375 0.03984375 0.15703125
0 0.24453125 0.653125 0.03828125 0.153125
0 0.65859375 0.52578125 0.03046875 0.128125
0 0.259375 0.70703125 0.04140625 0.15078125
1 0.3484375 0.50703125 0.02421875 0.103125
0 0.7421875 0.50078125 0.0296875 0.10625
0 0.56328125 0.515625 0.03359375 0.11171875
0 0.50859375 0.5265625 0.0328125 0.1109375
0 0.4921875 0.53125 0.03046875 0.1015625