0 0.6484375 0.42265625 0.04453125 0.1515625
0 0.240625 0.4140625 0.0453125 0.14609375
0 0.721875 0.415625 0.0421875 0.14296875
0 0.91953125 0.484375 0.04453125 0.16171875
0 0.17421875 0.44765625 0.0375 0.1515625
0 0.109375 0.3671875 0.034375 0.13671875
0 0.3953125 0.47109375 0.0328125 0.16015625
0 0.9890625 0.47109375 0.02109375 0.12265625
0 0.45234375 0.42265625 0.034375 0.140625
1 0.15546875 0.88515625 0.1140625 0.2296875
1 0.4625 0.23671875 0.0296875 0.10078125
0 0.53984375 0.47890625 0.04375 0.1625
0 0.41875 0.46171875 0.0375 0.15390625
1 0.8375 0.24453125 0.0328125 0.10625
0 0.6046875 0.4296875 0.0421875 0.1296875
0 0.01953125 0.48203125 0.03828125 0.16171875
0 0.340625 0.42734375 0.03515625 0.16328125
0 0.59375 0.51171875 0.04375 0.16328125
0 0.00546875 0.41015625 0.0109375 0.1546875
0 0.034375 0.48671875 0.040625 0.159375
1 0.33203125 0.46484375 0.03515625 0.15
0 0.32265625 0.45390625 0.04140625 0.159375