0 0.71953125 0.76328125 0.03046875 0.084375
1 0.759375 0.71796875 0.02421875 0.08671875
0 0.44921875 0.8140625 0.0296875 0.10625
0 0.421875 0.75546875 0.02578125 0.0890625
0 0.6359375 0.81875 0.028125 0.0890625
0 0.496875 0.77421875 0.0234375 0.08828125
0 0.384375 0.7234375 0.02734375 0.08203125
0 0.59375 0.82890625 0.03125 0.09609375
0 0.4640625 0.75 0.0265625 0.09609375
0 0.440625 0.71953125 0.02265625 0.084375
0 0.40859375 0.8078125 0.02734375 0.09296875
1 0.42734375 0.63984375 0.01953125 0.06328125
0 0.14453125 0.7203125 0.02578125 0.08671875
0 0.61796875 0.828125 0.0296875 0.0953125
0 0.64453125 0.76796875 0.03203125 0.0921875
0 0.68125 0.84453125 0.04453125 0.06171875
0 0.57890625 0.7734375 0.028125 0.096875
0 0.45234375 0.7703125 0.028125 0.090625
0 0.628125 0.7296875 0.02421875 0.0796875
0 0.39140625 0.8015625 0.0265625 0.096875
0 0.4 0.7203125 0.025 0.07421875
0 0.146875 0.74140625 0.02734375 0.08125
0 0.39453125 0.77578125 0.0265625 0.071875
0 0.21796875 0.21484375 0.0578125 0.0859375