0 0.5265625 0.51953125 0.04453125 0.11640625
0 0.396875 0.39375 0.03984375 0.13046875
0 0.65703125 0.46484375 0.03984375 0.128125
0 0.57890625 0.51171875 0.0421875 0.13046875
0 0.4 0.496875 0.0546875 0.08828125
0 0.27578125 0.4828125 0.04453125 0.08828125
0 0.7390625 0.51328125 0.04296875 0.14609375
0 0.459375 0.50859375 0.04921875 0.14765625
1 0.58984375 0.3578125 0.03359375 0.11953125
0 0.5984375 0.46796875 0.0390625 0.12890625
0 0.55859375 0.50546875 0.040625 0.13046875
0 0.61171875 0.40546875 0.040625 0.109375
0 0.34765625 0.49765625 0.04296875 0.10625
0 0.534375 0.4484375 0.04296875 0.12109375
0 0.30390625 0.4484375 0.0390625 0.109375
0 0.36796875 0.4671875 0.04375 0.13046875
0 0.3171875 0.41171875 0.03671875 0.10234375
1 0.70859375 0.49296875 0.03984375 0.13671875
0 0.30546875 0.47734375 0.040625 0.1109375
0 0.696875 0.47890625 0.0375 0.1453125
0 0.60703125 0.41796875 0.03984375 0.1125
0 0.325 0.46484375 0.04140625 0.1265625