0 0.4140625 0.746875 0.02265625 0.07109375
0 0.640625 0.76328125 0.0234375 0.06640625
0 0.65390625 0.7484375 0.02265625 0.06640625
0 0.56484375 0.671875 0.01796875 0.05390625
0 0.48359375 0.7828125 0.02890625 0.0734375
0 0.36875 0.71796875 0.0203125 0.05703125
0 0.3515625 0.725 0.02109375 0.06328125
0 0.48359375 0.696875 0.01953125 0.06484375
0 0.57890625 0.76796875 0.02421875 0.065625
0 0.79765625 0.73828125 0.01875 0.05546875
0 0.278125 0.67890625 0.0171875 0.0515625
0 0.6859375 0.696875 0.01953125 0.05390625
1 0.553125 0.62265625 0.01640625 0.04921875
0 0.496875 0.7390625 0.021875 0.06015625
0 0.31640625 0.76796875 0.021875 0.075
1 0.7671875 0.6734375 0.0171875 0.059375
0 0.3078125 0.675 0.01640625 0.05703125
0 0.30390625 0.73828125 0.02109375 0.06328125
0 0.440625 0.728125 0.0203125 0.06171875
0 0.24375 0.68046875 0.0171875 0.05078125
0 0.5078125 0.7484375 0.021875 0.06484375
0 0.4328125 0.71953125 0.0203125 0.06015625
0 0.184375 0.7140625 0.01953125 0.06015625
0 0.18125 0.70859375 0.01953125 0.0546875