0 0.23359375 0.4015625 0.05 0.125
0 0.28671875 0.34765625 0.04609375 0.11171875
0 0.31796875 0.475 0.03671875 0.146875
0 0.2671875 0.52734375 0.03671875 0.16875
0 0.09765625 0.328125 0.040625 0.125
1 0.96484375 0.4359375 0.0296875 0.15
0 0.56328125 0.4 0.06875 0.11796875
1 0.8796875 0.675 0.06875 0.18359375
0 0.51484375 0.5234375 0.04296875 0.159375
0 0.36875 0.39765625 0.04140625 0.1203125
0 0.5390625 0.35 0.02734375 0.12734375
0 0.4734375 0.478125 0.0453125 0.14453125
0 0.3265625 0.375 0.0703125 0.09921875
0 0.42265625 0.40546875 0.03046875 0.053125
0 0.45625 0.37734375 0.028125 0.13046875
0 0.821875 0.5953125 0.06640625 0.15234375
0 0.44609375 0.39921875 0.0265625 0.10546875
0 0.40234375 0.3984375 0.03984375 0.1078125
0 0.52265625 0.484375 0.0578125 0.13046875
0 0.37265625 0.35546875 0.0328125 0.09140625
0 0.434375 0.43984375 0.0625 0.10546875
0 0.34375 0.353125 0.03203125 0.10078125
0 0.46796875 0.43203125 0.034375 0.1
0 0.53125 0.72109375 0.08203125 0.17734375