0 0.18203125 0.56484375 0.0453125 0.1625
0 0.0734375 0.45625 0.04609375 0.15703125
1 0.02734375 0.85859375 0.04921875 0.24765625
0 0.23828125 0.5265625 0.0421875 0.16953125
0 0.7890625 0.634375 0.05 0.17578125
0 0.7390625 0.575 0.0484375 0.16328125
0 0.440625 0.5859375 0.05234375 0.1640625
0 0.34765625 0.53125 0.04375 0.165625
0 0.29765625 0.4796875 0.0421875 0.16015625
1 0.73828125 0.29453125 0.034375 0.13046875
0 0.83984375 0.56953125 0.04453125 0.1796875
0 0.5015625 0.559375 0.0453125 0.1734375
1 0.1875 0.2375 0.03046875 0.1140625
0 0.2046875 0.4984375 0.04375 0.1640625
0 0.559375 0.48125 0.04921875 0.1515625
1 0.41875 0.57421875 0.046875 0.14609375
0 0.6828125 0.55234375 0.0484375 0.17734375
0 0.71953125 0.51953125 0.04296875 0.16328125
0 0.68203125 0.48828125 0.0453125 0.12109375
0 0.37578125 0.4890625 0.04140625 0.15
0 0.640625 0.57421875 0.05 0.1734375
0 0.42265625 0.471875 0.0390625 0.13203125
0 0.8140625 0.546875 0.0375 0.1828125
0 0.4140625 0.428125 0.0265625 0.1421875
0 0.43125 0.396875 0.02421875 0.1390625