0 0.73203125 0.46171875 0.04453125 0.12890625
0 0.5171875 0.41328125 0.03046875 0.11328125
0 0.6109375 0.3828125 0.02890625 0.10625
0 0.584375 0.40078125 0.03359375 0.10390625
0 0.6875 0.39296875 0.03125 0.0984375
0 0.265625 0.4 0.0234375 0.09765625
0 0.41796875 0.43125 0.03203125 0.1171875
1 0.77109375 0.31875 0.02578125 0.0671875
0 0.0921875 0.42109375 0.0328125 0.12578125
0 0.1265625 0.428125 0.03828125 0.115625
0 0.25234375 0.4515625 0.03828125 0.1140625
0 0.44765625 0.38828125 0.03203125 0.1
0 0.475 0.43671875 0.03359375 0.115625
0 0.359375 0.39609375 0.034375 0.075
0 0.2140625 0.440625 0.03515625 0.10703125
0 0.4671875 0.4125 0.03359375 0.10390625
0 0.3375 0.41484375 0.0328125 0.04453125
0 0.4140625 0.39296875 0.0265625 0.103125
0 0.340625 0.41484375 0.0359375 0.05859375
0 0.30703125 0.39609375 0.03515625 0.07734375
0 0.29765625 0.4234375 0.0265625 0.10546875
0 0.340625 0.4125 0.03515625 0.04921875
0 0.29140625 0.3859375 0.025 0.09453125
1 0.996875 0.353125 0.00546875 0.0375