1 0.05546875 0.48984375 0.040625 0.1484375
0 0.653125 0.49296875 0.0421875 0.1359375
1 0.56875 0.3890625 0.0359375 0.121875
0 0.5046875 0.5265625 0.05078125 0.11640625
0 0.53515625 0.478125 0.0375 0.1359375
0 0.5578125 0.48046875 0.0359375 0.13359375
0 0.4578125 0.51640625 0.04140625 0.1140625
0 0.259375 0.434375 0.03828125 0.115625
0 0.4921875 0.475 0.040625 0.121875
0 0.2609375 0.49765625 0.04140625 0.12890625
0 0.3703125 0.5140625 0.03984375 0.10859375
0 0.3234375 0.48046875 0.0375 0.1140625
0 0.35703125 0.465625 0.040625 0.1109375
0 0.43125 0.49375 0.04375 0.115625
0 0.54296875 0.43046875 0.0375 0.1140625
0 0.32578125 0.40234375 0.0359375 0.09296875
0 0.4921875 0.45078125 0.0375 0.10703125
0 0.3578125 0.42890625 0.0375 0.103125
0 0.303125 0.4859375 0.03984375 0.1140625
0 0.41796875 0.46953125 0.0390625 0.1140625
0 0.303125 0.42734375 0.03515625 0.090625
0 0.38046875 0.51640625 0.0390625 0.1140625
0 0.284375 0.45859375 0.03828125 0.1109375
0 0.421875 0.43984375 0.03828125 0.090625
0 0.2890625 0.428125 0.03515625 0.09140625
0 0.459375 0.48515625 0.03984375 0.10703125