0 0.92890625 0.55234375 0.084375 0.32734375
0 0.8390625 0.5140625 0.07421875 0.30625
0 0.50234375 0.08671875 0.046875 0.1734375
1 0.97578125 0.0328125 0.0328125 0.06484375
0 0.98125 0.29609375 0.03671875 0.27421875
0 0.64140625 0.8234375 0.0703125 0.3484375
0 0.259375 0.828125 0.06875 0.34375
0 0.26015625 0.63984375 0.06796875 0.22890625
0 0.20390625 0.625 0.05859375 0.3046875
0 0.31328125 0.42734375 0.06640625 0.13828125
0 0.3078125 0.57734375 0.0515625 0.303125
0 0.36328125 0.51484375 0.0484375 0.11875
0 0.59296875 0.6140625 0.08671875 0.3125
0 0.60234375 0.55078125 0.0640625 0.31015625
0 0.5296875 0.7203125 0.078125 0.35390625
0 0.515625 0.45859375 0.05078125 0.096875
0 0.465625 0.63515625 0.05625 0.32578125
0 0.4421875 0.52109375 0.04609375 0.16875
0 0.51640625 0.58046875 0.05 0.17265625
0 0.4625 0.73359375 0.20078125 0.06015625
1 0.36015625 0.79296875 0.065625 0.3640625
0 0.34140625 0.69765625 0.07578125 0.3328125
1 0.00859375 0.3234375 0.0171875 0.25625
1 0.56015625 0.590625 0.06640625 0.31015625