1 0.88515625 0.3359375 0.0625 0.26953125
0 0.2265625 0.35625 0.08359375 0.25859375
0 0.52578125 0.09765625 0.05625 0.1953125
0 0.8328125 0.56328125 0.07109375 0.28359375
0 0.0671875 0.43125 0.08046875 0.28125
0 0.0265625 0.54921875 0.053125 0.28515625
1 0.028125 0.0359375 0.0359375 0.07109375
0 0.265625 0.646875 0.046875 0.31328125
0 0.88828125 0.74375 0.1109375 0.34296875
0 0.25078125 0.86640625 0.0875 0.253125
0 0.3203125 0.58046875 0.08046875 0.3125
0 0.3984375 0.63125 0.07109375 0.33046875
0 0.40234375 0.4375 0.05 0.1390625
0 0.6828125 0.42265625 0.0609375 0.12578125
0 0.67734375 0.46796875 0.059375 0.06484375
0 0.66953125 0.596875 0.06171875 0.2765625
0 0.59921875 0.5109375 0.0453125 0.19609375
0 0.6328125 0.478125 0.03359375 0.165625
0 0.634375 0.74765625 0.06796875 0.396875
0 0.54609375 0.621875 0.0390625 0.328125
0 0.50390625 0.63671875 0.0578125 0.30546875
0 0.4796875 0.56640625 0.0375 0.334375
0 0.5421875 0.65078125 0.06015625 0.15859375
1 0.45390625 0.596875 0.04765625 0.34140625