0 0.70625 0.59296875 0.0609375 0.171875
0 0.3765625 0.48203125 0.04453125 0.15546875
0 0.60625 0.51875 0.05625 0.11796875
0 0.5234375 0.23515625 0.04921875 0.1265625
0 0.3546875 0.434375 0.04453125 0.1484375
1 0.8453125 0.3140625 0.03984375 0.13359375
0 0.4296875 0.3609375 0.0515625 0.13046875
0 0.4515625 0.4234375 0.05234375 0.10859375
0 0.09921875 0.59140625 0.0546875 0.146875
0 0.5484375 0.47109375 0.05078125 0.1140625
0 0.278125 0.715625 0.05 0.2109375
0 0.484375 0.5484375 0.05390625 0.1390625
0 0.6953125 0.75078125 0.0625 0.184375
0 0.1390625 0.36171875 0.03671875 0.1515625
0 0.265625 0.2171875 0.03125 0.1125
1 0.1203125 0.53359375 0.04453125 0.175
0 0.48671875 0.478125 0.059375 0.103125
0 0.58046875 0.4828125 0.046875 0.109375
0 0.50625 0.52578125 0.05546875 0.1234375
0 0.74921875 0.42265625 0.0359375 0.16796875
1 0.3890625 0.12421875 0.0296875 0.10390625
0 0.553125 0.3796875 0.04921875 0.07890625
0 0.5640625 0.41484375 0.04609375 0.08203125
0 0.7578125 0.4109375 0.0359375 0.153125
0 0.5671875 0.3953125 0.05859375 0.059375