0 0.1421875 0.496875 0.0453125 0.171875
0 0.453125 0.41953125 0.04140625 0.17109375
1 0.0484375 0.81953125 0.065625 0.2234375
0 0.28671875 0.4765625 0.04609375 0.17421875
0 0.67578125 0.71484375 0.04609375 0.21328125
0 0.496875 0.396875 0.03515625 0.1640625
0 0.36796875 0.44921875 0.04375 0.16796875
1 0.2484375 0.13984375 0.0265625 0.109375
0 0.53671875 0.29296875 0.03046875 0.134375
1 0.378125 0.4640625 0.034375 0.16875
0 0.2671875 0.3890625 0.02890625 0.15234375
0 0.26875 0.33046875 0.03125 0.13046875
1 0.815625 0.1921875 0.0359375 0.11796875
0 0.51484375 0.33046875 0.03828125 0.1484375
0 0.40078125 0.43359375 0.0296875 0.16640625
0 0.26640625 0.4375 0.03828125 0.16171875
0 0.7671875 0.43515625 0.0296875 0.16640625
0 0.79140625 0.41171875 0.0359375 0.14375
0 0.8125 0.44609375 0.03203125 0.1375
0 0.81328125 0.45546875 0.0296875 0.17421875
0 0.83828125 0.4390625 0.03515625 0.1546875
0 0.8359375 0.41328125 0.0375 0.16171875
0 0.86484375 0.4859375 0.03125 0.178125
0 0.884375 0.484375 0.0265625 0.1890625
0 0.91953125 0.48046875 0.0390625 0.16796875