0 0.2734375 0.60234375 0.03515625 0.11484375
0 0.3359375 0.56328125 0.03828125 0.12109375
0 0.778125 0.60546875 0.03125 0.1015625
1 0.25390625 0.475 0.0265625 0.1
1 0.9046875 0.46796875 0.02578125 0.08046875
1 0.5046875 0.6859375 0.03359375 0.125
0 0.7171875 0.58671875 0.03515625 0.1125
0 0.61171875 0.4984375 0.0265625 0.08671875
0 0.48515625 0.52109375 0.03828125 0.10703125
0 0.7296875 0.55 0.028125 0.1078125
1 0.04765625 0.5015625 0.0265625 0.1
0 0.47421875 0.58359375 0.03046875 0.10859375
0 0.59765625 0.5625 0.04140625 0.09140625
0 0.5046875 0.60546875 0.04140625 0.10625
1 0.45703125 0.5421875 0.03125 0.07890625
0 0.51796875 0.60078125 0.0390625 0.10546875
0 0.5828125 0.559375 0.0390625 0.096875
0 0.55078125 0.565625 0.0359375 0.096875
0 0.56796875 0.58125 0.04453125 0.10546875
0 0.56171875 0.5453125 0.03515625 0.0875
0 0.51640625 0.55 0.02421875 0.075
0 0.52734375 0.55859375 0.0359375 0.07890625
0 0.509375 0.56875 0.03671875 0.084375
0 0.73984375 0.53984375 0.0265625 0.1046875