0 0.64140625 0.65625 0.0625 0.14296875
0 0.84609375 0.6484375 0.040625 0.15078125
0 0.64453125 0.521875 0.04375 0.11953125
1 0.24296875 0.76640625 0.046875 0.1796875
0 0.778125 0.625 0.0453125 0.14140625
0 0.0640625 0.51875 0.03828125 0.11953125
0 0.3671875 0.68515625 0.04375 0.15
0 0.12578125 0.50859375 0.05 0.1234375
0 0.30625 0.609375 0.03671875 0.10078125
0 0.5140625 0.60234375 0.05859375 0.15
0 0.45078125 0.62109375 0.0484375 0.128125
0 0.55 0.55546875 0.04375 0.13984375
0 0.80078125 0.61640625 0.03125 0.15859375
0 0.3859375 0.60625 0.0453125 0.109375
1 0.1109375 0.36953125 0.03203125 0.09296875
0 0.33984375 0.6015625 0.04296875 0.12421875
0 0.57578125 0.5578125 0.0484375 0.12421875
0 0.4609375 0.58671875 0.05 0.10234375
0 0.35546875 0.59609375 0.0421875 0.10859375
0 0.515625 0.553125 0.0484375 0.1171875
0 0.4171875 0.60546875 0.07265625 0.05
0 0.58203125 0.58125 0.04453125 0.07578125