0 0.80078125 0.38515625 0.0421875 0.09765625
0 0.8640625 0.428125 0.046875 0.109375
0 0.2609375 0.46484375 0.0484375 0.12265625
0 0.9 0.428125 0.03203125 0.11796875
0 0.325 0.390625 0.03671875 0.090625
0 0.47109375 0.41953125 0.03515625 0.1203125
0 0.546875 0.43515625 0.04609375 0.121875
1 0.25703125 0.3015625 0.021875 0.07578125
0 0.578125 0.4375 0.03203125 0.11484375
0 0.41171875 0.40078125 0.02890625 0.1109375
0 0.71640625 0.4296875 0.0328125 0.11640625
0 0.778125 0.4203125 0.03984375 0.10703125
0 0.69453125 0.4578125 0.0484375 0.115625
0 0.76328125 0.39609375 0.02734375 0.07265625
0 0.665625 0.4453125 0.034375 0.10703125
0 0.63984375 0.3984375 0.025 0.09765625
0 0.68515625 0.41796875 0.034375 0.10078125
0 0.54765625 0.39765625 0.03828125 0.09609375
0 0.65390625 0.3859375 0.02265625 0.090625
0 0.65703125 0.403125 0.028125 0.09140625
0 0.40625 0.37890625 0.0359375 0.09609375
0 0.5859375 0.41328125 0.02578125 0.11015625