0 0.9828125 0.52890625 0.034375 0.13359375
0 0.8953125 0.5375 0.04296875 0.14453125
0 0.54609375 0.571875 0.04375 0.1453125
0 0.36875 0.5796875 0.03828125 0.1296875
0 0.73671875 0.51171875 0.04453125 0.1375
0 0.428125 0.52578125 0.0390625 0.11875
0 0.38984375 0.6015625 0.040625 0.12890625
0 0.496875 0.49296875 0.04140625 0.12265625
1 0.490625 0.39296875 0.03359375 0.11640625
0 0.69921875 0.5125 0.0421875 0.1296875
0 0.8 0.5609375 0.0421875 0.146875
0 0.60703125 0.503125 0.046875 0.125
0 0.68515625 0.57734375 0.04296875 0.13828125
0 0.6640625 0.57265625 0.04453125 0.1546875
0 0.81015625 0.36640625 0.03046875 0.0984375
0 0.4875 0.62734375 0.04375 0.1546875
0 0.6578125 0.4796875 0.0390625 0.1125
0 0.81171875 0.5609375 0.0390625 0.140625
0 0.5890625 0.6296875 0.0484375 0.07734375
0 0.5578125 0.49296875 0.0390625 0.12109375
0 0.5984375 0.48984375 0.04375 0.1109375
0 0.47421875 0.56328125 0.040625 0.13359375
0 0.6078125 0.46875 0.040625 0.0984375