0 0.71015625 0.46015625 0.04296875 0.16875
0 0.55625 0.5515625 0.0609375 0.1046875
0 0.940625 0.40625 0.03203125 0.16875
0 0.5078125 0.25546875 0.03671875 0.11484375
0 0.5953125 0.60625 0.0796875 0.11796875
0 0.509375 0.56953125 0.0578125 0.10546875
1 0.81640625 0.40390625 0.0375 0.15625
0 0.41015625 0.64765625 0.05078125 0.19140625
0 0.471875 0.33203125 0.03828125 0.1390625
0 0.76953125 0.5 0.04609375 0.1796875
0 0.29765625 0.3359375 0.04296875 0.13671875
0 0.53125 0.490625 0.05859375 0.08671875
0 0.896875 0.603125 0.0375 0.1984375
0 0.2515625 0.53125 0.05078125 0.19453125
0 0.40078125 0.503125 0.059375 0.128125
0 0.7984375 0.54375 0.0421875 0.18515625
0 0.49609375 0.6515625 0.07421875 0.13828125
0 0.30703125 0.259375 0.03671875 0.1203125
0 0.65703125 0.6140625 0.04609375 0.1890625
0 0.4328125 0.5234375 0.05859375 0.13828125
0 0.2328125 0.50859375 0.04765625 0.18046875
1 0.315625 0.18828125 0.0328125 0.11328125
1 0.78984375 0.92734375 0.0625 0.13984375
0 0.4796875 0.5984375 0.06328125 0.12109375
0 0.48828125 0.5265625 0.06171875 0.09921875
0 0.46953125 0.5765625 0.0625 0.11875