0 0.4 0.5796875 0.0328125 0.11796875
1 0.278125 0.55625 0.03671875 0.115625
0 0.7890625 0.534375 0.04296875 0.12109375
0 0.7421875 0.503125 0.0328125 0.1125
1 0.25390625 0.425 0.028125 0.1
0 0.6421875 0.546875 0.046875 0.09453125
0 0.684375 0.528125 0.04453125 0.1015625
1 0.7640625 0.459375 0.03203125 0.103125
0 0.5 0.5765625 0.0359375 0.125
0 0.75625 0.53828125 0.03828125 0.109375
0 0.53828125 0.54375 0.0375 0.1234375
0 0.0625 0.9 0.0546875 0.1859375
0 0.6609375 0.53046875 0.04140625 0.0890625
0 0.021875 0.51875 0.04140625 0.109375
0 0.03046875 0.56015625 0.028125 0.09609375
0 0.5234375 0.5359375 0.03671875 0.1109375
0 0.62578125 0.49921875 0.0390625 0.1125
0 0.509375 0.53359375 0.03515625 0.10546875
0 0.63125 0.4875 0.02109375 0.08046875
0 0.04375 0.54921875 0.0484375 0.10390625