0 0.040625 0.74140625 0.053125 0.18671875
1 0.58515625 0.7234375 0.04296875 0.1609375
0 0.36796875 0.5734375 0.04765625 0.11640625
0 0.490625 0.6984375 0.03984375 0.14140625
0 0.10234375 0.67109375 0.05078125 0.1453125
0 0.12890625 0.72421875 0.053125 0.165625
0 0.21796875 0.53046875 0.0421875 0.1140625
1 0.953125 0.46484375 0.02734375 0.10234375
0 0.50703125 0.6453125 0.04453125 0.13359375
0 0.25546875 0.54296875 0.0375 0.1375
0 0.6453125 0.54375 0.03125 0.11796875
0 0.39375 0.5578125 0.03984375 0.115625
1 0.03125 0.5171875 0.0375 0.11875
0 0.6109375 0.5359375 0.0390625 0.08828125
0 0.17421875 0.71015625 0.0484375 0.14375
0 0.62265625 0.51484375 0.03359375 0.08828125
0 0.18203125 0.6875 0.04609375 0.1296875