1 0.55859375 0.8609375 0.05703125 0.203125
0 0.3 0.715625 0.0515625 0.1203125
0 0.4125 0.7078125 0.04921875 0.08671875
1 0.0328125 0.5953125 0.03046875 0.125
0 0.3421875 0.70703125 0.05625 0.10078125
1 0.265625 0.55703125 0.02578125 0.10625
0 0.78515625 0.7046875 0.04140625 0.11171875
0 0.81953125 0.72578125 0.03203125 0.15234375
0 0.703125 0.603125 0.02109375 0.065625
0 0.66796875 0.615625 0.02734375 0.07265625
0 0.6015625 0.62109375 0.02265625 0.109375
0 0.590625 0.64609375 0.03828125 0.04609375
0 0.56015625 0.66953125 0.02421875 0.06875
0 0.51171875 0.68203125 0.0375 0.07890625
0 0.47734375 0.68046875 0.034375 0.05078125
0 0.4765625 0.628125 0.0296875 0.090625
0 0.75078125 0.653125 0.0359375 0.09765625
0 0.69375 0.65703125 0.03671875 0.09765625
0 0.659375 0.6640625 0.03984375 0.090625
0 0.625 0.6703125 0.04140625 0.090625
0 0.57109375 0.6890625 0.04296875 0.08203125
0 0.54296875 0.690625 0.040625 0.0984375
0 0.51015625 0.70234375 0.04453125 0.10078125
0 0.47421875 0.709375 0.03984375 0.1046875
0 0.4578125 0.72890625 0.0390625 0.10390625
1 0.5125 0.59921875 0.028125 0.12109375