0 0.059375 0.440625 0.02890625 0.13671875
0 0.22109375 0.4140625 0.0421875 0.10703125
0 0.3296875 0.34609375 0.02890625 0.1046875
0 0.6453125 0.57421875 0.04453125 0.16796875
0 0.46328125 0.41953125 0.03515625 0.090625
0 0.37890625 0.4484375 0.04453125 0.08359375
0 0.17890625 0.4140625 0.03828125 0.1046875
0 0.51015625 0.53671875 0.04453125 0.14609375
1 0.5671875 0.3828125 0.028125 0.10859375
0 0.69609375 0.40859375 0.03359375 0.128125
0 0.903125 0.53125 0.04453125 0.153125
0 0.2515625 0.42734375 0.0390625 0.09140625
0 0.68359375 0.48671875 0.03671875 0.14140625
0 0.415625 0.45 0.03984375 0.11640625
0 0.14296875 0.43203125 0.03125 0.13125
0 0.41171875 0.38984375 0.034375 0.071875
1 0.0640625 0.31640625 0.028125 0.1
0 0.29296875 0.44296875 0.03671875 0.08203125
0 0.33984375 0.42890625 0.03984375 0.08046875
1 0.48203125 0.253125 0.02421875 0.096875
0 0.246875 0.36640625 0.03203125 0.08671875
0 0.29296875 0.40078125 0.03515625 0.05625
0 0.1546875 0.359375 0.02890625 0.0984375
0 0.315625 0.459375 0.0359375 0.09453125
0 0.28984375 0.43203125 0.03125 0.078125