0 0.3609375 0.7875 0.0234375 0.06875
0 0.34453125 0.77734375 0.0234375 0.06875
0 0.6421875 0.7453125 0.02265625 0.0703125
1 0.22265625 0.69140625 0.01875 0.065625
0 0.8625 0.73515625 0.0203125 0.06484375
0 0.18984375 0.7515625 0.021875 0.059375
0 0.40078125 0.78125 0.0234375 0.0625
0 0.43359375 0.69375 0.0203125 0.0578125
0 0.296875 0.71875 0.0203125 0.0609375
0 0.5078125 0.71796875 0.0203125 0.06875
0 0.6890625 0.75703125 0.0234375 0.0640625
0 0.84375 0.728125 0.0203125 0.059375
0 0.61796875 0.7390625 0.021875 0.065625
0 0.78125 0.7015625 0.021875 0.05234375
0 0.6796875 0.78984375 0.03359375 0.07890625
1 0.45390625 0.63671875 0.0171875 0.05390625
0 0.7265625 0.6984375 0.01796875 0.05390625
0 0.55546875 0.74921875 0.0234375 0.065625
0 0.5703125 0.77109375 0.021875 0.0703125
0 0.69140625 0.69375 0.0171875 0.05234375
0 0.49609375 0.80859375 0.0234375 0.06484375
0 0.5671875 0.74765625 0.021875 0.0625
0 0.496875 0.76015625 0.0203125 0.0609375
0 0.49140625 0.7546875 0.0203125 0.06484375
0 0.496875 0.79140625 0.02265625 0.0609375