0 0.1375 0.55703125 0.046875 0.16171875
0 0.5390625 0.44296875 0.03359375 0.13046875
0 0.08671875 0.5078125 0.0421875 0.171875
0 0.265625 0.43203125 0.028125 0.13984375
0 0.34765625 0.440625 0.04140625 0.0890625
0 0.4859375 0.4359375 0.03828125 0.09296875
0 0.6 0.3671875 0.0265625 0.128125
0 0.75078125 0.378125 0.03125 0.121875
0 0.4125 0.465625 0.04609375 0.09140625
0 0.6203125 0.41015625 0.025 0.12890625
0 0.5625 0.39140625 0.0359375 0.1265625
0 0.396875 0.365625 0.03515625 0.0953125
1 0.63359375 0.4234375 0.03359375 0.13203125
0 0.3859375 0.46171875 0.0296875 0.1453125
0 0.41640625 0.3921875 0.02578125 0.13359375
0 0.915625 0.43671875 0.03203125 0.14296875
1 0.9328125 0.25390625 0.025 0.08515625
0 0.503125 0.36875 0.028125 0.05859375
0 0.46015625 0.3953125 0.0359375 0.0609375
0 0.68671875 0.5234375 0.0296875 0.16171875
0 0.3890625 0.4296875 0.04453125 0.08671875
0 0.44921875 0.41953125 0.04453125 0.09140625
0 0.48984375 0.34765625 0.01875 0.09375
0 0.48671875 0.37421875 0.03203125 0.0421875