0 0.1140625 0.5046875 0.0453125 0.1375
0 0.621875 0.50703125 0.05625 0.10859375
0 0.33125 0.521875 0.0546875 0.1359375
0 0.3015625 0.4609375 0.04296875 0.1140625
0 0.65859375 0.478125 0.0484375 0.103125
0 0.640625 0.365625 0.05234375 0.1015625
1 0.14375 0.43984375 0.03359375 0.1484375
0 0.3921875 0.33125 0.04296875 0.109375
0 0.3078125 0.37265625 0.0359375 0.10703125
0 0.3453125 0.42421875 0.0453125 0.1125
1 0.6078125 0.30546875 0.03828125 0.125
0 0.3984375 0.5171875 0.053125 0.0875
0 0.41171875 0.4859375 0.046875 0.06953125
0 0.4375 0.45234375 0.04765625 0.059375
0 0.453125 0.43671875 0.04140625 0.0734375
0 0.478125 0.39453125 0.0515625 0.09453125
0 0.54609375 0.421875 0.05 0.09140625
0 0.4515625 0.546875 0.04921875 0.10546875
0 0.4703125 0.51640625 0.05 0.096875
0 0.484375 0.509375 0.05078125 0.078125
0 0.4890625 0.47265625 0.0609375 0.059375
0 0.50625 0.43125 0.0328125 0.0984375