0 0.86875 0.59375 0.05703125 0.175
0 0.47890625 0.28984375 0.03515625 0.13359375
0 0.4265625 0.3671875 0.0296875 0.15078125
0 0.984375 0.39375 0.03046875 0.1671875
0 0.93046875 0.21328125 0.03203125 0.1125
0 0.8453125 0.33828125 0.034375 0.14453125
0 0.32734375 0.25390625 0.03203125 0.12890625
0 0.98828125 0.58984375 0.0234375 0.1890625
1 0.75703125 0.33359375 0.03203125 0.14296875
0 0.52421875 0.371875 0.03046875 0.16171875
0 0.38046875 0.290625 0.034375 0.13515625
1 0.08984375 0.64921875 0.053125 0.19921875
1 0.2453125 0.13984375 0.02578125 0.10703125
0 0.2015625 0.2515625 0.0234375 0.12421875
0 0.51640625 0.2890625 0.03046875 0.13359375
0 0.2703125 0.234375 0.0296875 0.12578125
0 0.21796875 0.2484375 0.02890625 0.13359375
0 0.2859375 0.2 0.02734375 0.1296875
1 0.85859375 0.08203125 0.02265625 0.08125
0 0.22109375 0.2375 0.02890625 0.12578125
0 0.3625 0.68046875 0.05859375 0.13203125
0 0.32578125 0.72734375 0.0546875 0.08203125
0 0.28984375 0.73359375 0.040625 0.05