0 0.06015625 0.70703125 0.0671875 0.140625
0 0.0671875 0.65625 0.05390625 0.1265625
0 0.33828125 0.7265625 0.06015625 0.13515625
0 0.43515625 0.778125 0.0515625 0.15
0 0.03125 0.5875 0.03515625 0.11875
0 0.1109375 0.5875 0.03671875 0.12265625
0 0.0125 0.58671875 0.025 0.11015625
0 0.2984375 0.6171875 0.0421875 0.1234375
0 0.36328125 0.66796875 0.04140625 0.125
0 0.32109375 0.6984375 0.0328125 0.1265625
0 0.0796875 0.5703125 0.0265625 0.1078125
0 0.0203125 0.69609375 0.03984375 0.14140625
1 0.1234375 0.52265625 0.02890625 0.10859375
0 0.603125 0.66796875 0.04921875 0.12421875
0 0.34375 0.5984375 0.0375 0.11484375
1 0.08984375 0.83828125 0.040625 0.16484375
1 0.5578125 0.73515625 0.04765625 0.19140625