0 0.0140625 0.71171875 0.02734375 0.1328125
1 0.696875 0.78046875 0.0421875 0.15625
0 0.09453125 0.63828125 0.03671875 0.12265625
0 0.01875 0.66171875 0.03671875 0.1203125
0 0.0765625 0.67578125 0.0375 0.128125
0 0.22734375 0.70703125 0.03828125 0.128125
1 0.62890625 0.59296875 0.03046875 0.1328125
0 0.13125 0.61953125 0.03515625 0.11875
0 0.15703125 0.69921875 0.03828125 0.11875
0 0.1234375 0.70546875 0.0375 0.12265625
0 0.1875 0.68125 0.03671875 0.12421875
0 0.32890625 0.68125 0.03359375 0.1171875
1 0.3546875 0.64140625 0.0296875 0.12421875
1 0.48515625 0.5640625 0.02734375 0.12578125
0 0.265625 0.67265625 0.03359375 0.12734375
0 0.2890625 0.6875 0.03671875 0.1328125
0 0.25078125 0.61015625 0.03671875 0.10859375
0 0.303125 0.66328125 0.03359375 0.12265625
0 0.2390625 0.67265625 0.03671875 0.115625
0 0.2828125 0.63046875 0.03359375 0.1078125
0 0.23046875 0.65078125 0.03515625 0.11484375
0 0.178125 0.69296875 0.03515625 0.12265625
0 0.1859375 0.65703125 0.03515625 0.10234375
0 0.1546875 0.665625 0.03515625 0.09609375
0 0.296875 0.6828125 0.03671875 0.134375
0 0.17578125 0.66640625 0.0328125 0.10078125