0 0.47734375 0.68359375 0.053125 0.15390625
0 0.69375 0.59453125 0.040625 0.1359375
0 0.47265625 0.59375 0.04921875 0.09296875
0 0.18203125 0.796875 0.08046875 0.16484375
0 0.43359375 0.8125 0.0515625 0.1625
0 0.39375 0.63203125 0.05078125 0.1140625
0 0.72109375 0.43515625 0.034375 0.09921875
0 0.1375 0.56484375 0.0375 0.125
0 0.49140625 0.4234375 0.03671875 0.10703125
0 0.43671875 0.62578125 0.04609375 0.096875
0 0.2828125 0.565625 0.04453125 0.14609375
0 0.5765625 0.51171875 0.034375 0.11484375
0 0.65859375 0.66953125 0.04296875 0.146875
1 0.89375 0.6125 0.04140625 0.17265625
0 0.55390625 0.57265625 0.0578125 0.0828125
0 0.52890625 0.634375 0.08203125 0.1046875
0 0.64609375 0.3390625 0.03671875 0.09765625
0 0.85 0.55546875 0.04296875 0.13125
0 0.475 0.5578125 0.046875 0.04765625
0 0.71640625 0.34609375 0.03203125 0.09375
0 0.48125 0.5328125 0.046875 0.0375
1 0.240625 0.884375 0.04921875 0.159375
0 0.5328125 0.603125 0.0578125 0.08984375
1 0.7140625 0.28828125 0.0234375 0.09453125
0 0.36640625 0.678125 0.05546875 0.109375