0 0.1609375 0.67578125 0.04375 0.11796875
0 0.6609375 0.68671875 0.03984375 0.12109375
0 0.20625 0.653125 0.03671875 0.09140625
0 0.2421875 0.603125 0.03671875 0.1
0 0.3171875 0.515625 0.03203125 0.08203125
0 0.2890625 0.55625 0.03203125 0.0875
0 0.37109375 0.46953125 0.0265625 0.06953125
0 0.34140625 0.49375 0.0296875 0.06796875
1 0.165625 0.88671875 0.04921875 0.1375
0 0.63828125 0.6171875 0.034375 0.1015625
0 0.64375 0.5328125 0.02578125 0.08203125
1 0.25859375 0.48359375 0.025 0.075
0 0.640625 0.45703125 0.0265625 0.075
0 0.39453125 0.45703125 0.0265625 0.075
0 0.9765625 0.45625 0.02109375 0.06796875
0 0.403125 0.43671875 0.02265625 0.06796875
0 0.40078125 0.428125 0.021875 0.0640625
0 0.3984375 0.43671875 0.02265625 0.06796875