0 0.4171875 0.42890625 0.0234375 0.04921875
0 0.384375 0.6015625 0.04609375 0.203125
1 0.425 0.32734375 0.0328125 0.13671875
0 0.221875 0.5171875 0.028125 0.18359375
0 0.40546875 0.5 0.02890625 0.19296875
0 0.5953125 0.41171875 0.03125 0.15625
1 0.7640625 0.39375 0.040625 0.17890625
0 0.35 0.48359375 0.0390625 0.165625
1 0.540625 0.50234375 0.021875 0.1625
0 0.28984375 0.4640625 0.03671875 0.17265625
0 0.63671875 0.4921875 0.028125 0.175
0 0.48828125 0.5390625 0.07109375 0.0703125
0 0.61171875 0.4953125 0.0265625 0.18203125
0 0.853125 0.3578125 0.03203125 0.14140625
0 0.55390625 0.51328125 0.02734375 0.1625
0 0.46484375 0.49609375 0.0359375 0.159375
1 0.37578125 0.503125 0.04140625 0.15859375
0 0.40078125 0.5125 0.04140625 0.15390625
0 0.42109375 0.39609375 0.02421875 0.05078125
0 0.6265625 0.51953125 0.0328125 0.17890625
0 0.57890625 0.5359375 0.0296875 0.175
0 0.49453125 0.5203125 0.0328125 0.175
0 0.56875 0.56640625 0.0421875 0.1828125
0 0.45859375 0.46171875 0.040625 0.18125
0 0.42265625 0.51328125 0.04296875 0.19140625