1 0.89375 0.521875 0.0359375 0.1640625
1 0.084375 0.4625 0.0328125 0.13046875
0 0.7109375 0.453125 0.0265625 0.125
0 0.3484375 0.45703125 0.0203125 0.11640625
0 0.3078125 0.46875 0.03125 0.12890625
1 0.1265625 0.3515625 0.02734375 0.078125
0 0.1921875 0.44453125 0.0265625 0.11953125
0 0.3828125 0.478125 0.03359375 0.13203125
0 0.371875 0.403125 0.02109375 0.10390625
0 0.4765625 0.49609375 0.03359375 0.13359375
0 0.40546875 0.3984375 0.0171875 0.0671875
0 0.6078125 0.465625 0.03046875 0.1265625
0 0.52578125 0.4484375 0.028125 0.11640625
0 0.5984375 0.43125 0.03046875 0.109375
0 0.42421875 0.46875 0.03125 0.12109375
0 0.54765625 0.4515625 0.0328125 0.11953125
0 0.50703125 0.43828125 0.02578125 0.1234375
0 0.44765625 0.4453125 0.03125 0.11875
0 0.45703125 0.4390625 0.0203125 0.11875
0 0.47734375 0.44921875 0.02734375 0.103125
0 0.3921875 0.44921875 0.025 0.12109375
0 0.409375 0.45625 0.01796875 0.11640625
0 0.4796875 0.4453125 0.0296875 0.07109375
0 0.4265625 0.4578125 0.0328125 0.10546875