0 0.196875 0.37265625 0.03671875 0.1328125
1 0.17421875 0.85546875 0.059375 0.25546875
0 0.13984375 0.321875 0.02734375 0.1265625
0 0.49453125 0.44609375 0.03984375 0.14921875
0 0.89765625 0.44921875 0.03046875 0.15078125
0 0.109375 0.40625 0.034375 0.13671875
0 0.684375 0.375 0.02734375 0.128125
0 0.55234375 0.38359375 0.03125 0.12421875
1 0.45703125 0.20546875 0.01953125 0.08671875
1 0.80546875 0.2125 0.02578125 0.1015625
0 0.25859375 0.41875 0.03515625 0.14140625
0 0.03515625 0.45234375 0.0265625 0.15625
0 0.02734375 0.44375 0.05390625 0.1421875
0 0.33828125 0.40234375 0.03203125 0.13359375
0 0.29296875 0.3890625 0.040625 0.1484375
0 0.63984375 0.3890625 0.03203125 0.140625
0 0.0328125 0.43515625 0.028125 0.15390625
0 0.56328125 0.4765625 0.03359375 0.159375
1 0.32109375 0.4359375 0.02890625 0.146875
0 0.4109375 0.390625 0.025 0.13515625
0 0.43203125 0.41484375 0.028125 0.1453125
0 0.415625 0.415625 0.0234375 0.13828125