0 0.178125 0.79375 0.07578125 0.16953125
0 0.49140625 0.42265625 0.0421875 0.115625
0 0.7484375 0.66015625 0.04609375 0.16328125
0 0.36484375 0.6734375 0.0609375 0.1203125
0 0.6359375 0.48203125 0.04375 0.125
0 0.7015625 0.59453125 0.04609375 0.14765625
0 0.475 0.81015625 0.0515625 0.1796875
0 0.39140625 0.6296875 0.05234375 0.1140625
0 0.828125 0.5515625 0.04453125 0.14296875
0 0.759375 0.42890625 0.0359375 0.1171875
0 0.434375 0.61875 0.05234375 0.11171875
0 0.55546875 0.571875 0.05625 0.10390625
1 0.88828125 0.60546875 0.0359375 0.1671875
0 0.2765625 0.56015625 0.0375 0.15390625
0 0.13203125 0.56015625 0.0359375 0.13828125
0 0.478125 0.671875 0.05078125 0.15625
0 0.64140625 0.33828125 0.0375 0.1
1 0.71328125 0.2890625 0.028125 0.103125
0 0.53828125 0.62734375 0.0625 0.11875
0 0.4765625 0.59296875 0.05078125 0.10234375
0 0.79453125 0.34296875 0.02734375 0.10703125
1 0.23671875 0.890625 0.05234375 0.1625
0 0.47734375 0.53515625 0.0484375 0.06640625
0 0.534375 0.603125 0.059375 0.11328125
0 0.475 0.56640625 0.04765625 0.0828125