0 0.221875 0.47265625 0.02421875 0.11328125
0 0.14375 0.46640625 0.02734375 0.10703125
0 0.17421875 0.48671875 0.03125 0.103125
1 0.9421875 0.815625 0.05078125 0.18828125
1 0.075 0.38359375 0.028125 0.103125
0 0.50234375 0.53046875 0.02578125 0.1203125
0 0.603125 0.5578125 0.03515625 0.1390625
0 0.25859375 0.47265625 0.02578125 0.11328125
1 0.43828125 0.3390625 0.025 0.0921875
0 0.52578125 0.5296875 0.0265625 0.12734375
0 0.5703125 0.5 0.03125 0.125
0 0.33828125 0.4421875 0.015625 0.10546875
0 0.3859375 0.484375 0.03515625 0.1203125
1 0.159375 0.60390625 0.02890625 0.13515625
0 0.73359375 0.49140625 0.03515625 0.12578125
0 0.3609375 0.515625 0.0265625 0.128125
0 0.82265625 0.44921875 0.02109375 0.1078125
0 0.28671875 0.465625 0.02265625 0.084375
0 0.53515625 0.50625 0.0328125 0.11015625
0 0.328125 0.4984375 0.0203125 0.1265625
0 0.81171875 0.4578125 0.021875 0.11875
1 0.52109375 0.47578125 0.02109375 0.09765625
0 0.309375 0.51953125 0.05703125 0.0515625
0 0.34765625 0.49140625 0.02109375 0.1234375
0 0.3 0.44453125 0.01640625 0.071875