0 0.85 0.534375 0.05078125 0.1609375
1 0.9359375 0.46875 0.03359375 0.140625
1 0.48984375 0.28359375 0.034375 0.1140625
0 0.54765625 0.5453125 0.04765625 0.17890625
0 0.37890625 0.5 0.0359375 0.16015625
0 0.346875 0.46328125 0.03203125 0.16953125
0 0.21875 0.36953125 0.034375 0.125
0 0.20703125 0.50625 0.0390625 0.16953125
0 0.1875 0.44609375 0.03671875 0.15703125
0 0.1984375 0.55390625 0.04140625 0.1421875
0 0.1890625 0.5796875 0.05625 0.10625
0 0.11796875 0.56875 0.04609375 0.16484375
0 0.2953125 0.67109375 0.0515625 0.18515625
0 0.12421875 0.5046875 0.03828125 0.1390625
0 0.159375 0.48515625 0.053125 0.15
0 0.128125 0.4609375 0.046875 0.15
0 0.08046875 0.4078125 0.03046875 0.15859375
0 0.0734375 0.53125 0.03828125 0.15703125
0 0.040625 0.51484375 0.0453125 0.18046875
1 0.05625 0.47265625 0.0359375 0.14375
0 0.0171875 0.434375 0.034375 0.140625