0 0.20390625 0.48828125 0.03125 0.13515625
1 0.125 0.34609375 0.0234375 0.07421875
0 0.61875 0.4671875 0.02734375 0.12421875
0 0.7140625 0.44296875 0.025 0.11875
1 0.57265625 0.4484375 0.0234375 0.1171875
0 0.61015625 0.42890625 0.02421875 0.10859375
0 0.5546875 0.45546875 0.02421875 0.12265625
0 0.53984375 0.4390625 0.021875 0.11015625
0 0.51015625 0.45546875 0.03125 0.12265625
0 0.4890625 0.45703125 0.02265625 0.10859375
0 0.48515625 0.46953125 0.0296875 0.12890625
0 0.459375 0.46953125 0.028125 0.11171875
0 0.43515625 0.47734375 0.02734375 0.0765625
0 0.41484375 0.45390625 0.01875 0.128125
0 0.41484375 0.47421875 0.03515625 0.11015625
0 0.3890625 0.4703125 0.0359375 0.0859375
0 0.36796875 0.46015625 0.02578125 0.11875
0 0.36171875 0.4515625 0.03046875 0.10625
0 0.33203125 0.45625 0.02734375 0.12265625
0 0.45234375 0.41484375 0.0234375 0.0625
0 0.45 0.4125 0.02578125 0.05859375
0 0.44609375 0.396875 0.01796875 0.06328125
0 0.3921875 0.43671875 0.0234375 0.1125
0 0.4 0.3953125 0.02265625 0.07890625