0 0.70703125 0.47578125 0.0234375 0.1390625
1 0.78203125 0.33359375 0.0234375 0.071875
0 0.21953125 0.44375 0.02265625 0.1234375
0 0.39375 0.4453125 0.025 0.1046875
0 0.2859375 0.46171875 0.02265625 0.12890625
1 0.828125 0.4578125 0.03359375 0.1390625
0 0.3234375 0.43125 0.02109375 0.11640625
0 0.621875 0.38828125 0.02109375 0.10703125
0 0.4171875 0.4625 0.02265625 0.13828125
0 0.43359375 0.43359375 0.02421875 0.1234375
0 0.41875 0.4421875 0.0203125 0.13046875
0 0.4625 0.4703125 0.02890625 0.1421875
0 0.47578125 0.46484375 0.0234375 0.13203125
0 0.45703125 0.4 0.0203125 0.065625
0 0.4671875 0.403125 0.03125 0.0734375
0 0.5578125 0.46796875 0.03125 0.14140625
0 0.49453125 0.46484375 0.028125 0.13046875
0 0.528125 0.4578125 0.02890625 0.13125
0 0.5125 0.421875 0.02109375 0.11796875
0 0.54765625 0.4234375 0.01953125 0.1203125
0 0.56171875 0.40703125 0.0203125 0.11953125
0 0.50234375 0.44140625 0.02734375 0.12421875