0 0.88359375 0.54375 0.0546875 0.15859375
0 0.64765625 0.4484375 0.0390625 0.14765625
0 0.78203125 0.41328125 0.0296875 0.1515625
0 0.33671875 0.51015625 0.03125 0.17109375
0 0.47109375 0.36953125 0.0390625 0.1375
0 0.49453125 0.4296875 0.03125 0.14375
0 0.41875 0.35078125 0.0296875 0.13359375
0 0.2625 0.35859375 0.03125 0.134375
0 0.96640625 0.49140625 0.03515625 0.1671875
0 0.65546875 0.41171875 0.03515625 0.08125
1 0.07421875 0.2265625 0.021875 0.090625
0 0.59140625 0.4078125 0.03359375 0.090625
0 0.1 0.421875 0.028125 0.14296875
0 0.55 0.35546875 0.0375 0.04375
0 0.54140625 0.328125 0.01875 0.10078125
0 0.61953125 0.453125 0.03359375 0.0953125
0 0.6484375 0.33984375 0.0265625 0.1046875
0 0.54765625 0.42109375 0.04921875 0.096875
0 0.62109375 0.36796875 0.02734375 0.125
0 0.53671875 0.3484375 0.03203125 0.096875
0 0.57734375 0.3546875 0.0453125 0.0265625
1 0.39765625 0.40625 0.0296875 0.140625
0 0.41328125 0.3921875 0.025 0.1421875
0 0.68984375 0.42578125 0.04140625 0.08515625