0 0.8203125 0.52890625 0.06640625 0.16796875
1 0.93125 0.46953125 0.034375 0.14453125
1 0.47890625 0.27265625 0.0359375 0.1296875
0 0.48515625 0.553125 0.04921875 0.184375
0 0.39375 0.50703125 0.0484375 0.17578125
0 0.3640625 0.465625 0.0453125 0.17734375
0 0.209375 0.3859375 0.03125 0.14453125
0 0.18671875 0.503125 0.040625 0.175
0 0.1703125 0.4390625 0.0375 0.1625
0 0.2203125 0.54296875 0.03671875 0.1578125
0 0.1921875 0.56484375 0.0546875 0.13671875
0 0.08203125 0.56328125 0.04765625 0.1703125
0 0.33984375 0.67421875 0.053125 0.19140625
0 0.1078125 0.51640625 0.0375 0.1703125
0 0.1609375 0.46328125 0.0484375 0.1546875
0 0.0734375 0.39921875 0.03125 0.1640625
0 0.05390625 0.53359375 0.0390625 0.1625
0 0.01875 0.53828125 0.0375 0.1859375
1 0.09609375 0.49765625 0.03671875 0.14765625
0 0.02421875 0.41796875 0.0359375 0.14453125
0 0.0046875 0.5546875 0.00859375 0.18359375
0 0.034375 0.51328125 0.03046875 0.18359375
0 0.20703125 0.4640625 0.03046875 0.1296875