0 0.5140625 0.2015625 0.05390625 0.11953125
0 0.696875 0.57421875 0.06328125 0.1625
0 0.36328125 0.46484375 0.0484375 0.134375
0 0.2765625 0.671875 0.04765625 0.209375
0 0.596875 0.49609375 0.06015625 0.121875
0 0.1625 0.55703125 0.05859375 0.171875
1 0.0984375 0.53125 0.05234375 0.1484375
0 0.4921875 0.53984375 0.07734375 0.13203125
0 0.275 0.196875 0.03515625 0.1265625
0 0.7 0.73203125 0.075 0.1859375
0 0.4203125 0.34765625 0.065625 0.10390625
0 0.184375 0.33515625 0.04453125 0.13203125
1 0.9453125 0.2703125 0.0359375 0.12890625
0 0.47265625 0.446875 0.059375 0.1109375
0 0.73203125 0.40390625 0.0453125 0.15546875
0 0.54296875 0.43828125 0.0546875 0.109375
0 0.3421875 0.409375 0.05078125 0.1375
0 0.5703125 0.46875 0.05234375 0.10390625
1 0.371875 0.08125 0.03203125 0.1125
0 0.4375 0.3875 0.0578125 0.1109375
0 0.4953125 0.49921875 0.06484375 0.109375
0 0.7453125 0.3796875 0.03984375 0.134375
0 0.5421875 0.3546875 0.05390625 0.07890625
0 0.553125 0.3921875 0.05078125 0.07890625
0 0.5515625 0.36640625 0.04921875 0.071875
1 0.69296875 0.80390625 0.04609375 0.165625