0 0.715625 0.75234375 0.0296875 0.08828125
0 0.49453125 0.809375 0.03203125 0.1015625
1 0.76796875 0.71015625 0.025 0.084375
0 0.1625 0.7140625 0.025 0.08828125
0 0.6671875 0.81328125 0.028125 0.09765625
0 0.53515625 0.76953125 0.02578125 0.0953125
1 0.41953125 0.63125 0.01796875 0.0625
0 0.39453125 0.796875 0.02421875 0.096875
0 0.19140625 0.73203125 0.025 0.08828125
0 0.44453125 0.7484375 0.0234375 0.090625
0 0.40234375 0.7171875 0.021875 0.0828125
0 0.42421875 0.80078125 0.0296875 0.096875
0 0.7 0.83671875 0.0390625 0.06875
0 0.678125 0.759375 0.03046875 0.09765625
0 0.63515625 0.8375 0.02890625 0.103125
0 0.46796875 0.77109375 0.02578125 0.09453125
0 0.60625 0.8359375 0.0296875 0.1
0 0.421875 0.71328125 0.02265625 0.08671875
0 0.478125 0.734375 0.02578125 0.0859375
0 0.44609375 0.7109375 0.0234375 0.0796875
0 0.60859375 0.72265625 0.025 0.08203125
0 0.61015625 0.79609375 0.028125 0.09140625
0 0.61171875 0.7546875 0.02578125 0.084375
0 0.21484375 0.19609375 0.059375 0.084375
0 0.6171875 0.778125 0.0265625 0.08984375
0 0.39921875 0.771875 0.02265625 0.071875