0 0.5921875 0.68671875 0.03828125 0.14296875
0 0.78828125 0.6375 0.04765625 0.121875
0 0.6125 0.53828125 0.03828125 0.0875
0 0.41796875 0.53984375 0.028125 0.12109375
0 0.165625 0.575 0.03671875 0.128125
0 0.4203125 0.4765625 0.04140625 0.1046875
0 0.575 0.5328125 0.03828125 0.08203125
0 0.465625 0.51640625 0.04140625 0.06953125
0 0.5015625 0.54140625 0.04375 0.08046875
0 0.38046875 0.5125 0.03125 0.1015625
0 0.109375 0.4765625 0.03515625 0.109375
0 0.50625 0.4890625 0.03828125 0.065625
0 0.35 0.38984375 0.0359375 0.0875
0 0.240625 0.43046875 0.0265625 0.0828125
1 0.74765625 0.40703125 0.02265625 0.09921875
1 0.34609375 0.53203125 0.025 0.121875
0 0.54765625 0.5453125 0.03984375 0.1078125
1 0.24921875 0.36875 0.02265625 0.08828125
0 0.68515625 0.48046875 0.021875 0.12109375
0 0.696875 0.47265625 0.03515625 0.10390625
0 0.54375 0.53125 0.03046875 0.065625
0 0.3984375 0.43046875 0.03359375 0.084375
0 0.39921875 0.41484375 0.0375 0.075
0 0.528125 0.5125 0.034375 0.0703125
0 0.11640625 0.409375 0.01796875 0.09375