0 0.74375 0.43828125 0.040625 0.14296875
0 0.55390625 0.37421875 0.0328125 0.12890625
0 0.69453125 0.3828125 0.0390625 0.134375
0 0.571875 0.49609375 0.04296875 0.153125
0 0.7921875 0.496875 0.03984375 0.153125
0 0.11875 0.43828125 0.03828125 0.14609375
1 0.1609375 0.8515625 0.05 0.21328125
1 0.8546875 0.240625 0.03359375 0.10390625
0 0.5984375 0.465625 0.04140625 0.15390625
0 0.44453125 0.41875 0.03828125 0.13984375
0 0.60625 0.38671875 0.034375 0.134375
0 0.06484375 0.58828125 0.04296875 0.1765625
1 0.36875 0.44765625 0.03359375 0.1078125
0 0.05703125 0.47890625 0.03046875 0.15703125
0 0.48046875 0.4546875 0.03828125 0.1453125
0 0.21015625 0.4828125 0.04375 0.146875
1 0.453125 0.240625 0.03046875 0.096875
0 0.26171875 0.46875 0.040625 0.15703125
0 0.5 0.4125 0.03125 0.15234375
0 0.18046875 0.43828125 0.04296875 0.12890625
0 0.03203125 0.3953125 0.034375 0.1203125
0 0.0125 0.4734375 0.025 0.15078125
0 0.03515625 0.4546875 0.028125 0.153125
0 0.08046875 0.39453125 0.04140625 0.1421875
0 0.4875 0.41328125 0.0328125 0.1328125
0 0.04921875 0.39296875 0.02578125 0.134375