0 0.68046875 0.55078125 0.0328125 0.15234375
0 0.496875 0.61796875 0.0328125 0.16328125
1 0.57890625 0.4828125 0.03125 0.1359375
0 0.74609375 0.49375 0.046875 0.14765625
0 0.7265625 0.44375 0.02734375 0.128125
0 0.41796875 0.60078125 0.02734375 0.1625
0 0.99453125 0.49296875 0.01015625 0.15546875
0 0.95625 0.4765625 0.02734375 0.1390625
0 0.41953125 0.68515625 0.025 0.178125
0 0.828125 0.5375 0.040625 0.159375
0 0.4015625 0.43515625 0.02734375 0.12734375
0 0.49375 0.4 0.03046875 0.078125
0 0.42578125 0.42265625 0.02109375 0.1125
0 0.81171875 0.49453125 0.0296875 0.1328125
0 0.5171875 0.3875 0.01796875 0.02734375
0 0.5328125 0.42890625 0.05 0.0734375
0 0.40859375 0.40859375 0.015625 0.1265625
0 0.4921875 0.43828125 0.053125 0.0453125
1 0.4671875 0.3515625 0.0453125 0.1140625