1 0.0875 0.56171875 0.03828125 0.1625
0 0.7 0.43671875 0.0265625 0.12578125
0 0.596875 0.46796875 0.03671875 0.12265625
0 0.54140625 0.4625 0.0359375 0.128125
1 0.47578125 0.321875 0.0296875 0.103125
0 0.34921875 0.475 0.03046875 0.128125
0 0.6265625 0.40859375 0.0265625 0.1125
0 0.15703125 0.6078125 0.0453125 0.1625
1 0.621875 0.48046875 0.021875 0.1171875
1 0.74375 0.37265625 0.03125 0.109375
0 0.5140625 0.48125 0.0390625 0.090625
0 0.7578125 0.39453125 0.0328125 0.1140625
0 0.14375 0.55546875 0.04453125 0.1140625
0 0.48125 0.46875 0.0265625 0.11328125
1 0.440625 0.46171875 0.03046875 0.11796875
0 0.46796875 0.47421875 0.03359375 0.11875
0 0.45546875 0.434375 0.02578125 0.1203125
0 0.48203125 0.4859375 0.0359375 0.1
0 0.43203125 0.4453125 0.0265625 0.125
0 0.7921875 0.35546875 0.02890625 0.10625