0 0.73984375 0.46640625 0.04375 0.125
0 0.7046875 0.57734375 0.0484375 0.12890625
1 0.8140625 0.51015625 0.03515625 0.1515625
0 0.23671875 0.5109375 0.05 0.125
0 0.31328125 0.421875 0.0421875 0.134375
1 0.6484375 0.3453125 0.03515625 0.115625
0 0.6703125 0.47421875 0.0453125 0.12109375
0 0.5734375 0.5203125 0.04296875 0.1015625
0 0.35625 0.50390625 0.05078125 0.11640625
0 0.5171875 0.57578125 0.05859375 0.0984375
0 0.796875 0.4109375 0.05078125 0.1109375
0 0.40625 0.48984375 0.04765625 0.10703125
0 0.70703125 0.55 0.046875 0.103125
0 0.2484375 0.48203125 0.04453125 0.10859375
0 0.525 0.4734375 0.04921875 0.10859375
0 0.4796875 0.49453125 0.0453125 0.125
0 0.36875 0.4234375 0.0421875 0.096875
0 0.4421875 0.49765625 0.04921875 0.115625
0 0.3640625 0.47421875 0.04609375 0.0984375
0 0.5109375 0.540625 0.05 0.10859375
0 0.446875 0.453125 0.04453125 0.09140625
0 0.7828125 0.4109375 0.04453125 0.10859375
0 0.4171875 0.4640625 0.04609375 0.09453125
0 0.42734375 0.45546875 0.0453125 0.0859375