0 0.59765625 0.7453125 0.0234375 0.07421875
0 0.3625 0.7625 0.02421875 0.06953125
0 0.34921875 0.746875 0.0234375 0.06953125
0 0.44140625 0.66796875 0.01875 0.05546875
0 0.52578125 0.7828125 0.0296875 0.07578125
0 0.64453125 0.715625 0.02109375 0.059375
0 0.66328125 0.7234375 0.021875 0.065625
0 0.52578125 0.69453125 0.0203125 0.0671875
0 0.42734375 0.76796875 0.025 0.06796875
0 0.19921875 0.73671875 0.01953125 0.0578125
0 0.7390625 0.675 0.01796875 0.05390625
0 0.315625 0.69453125 0.0203125 0.05546875
1 0.453125 0.6171875 0.01640625 0.05078125
0 0.51171875 0.73828125 0.02265625 0.0625
0 0.69921875 0.76796875 0.02265625 0.078125
1 0.23125 0.66953125 0.01796875 0.06171875
0 0.7078125 0.67109375 0.01640625 0.059375
0 0.71171875 0.73671875 0.021875 0.065625
0 0.5703125 0.7265625 0.02109375 0.0640625
0 0.77421875 0.6765625 0.01796875 0.053125
0 0.50078125 0.746875 0.02265625 0.0671875
0 0.57890625 0.71796875 0.02109375 0.0625
0 0.8359375 0.71171875 0.0203125 0.0625
0 0.83984375 0.70625 0.0203125 0.05703125