0 0.08828125 0.34609375 0.03828125 0.159375
0 0.034375 0.3 0.05078125 0.1375
0 0.5859375 0.3703125 0.0375 0.12890625
0 0.47109375 0.359375 0.0328125 0.13203125
0 0.93828125 0.4375 0.06015625 0.1453125
0 0.85390625 0.31953125 0.02890625 0.13359375
0 0.828125 0.36328125 0.059375 0.14140625
1 0.2015625 0.80234375 0.0484375 0.21640625
0 0.23671875 0.36171875 0.0453125 0.13671875
0 0.3171875 0.359375 0.0453125 0.14453125
0 0.18359375 0.32890625 0.04609375 0.15
0 0.2515625 0.33515625 0.02578125 0.14453125
0 0.39140625 0.2453125 0.02890625 0.13203125
0 0.6328125 0.4078125 0.046875 0.15234375
0 0.72890625 0.39140625 0.03359375 0.171875
0 0.303125 0.384375 0.03828125 0.153125
0 0.40859375 0.340625 0.034375 0.14765625
0 0.3265625 0.3046875 0.034375 0.13671875
1 0.5109375 0.39453125 0.0375 0.1484375
0 0.7203125 0.35078125 0.02421875 0.1484375
0 0.28984375 0.34765625 0.02734375 0.15234375
0 0.7640625 0.359375 0.03125 0.08125
0 0.746875 0.43671875 0.03046875 0.16015625
1 0.67578125 0.1453125 0.028125 0.1