0 0.71171875 0.52265625 0.0328125 0.12421875
0 0.6015625 0.57265625 0.02734375 0.15
0 0.903125 0.49375 0.0234375 0.11640625
1 0.934375 0.82265625 0.040625 0.2078125
0 0.8015625 0.4984375 0.02890625 0.121875
0 0.540625 0.5375 0.025 0.1328125
0 0.51171875 0.5375 0.028125 0.1265625
0 0.4328125 0.534375 0.0296875 0.12890625
0 0.17578125 0.4984375 0.0359375 0.12421875
0 0.56796875 0.546875 0.02890625 0.1359375
1 0.2296875 0.59765625 0.03359375 0.1328125
1 0.49296875 0.375 0.02421875 0.096875
1 0.1515625 0.41328125 0.03125 0.11796875
0 0.2671875 0.5171875 0.0375 0.12109375
0 0.3234375 0.44296875 0.01953125 0.05703125
0 0.47578125 0.5515625 0.0234375 0.13203125
0 0.47265625 0.50625 0.02421875 0.13125
1 0.40234375 0.5078125 0.0203125 0.11640625
0 0.4140625 0.496875 0.0171875 0.1234375
0 0.3828125 0.4421875 0.01640625 0.03671875
0 0.33203125 0.45859375 0.0171875 0.02578125
0 0.38671875 0.5125 0.028125 0.11875
0 0.35390625 0.49765625 0.021875 0.1140625
0 0.37890625 0.48359375 0.01875 0.08046875
0 0.3296875 0.53125 0.03359375 0.13828125