0 0.8859375 0.55859375 0.07734375 0.33125
0 0.78828125 0.5078125 0.0875 0.31640625
0 0.5265625 0.06875 0.046875 0.1375
1 0.6359375 0.58515625 0.05546875 0.33984375
1 0.9921875 0.01640625 0.015625 0.0328125
0 0.68203125 0.784375 0.07265625 0.3953125
0 0.5734375 0.82421875 0.0625 0.3515625
0 0.45625 0.85859375 0.0921875 0.2828125
0 0.26328125 0.68203125 0.07421875 0.38515625
0 0.31171875 0.4890625 0.05 0.11875
0 0.32421875 0.63828125 0.0578125 0.290625
0 0.4015625 0.77578125 0.08515625 0.3671875
0 0.58125 0.48515625 0.06328125 0.1671875
0 0.5875 0.62265625 0.05625 0.18125
0 0.5265625 0.6421875 0.06953125 0.359375
0 0.46875 0.60546875 0.05234375 0.196875
0 0.3828125 0.58671875 0.0390625 0.1515625
0 0.425 0.54609375 0.04921875 0.18671875
0 0.45390625 0.4984375 0.0515625 0.16640625
0 0.46171875 0.73046875 0.2546875 0.0421875
0 0.46796875 0.60625 0.0609375 0.2015625
0 0.52265625 0.66328125 0.08203125 0.0890625