0 0.86796875 0.57890625 0.04296875 0.1296875
0 0.81953125 0.51484375 0.04296875 0.1140625
0 0.77578125 0.515625 0.04765625 0.11328125
0 0.51328125 0.634375 0.05078125 0.12109375
0 0.53359375 0.465625 0.0421875 0.0921875
0 0.728125 0.51328125 0.03984375 0.10859375
0 0.11484375 0.56953125 0.046875 0.10859375
0 0.5609375 0.5984375 0.06171875 0.10703125
0 0.75234375 0.53671875 0.04375 0.11015625
0 0.490625 0.64921875 0.05 0.13671875
1 0.22890625 0.7296875 0.040625 0.15390625
1 0.77734375 0.29453125 0.02421875 0.071875
0 0.66640625 0.57734375 0.046875 0.11875
1 0.45078125 0.48984375 0.0328125 0.10703125
0 0.56015625 0.534375 0.02421875 0.1015625
0 0.71640625 0.45390625 0.03671875 0.09765625
0 0.61640625 0.48046875 0.03671875 0.1046875
0 0.64453125 0.58671875 0.04140625 0.1078125
0 0.5828125 0.51953125 0.03828125 0.09609375
0 0.62421875 0.5796875 0.03359375 0.11875
0 0.65703125 0.54140625 0.03984375 0.0765625
0 0.603125 0.56015625 0.03984375 0.11171875
0 0.6328125 0.5359375 0.0375 0.096875
0 0.55546875 0.5796875 0.03828125 0.10390625
0 0.59140625 0.54140625 0.02734375 0.059375