0 0.6328125 0.53671875 0.02890625 0.1453125
1 0.3765625 0.38828125 0.0171875 0.09296875
0 0.875 0.4375 0.02265625 0.103125
0 0.4015625 0.43671875 0.0265625 0.0921875
0 0.4578125 0.53046875 0.02890625 0.13671875
1 0.78203125 0.45546875 0.03203125 0.1078125
0 0.60234375 0.4625 0.028125 0.11953125
0 0.671875 0.4109375 0.02734375 0.08046875
0 0.44140625 0.4375 0.025 0.10625
0 0.53125 0.41171875 0.03125 0.10703125
0 0.70390625 0.421875 0.025 0.05703125
0 0.4625 0.41328125 0.02890625 0.08515625
0 0.790625 0.40546875 0.02265625 0.0765625
0 0.5984375 0.40859375 0.040625 0.09140625
0 0.63671875 0.4703125 0.0375 0.1171875
0 0.46171875 0.4546875 0.0546875 0.04765625
0 0.58046875 0.39609375 0.015625 0.1
0 0.7125 0.3859375 0.0171875 0.046875
0 0.55390625 0.44140625 0.04375 0.0328125
0 0.4984375 0.40859375 0.0234375 0.10390625
1 0.86484375 0.36171875 0.01640625 0.071875
1 0.9765625 0.79921875 0.046875 0.14453125