0 0.47578125 0.88046875 0.09375 0.20703125
0 0.42734375 0.78515625 0.0765625 0.13671875
0 0.8109375 0.7546875 0.06015625 0.13671875
0 0.5828125 0.69765625 0.05078125 0.15859375
0 0.35234375 0.5640625 0.04140625 0.13203125
0 0.415625 0.54140625 0.04609375 0.1375
1 0.74765625 0.6078125 0.04140625 0.15703125
0 0.96875 0.52109375 0.03125 0.125
0 0.77421875 0.92734375 0.08671875 0.1453125
0 0.71875 0.53046875 0.0515625 0.115625
0 0.83359375 0.5140625 0.03515625 0.1265625
0 0.8140625 0.47109375 0.02421875 0.1140625
1 0.7984375 0.3390625 0.0265625 0.1015625
0 0.3640625 0.53828125 0.0390625 0.11875
1 0.14296875 0.4171875 0.0375 0.121875
0 0.18984375 0.553125 0.025 0.134375
0 0.1984375 0.525 0.03828125 0.13515625
0 0.3015625 0.51796875 0.05234375 0.11796875
0 0.278125 0.56171875 0.03828125 0.12578125
0 0.1640625 0.5546875 0.03671875 0.140625
0 0.29609375 0.57265625 0.03203125 0.134375
0 0.26796875 0.50078125 0.01875 0.11484375
0 0.29296875 0.50078125 0.02265625 0.07578125