0 0.3578125 0.5140625 0.02734375 0.13828125
1 0.60234375 0.37265625 0.01640625 0.0890625
0 0.1265625 0.41953125 0.021875 0.09765625
0 0.57890625 0.41875 0.025 0.0875
0 0.52421875 0.50859375 0.02734375 0.13046875
1 0.215625 0.43671875 0.03046875 0.10234375
0 0.38671875 0.44375 0.0265625 0.1140625
0 0.3203125 0.39453125 0.02578125 0.0765625
0 0.540625 0.41953125 0.0234375 0.1015625
0 0.4546875 0.39453125 0.0296875 0.1015625
0 0.28984375 0.4046875 0.0234375 0.05390625
0 0.5203125 0.396875 0.028125 0.08125
0 0.20703125 0.3890625 0.02109375 0.07265625
0 0.390625 0.3921875 0.0390625 0.0875
0 0.35390625 0.45078125 0.0359375 0.1109375
0 0.5203125 0.43671875 0.05234375 0.0453125
0 0.4078125 0.3796875 0.01484375 0.0953125
0 0.28125 0.3703125 0.01640625 0.04453125
0 0.4328125 0.42265625 0.04140625 0.03125
0 0.4859375 0.3921875 0.021875 0.09921875
1 0.1359375 0.34765625 0.015625 0.06796875
1 0.0265625 0.76484375 0.053125 0.13828125