0 0.58671875 0.59765625 0.0453125 0.134375
0 0.5078125 0.55 0.04296875 0.13046875
0 0.20859375 0.52109375 0.0453125 0.1
0 0.540625 0.45078125 0.0375 0.134375
0 0.45 0.53203125 0.05703125 0.1
1 0.7359375 0.5015625 0.03359375 0.146875
0 0.69921875 0.47265625 0.040625 0.1265625
0 0.28828125 0.58125 0.0515625 0.10703125
0 0.2765625 0.4921875 0.0484375 0.0984375
0 0.575 0.50078125 0.04296875 0.109375
0 0.3625 0.58359375 0.04765625 0.13046875
0 0.58203125 0.38828125 0.040625 0.10703125
0 0.7421875 0.3984375 0.034375 0.1140625
1 0.65 0.3515625 0.03359375 0.10859375
0 0.4046875 0.42734375 0.04296875 0.1125
0 0.35390625 0.46953125 0.034375 0.10859375
0 0.4828125 0.50078125 0.04921875 0.09609375
0 0.31875 0.5609375 0.0484375 0.103125
0 0.39375 0.56640625 0.05234375 0.1109375
0 0.41875 0.55078125 0.05390625 0.10703125
0 0.346875 0.55 0.0390625 0.096875
0 0.42109375 0.471875 0.0421875 0.078125
0 0.41328125 0.50234375 0.0453125 0.07890625
0 0.37578125 0.52421875 0.04375 0.08203125