1 0.36796875 0.44296875 0.02578125 0.14453125
1 0.79375 0.28671875 0.01953125 0.090625
1 0.2375 0.2671875 0.01640625 0.07265625
1 0.496875 0.803125 0.0609375 0.275
0 0.11015625 0.57890625 0.04765625 0.20546875
0 0.075 0.40859375 0.0375 0.11875
0 0.51796875 0.33203125 0.03125 0.0984375
0 0.57890625 0.36328125 0.02578125 0.11640625
0 0.69453125 0.36796875 0.0296875 0.12109375
0 0.67265625 0.3421875 0.015625 0.09453125
0 0.4953125 0.62890625 0.0859375 0.22578125
0 0.7625 0.4609375 0.053125 0.13046875
0 0.8140625 0.45 0.0421875 0.11328125
0 0.84921875 0.46640625 0.046875 0.1265625
0 0.9171875 0.4609375 0.025 0.1546875
0 0.75703125 0.490625 0.04375 0.14453125
0 0.72578125 0.521875 0.05546875 0.125
0 0.68125 0.5296875 0.07265625 0.18125
0 0.66796875 0.52109375 0.03515625 0.16484375
0 0.65546875 0.4890625 0.04921875 0.15703125
0 0.646875 0.49296875 0.0578125 0.134375
0 0.56953125 0.48125 0.03984375 0.11484375
0 0.52578125 0.5046875 0.040625 0.13125
0 0.525 0.5578125 0.06328125 0.1328125
0 0.5109375 0.52421875 0.03828125 0.11484375