1 0.5375 0.8 0.065625 0.253125
0 0.59140625 0.66953125 0.05390625 0.234375
0 0.8671875 0.6453125 0.06484375 0.22265625
0 0.0859375 0.69921875 0.0796875 0.22421875
0 0.4390625 0.725 0.0625 0.22890625
0 0.90625 0.76796875 0.07109375 0.2625
0 0.38046875 0.58828125 0.0640625 0.20703125
0 0.634375 0.72265625 0.06328125 0.246875
0 0.78828125 0.80859375 0.06640625 0.25546875
0 0.53359375 0.55 0.06484375 0.1734375
0 0.12578125 0.56875 0.0484375 0.2
0 0.80234375 0.7015625 0.065625 0.20703125
0 0.3375 0.51953125 0.0546875 0.17890625
0 0.978125 0.88515625 0.040625 0.2296875
1 0.32421875 0.46171875 0.0515625 0.17578125
0 0.69765625 0.91953125 0.071875 0.16015625
0 0.3859375 0.52265625 0.0640625 0.17578125
0 0.53671875 0.47421875 0.0328125 0.0625
0 0.5203125 0.52421875 0.034375 0.08203125
0 0.59140625 0.6265625 0.0421875 0.2046875