0 0.8796875 0.68203125 0.05546875 0.17421875
0 0.58828125 0.69453125 0.08359375 0.1234375
0 0.46953125 0.4359375 0.05078125 0.12890625
0 0.67890625 0.6078125 0.05078125 0.15625
0 0.22734375 0.61484375 0.0546875 0.15390625
0 0.40078125 0.72421875 0.05546875 0.184375
0 0.2890625 0.44375 0.06171875 0.1234375
1 0.75625 0.49296875 0.04765625 0.15390625
0 0.89453125 0.471875 0.04296875 0.16015625
0 0.253125 0.62890625 0.053125 0.17421875
0 0.31328125 0.35546875 0.04609375 0.11796875
0 0.509375 0.35078125 0.0421875 0.11171875
0 0.49609375 0.73203125 0.0828125 0.16875
0 0.6515625 0.71953125 0.05390625 0.17578125
0 0.396875 0.59296875 0.06015625 0.11875
0 0.525 0.5859375 0.06328125 0.0953125
0 0.65 0.54609375 0.0484375 0.14375
0 0.6515625 0.64375 0.05078125 0.1296875
0 0.55 0.64375 0.06484375 0.10546875
0 0.48203125 0.621875 0.065625 0.10546875
0 0.42734375 0.6140625 0.06015625 0.128125
1 0.3078125 0.278125 0.0328125 0.109375
0 0.4625 0.66953125 0.0640625 0.12109375
0 0.47734375 0.69296875 0.07109375 0.1203125
1 0.790625 0.96953125 0.04609375 0.0609375