1 0.4546875 0.39609375 0.034375 0.12578125
0 0.278125 0.3765625 0.02421875 0.11796875
0 0.615625 0.42421875 0.025 0.1453125
0 0.66796875 0.409375 0.03515625 0.1453125
0 0.4796875 0.36328125 0.02265625 0.12421875
0 0.5359375 0.3890625 0.02578125 0.134375
1 0.20390625 0.2984375 0.0296875 0.1
1 0.6625 0.3390625 0.0296875 0.11328125
0 0.41328125 0.375 0.03046875 0.128125
0 0.36171875 0.38984375 0.03046875 0.1296875
0 0.38203125 0.40234375 0.021875 0.13359375
0 0.2859375 0.34765625 0.02578125 0.11484375
0 0.30703125 0.36640625 0.0203125 0.1171875
0 0.53125 0.3765625 0.0265625 0.1328125
0 0.44140625 0.34921875 0.01875 0.11796875
0 0.68203125 0.4140625 0.03125 0.1390625
0 0.48515625 0.36171875 0.021875 0.12109375
0 0.37578125 0.36328125 0.025 0.11796875
0 0.3953125 0.3265625 0.01640625 0.0703125
0 0.3109375 0.353125 0.0203125 0.1234375
0 0.31484375 0.3578125 0.02578125 0.10390625
0 0.39453125 0.365625 0.02421875 0.11484375