0 0.8015625 0.7671875 0.05703125 0.1578125
0 0.87578125 0.74140625 0.04765625 0.1453125
0 0.71328125 0.86328125 0.05859375 0.16484375
0 0.89296875 0.58671875 0.0375 0.12265625
1 0.73046875 0.55546875 0.0359375 0.11875
0 0.58828125 0.53828125 0.0359375 0.11875
0 0.84140625 0.571875 0.03671875 0.11875
0 0.67734375 0.5484375 0.03359375 0.11328125
0 0.75546875 0.81953125 0.05234375 0.15625
0 0.30234375 0.53515625 0.0421875 0.1171875
0 0.478125 0.54296875 0.04453125 0.11171875
0 0.9171875 0.50859375 0.0359375 0.10859375
0 0.50859375 0.54453125 0.04375 0.11484375
1 0.75625 0.4234375 0.02734375 0.10078125
0 0.265625 0.54140625 0.04375 0.11015625
1 0.2640625 0.453125 0.0296875 0.10234375
0 0.9890625 0.76484375 0.021875 0.16328125
0 0.27578125 0.48984375 0.034375 0.10625
0 0.5015625 0.53671875 0.0265625 0.10625
0 0.40625 0.54375 0.025 0.1015625
0 0.4078125 0.534375 0.03203125 0.07890625
0 0.42890625 0.53671875 0.0296875 0.08359375
0 0.4421875 0.5046875 0.04609375 0.09296875
0 0.4421875 0.490625 0.02578125 0.0734375