0 0.16875 0.5765625 0.0453125 0.1625
0 0.090625 0.46640625 0.04609375 0.15703125
1 0.02890625 0.86171875 0.04453125 0.24140625
0 0.2421875 0.53828125 0.0421875 0.16953125
0 0.7984375 0.63203125 0.05 0.17578125
0 0.74765625 0.5859375 0.0484375 0.16328125
0 0.41484375 0.59609375 0.04140625 0.16875
0 0.34765625 0.53125 0.04375 0.165625
0 0.3359375 0.48984375 0.04765625 0.15703125
1 0.7390625 0.3 0.034375 0.13046875
0 0.84375 0.5828125 0.04453125 0.1796875
0 0.503125 0.59375 0.0453125 0.1734375
1 0.18828125 0.24765625 0.03046875 0.1140625
0 0.20625 0.50078125 0.04375 0.1640625
0 0.584375 0.490625 0.04921875 0.1515625
1 0.42109375 0.5859375 0.0421875 0.12265625
0 0.69296875 0.559375 0.0484375 0.17734375
0 0.71953125 0.51953125 0.04296875 0.16328125
0 0.70625 0.5125 0.046875 0.1390625
0 0.37578125 0.4890625 0.04140625 0.15
0 0.65859375 0.5828125 0.05 0.1734375
0 0.43046875 0.475 0.0390625 0.13203125
0 0.803125 0.5578125 0.0375 0.1828125
0 0.42421875 0.43984375 0.0265625 0.1421875
0 0.44140625 0.403125 0.02421875 0.1390625
0 0.36640625 0.5296875 0.028125 0.1703125