1 0.3671875 0.63671875 0.0421875 0.125
1 0.7265625 0.784375 0.03984375 0.159375
0 0.02421875 0.6578125 0.03671875 0.1203125
0 0.22578125 0.69453125 0.03671875 0.1375
1 0.628125 0.590625 0.03046875 0.12734375
1 0.48125 0.5640625 0.02734375 0.125
0 0.01640625 0.703125 0.03203125 0.12890625
0 0.1109375 0.63515625 0.04140625 0.121875
0 0.15234375 0.68671875 0.04140625 0.13046875
0 0.171875 0.671875 0.03984375 0.13203125
0 0.09296875 0.69375 0.04140625 0.1234375
0 0.2578125 0.60859375 0.0359375 0.1171875
0 0.30546875 0.68828125 0.04296875 0.125
0 0.13671875 0.61640625 0.0390625 0.1203125
0 0.25546875 0.66796875 0.03828125 0.125
0 0.0796875 0.66328125 0.0390625 0.1203125
0 0.31328125 0.659375 0.0359375 0.12890625
0 0.22265625 0.63671875 0.03828125 0.1078125
0 0.2734375 0.671875 0.03671875 0.12890625
0 0.290625 0.65703125 0.03671875 0.13046875
0 0.29453125 0.6265625 0.03359375 0.11015625