0 0.2078125 0.57890625 0.09140625 0.25078125
0 0.42421875 0.5125 0.06015625 0.225
1 0.56484375 0.04921875 0.03515625 0.0984375
0 0.28828125 0.68203125 0.06796875 0.2640625
1 0.575 0.46484375 0.06015625 0.21015625
0 0.3546875 0.61484375 0.0625 0.2546875
0 0.63515625 0.5484375 0.0515625 0.22578125
1 0.64375 0.80078125 0.1265625 0.325
0 0.375 0.38203125 0.05078125 0.196875
0 0.2640625 0.55078125 0.05703125 0.2234375
0 0.509375 0.3859375 0.046875 0.1703125
0 0.28046875 0.44296875 0.05703125 0.215625
0 0.53125 0.61953125 0.06796875 0.24375
0 0.65703125 0.63359375 0.046875 0.2578125
0 0.52109375 0.434375 0.05234375 0.18984375
0 0.3546875 0.45 0.05234375 0.175
0 0.575 0.60390625 0.06875 0.16953125
0 0.49921875 0.5234375 0.06328125 0.240625
0 0.39140625 0.63203125 0.06171875 0.24375
0 0.56875 0.73671875 0.10625 0.1375
0 0.46875 0.7421875 0.0953125 0.1078125
0 0.46484375 0.778125 0.0953125 0.08203125