1 0.121875 0.76875 0.053125 0.1765625
0 0.50390625 0.45234375 0.0390625 0.12734375
0 0.753125 0.4609375 0.03671875 0.13671875
0 0.1765625 0.5671875 0.03984375 0.1484375
0 0.340625 0.48125 0.0390625 0.1359375
0 0.56328125 0.5234375 0.04453125 0.0921875
1 0.7734375 0.2578125 0.03125 0.0890625
0 0.80625 0.47421875 0.040625 0.1140625
1 0.42734375 0.43515625 0.0375 0.12734375
0 0.5609375 0.43359375 0.04296875 0.1015625
0 0.83515625 0.50390625 0.04765625 0.1203125
0 0.40078125 0.48671875 0.0390625 0.12578125
0 0.121875 0.55703125 0.04375 0.13671875
0 0.6265625 0.46484375 0.03828125 0.12109375
0 0.65703125 0.53359375 0.03984375 0.1296875
0 0.64609375 0.43828125 0.0375 0.103125
0 0.67265625 0.515625 0.04140625 0.115625
0 0.40390625 0.4640625 0.0375 0.1140625
0 0.67421875 0.47265625 0.03984375 0.11171875
0 0.66875 0.4953125 0.04140625 0.10625
0 0.92421875 0.46328125 0.03203125 0.09921875
0 0.89296875 0.471875 0.03203125 0.1015625
0 0.87109375 0.46328125 0.03828125 0.1046875
0 0.871875 0.40703125 0.03203125 0.0734375