1 0.4328125 0.85625 0.0546875 0.1953125
0 0.68203125 0.71640625 0.04921875 0.115625
0 0.5734375 0.70859375 0.04765625 0.08359375
1 0.9390625 0.6 0.0296875 0.1203125
0 0.64140625 0.7078125 0.0546875 0.096875
1 0.71484375 0.5625 0.025 0.10234375
0 0.2140625 0.70546875 0.03984375 0.10703125
0 0.18125 0.72578125 0.03125 0.14609375
0 0.29375 0.6078125 0.0203125 0.06328125
0 0.32734375 0.61953125 0.0265625 0.0703125
0 0.390625 0.625 0.021875 0.10546875
0 0.4015625 0.64921875 0.0375 0.04453125
0 0.43125 0.671875 0.0234375 0.06640625
0 0.478125 0.68359375 0.0359375 0.0765625
0 0.5109375 0.68203125 0.0328125 0.04921875
0 0.51171875 0.63203125 0.02890625 0.08671875
0 0.246875 0.65625 0.034375 0.09375
0 0.30234375 0.659375 0.0359375 0.09375
0 0.3359375 0.66640625 0.03828125 0.0875
0 0.36875 0.67265625 0.03984375 0.08671875
0 0.4203125 0.690625 0.04140625 0.07890625
0 0.44765625 0.6921875 0.0390625 0.09453125
0 0.47890625 0.703125 0.04296875 0.096875
0 0.51328125 0.71015625 0.03828125 0.10078125
0 0.5296875 0.72890625 0.0375 0.10078125
1 0.47734375 0.60390625 0.0265625 0.11640625