0 0.5859375 0.425 0.03515625 0.13828125
1 0.46015625 0.39765625 0.03203125 0.11640625
0 0.26875 0.384375 0.0265625 0.12265625
0 0.6453125 0.40390625 0.028125 0.14296875
0 0.2890625 0.35625 0.01640625 0.1140625
0 0.50234375 0.36640625 0.025 0.115625
0 0.365625 0.40546875 0.02578125 0.13671875
1 0.21484375 0.30625 0.01796875 0.09921875
0 0.67421875 0.4171875 0.02578125 0.13984375
0 0.421875 0.38828125 0.0265625 0.13359375
0 0.54921875 0.3921875 0.02109375 0.13203125
0 0.33203125 0.3703125 0.02578125 0.11328125
1 0.64609375 0.34921875 0.03203125 0.1140625
0 0.48671875 0.36484375 0.021875 0.11640625
0 0.4703125 0.35625 0.02109375 0.12265625
0 0.39140625 0.37265625 0.02734375 0.11640625
0 0.37421875 0.39921875 0.0234375 0.13046875
0 0.33515625 0.3578125 0.02578125 0.10859375
0 0.32578125 0.378125 0.03515625 0.07109375
0 0.39609375 0.353125 0.0203125 0.109375
0 0.41796875 0.3734375 0.01953125 0.1171875
0 0.546875 0.38515625 0.021875 0.13671875
0 0.40625 0.3734375 0.0203125 0.11484375