0 0.60390625 0.5453125 0.03984375 0.14765625
0 0.75703125 0.5953125 0.04296875 0.1515625
0 0.57578125 0.565625 0.0390625 0.15703125
1 0.7046875 0.65234375 0.040625 0.184375
0 0.51171875 0.53671875 0.0375 0.1375
0 0.36953125 0.60390625 0.04296875 0.1546875
0 0.19453125 0.6328125 0.046875 0.16171875
0 0.21015625 0.590625 0.04375 0.1390625
0 0.321875 0.5640625 0.04140625 0.15
0 0.45390625 0.628125 0.0421875 0.153125
0 0.1640625 0.58359375 0.040625 0.14453125
0 0.54296875 0.5015625 0.03984375 0.1375
0 0.28515625 0.79609375 0.05625 0.196875
0 0.45546875 0.584375 0.03828125 0.14296875
0 0.3078125 0.53046875 0.03828125 0.13359375
1 0.4234375 0.54765625 0.0375 0.13203125
0 0.4109375 0.48984375 0.01640625 0.10390625
0 0.403125 0.5515625 0.02734375 0.13515625
0 0.390625 0.496875 0.03984375 0.1125
0 0.38671875 0.55234375 0.021875 0.11640625
1 0.125 0.30234375 0.02265625 0.09140625
0 0.41875 0.4625 0.0234375 0.09296875
0 0.3640625 0.5453125 0.0296875 0.14453125
0 0.38046875 0.5359375 0.0265625 0.125