0 0.8828125 0.59453125 0.03828125 0.16640625
0 0.8234375 0.53359375 0.040625 0.1109375
1 0.49140625 0.31015625 0.03203125 0.10234375
0 0.44375 0.44375 0.03984375 0.12421875
0 0.3234375 0.44609375 0.0328125 0.121875
0 0.27734375 0.409375 0.02578125 0.11640625
1 0.92578125 0.5609375 0.03671875 0.16953125
0 0.31796875 0.38828125 0.0296875 0.11015625
1 0.54296875 0.45 0.0234375 0.12265625
0 0.590625 0.45859375 0.034375 0.1265625
1 0.30234375 0.47265625 0.0359375 0.12109375
0 0.50078125 0.45625 0.03671875 0.1078125
0 0.5265625 0.459375 0.0328125 0.125
0 0.47421875 0.46796875 0.0328125 0.09609375
1 0.1953125 0.3578125 0.03203125 0.11796875
0 0.48984375 0.4515625 0.0265625 0.10625
0 0.528125 0.4109375 0.03515625 0.1078125
0 0.18671875 0.3484375 0.02421875 0.1125
0 0.2203125 0.37265625 0.025 0.1046875