0 0.584375 0.4296875 0.03671875 0.140625
0 0.64375 0.41015625 0.03671875 0.140625
1 0.45234375 0.4015625 0.028125 0.11640625
0 0.35859375 0.41484375 0.02578125 0.13203125
1 0.19921875 0.30625 0.01953125 0.1
0 0.2578125 0.3875 0.02578125 0.1203125
0 0.4125 0.39140625 0.021875 0.128125
0 0.27734375 0.35859375 0.01953125 0.11875
0 0.54140625 0.3953125 0.01875 0.13515625
0 0.47734375 0.371875 0.02109375 0.13203125
0 0.315625 0.37421875 0.02421875 0.115625
0 0.66875 0.42109375 0.0265625 0.14140625
1 0.640625 0.353125 0.03203125 0.11953125
0 0.31640625 0.3625 0.021875 0.11796875
0 0.46171875 0.36015625 0.021875 0.121875
0 0.3609375 0.39453125 0.0171875 0.1140625
0 0.478125 0.3703125 0.01875 0.12109375
0 0.378125 0.375 0.025 0.121875
0 0.40546875 0.378125 0.01875 0.11171875
0 0.39609375 0.375 0.01484375 0.11484375
0 0.38671875 0.35234375 0.0171875 0.1078125
0 0.49375 0.3703125 0.02421875 0.1171875
0 0.5375 0.38984375 0.02265625 0.13515625
0 0.31171875 0.38203125 0.03203125 0.08125