1 0.57265625 0.853125 0.0609375 0.20078125
0 0.3171875 0.709375 0.05078125 0.11875
0 0.42890625 0.7015625 0.05390625 0.0859375
1 0.0515625 0.5921875 0.02890625 0.12421875
0 0.359375 0.7015625 0.05625 0.10234375
1 0.290625 0.55234375 0.02578125 0.1046875
0 0.80078125 0.6984375 0.03828125 0.11015625
0 0.828125 0.71796875 0.03203125 0.153125
0 0.7125 0.5953125 0.025 0.0734375
0 0.67734375 0.60859375 0.02734375 0.078125
0 0.603125 0.6078125 0.021875 0.1125
0 0.6046875 0.640625 0.03828125 0.0453125
0 0.57265625 0.66484375 0.02421875 0.06796875
0 0.5296875 0.67578125 0.03671875 0.078125
0 0.49609375 0.67421875 0.03359375 0.05078125
0 0.48828125 0.62265625 0.0296875 0.0890625
0 0.76328125 0.64765625 0.03515625 0.096875
0 0.70625 0.6515625 0.03671875 0.096875
0 0.67421875 0.65859375 0.0390625 0.08984375
0 0.6375 0.6640625 0.04140625 0.0890625
0 0.5890625 0.68359375 0.04296875 0.08125
0 0.55859375 0.68359375 0.03984375 0.096875
0 0.521875 0.696875 0.04375 0.09921875
0 0.4890625 0.703125 0.0390625 0.10390625
0 0.47265625 0.72265625 0.03828125 0.103125
1 0.51953125 0.5921875 0.03125 0.12421875