0 0.02578125 0.5296875 0.05078125 0.20234375
0 0.1140625 0.6609375 0.06328125 0.22265625
0 0.5328125 0.4328125 0.05390625 0.17578125
0 0.41328125 0.59453125 0.0609375 0.209375
0 0.50859375 0.23125 0.0421875 0.1484375
0 0.00546875 0.38125 0.0109375 0.165625
0 0.25234375 0.259375 0.0609375 0.15546875
0 0.66875 0.4203125 0.0484375 0.17734375
0 0.18828125 0.35859375 0.04765625 0.1625
0 0.10234375 0.22578125 0.04609375 0.14375
0 0.31328125 0.7078125 0.06484375 0.19765625
0 0.28984375 0.60390625 0.05625 0.2171875
0 0.18671875 0.26328125 0.046875 0.1484375
1 0.984375 0.57890625 0.03046875 0.19609375
0 0.66328125 0.35078125 0.04375 0.14375
1 0.16875 0.028125 0.0296875 0.05546875
0 0.33125 0.66953125 0.05625 0.209375