0 0.20078125 0.3796875 0.0484375 0.134375
0 0.6875 0.3796875 0.04375 0.134375
0 0.903125 0.44296875 0.0375 0.1671875
0 0.1359375 0.3265625 0.0328125 0.12265625
1 0.80625 0.21640625 0.03359375 0.10546875
0 0.11640625 0.4109375 0.0421875 0.14296875
0 0.55625 0.38046875 0.03828125 0.11953125
1 0.45625 0.2109375 0.0265625 0.09453125
1 0.32109375 0.43515625 0.040625 0.14609375
0 0.33671875 0.4046875 0.0296875 0.1328125
0 0.4984375 0.446875 0.04296875 0.15
0 0.26875 0.421875 0.0375 0.14140625
0 0.63984375 0.38984375 0.0421875 0.140625
0 0.428125 0.42109375 0.02734375 0.14609375
0 0.03359375 0.44296875 0.03671875 0.15859375
0 0.565625 0.4796875 0.04453125 0.1640625
0 0.2953125 0.3875 0.0375 0.1328125
0 0.034375 0.45546875 0.0328125 0.1578125
0 0.41015625 0.42578125 0.03046875 0.13671875
0 0.0171875 0.453125 0.034375 0.1453125
0 0.415625 0.39921875 0.021875 0.14296875
0 0.90703125 0.4046875 0.03125 0.08046875
1 0.178125 0.86484375 0.053125 0.26953125