1 0.9640625 0.51328125 0.03828125 0.171875
1 0.17421875 0.33203125 0.02578125 0.0796875
1 0.18515625 0.44453125 0.03984375 0.12734375
0 0.67734375 0.45 0.0296875 0.12734375
0 0.6046875 0.45078125 0.02265625 0.12265625
0 0.615625 0.44609375 0.02421875 0.1234375
0 0.59921875 0.4421875 0.01796875 0.12890625
0 0.57734375 0.42421875 0.02265625 0.115625
0 0.55625 0.4234375 0.01953125 0.109375
0 0.534375 0.4 0.02109375 0.0609375
0 0.5359375 0.44140625 0.021875 0.12265625
0 0.521875 0.46015625 0.0234375 0.13671875
0 0.51015625 0.4328125 0.02265625 0.12265625
0 0.48984375 0.45546875 0.01796875 0.1390625
0 0.47890625 0.46484375 0.03046875 0.1421875
0 0.47421875 0.39609375 0.01953125 0.05703125
0 0.4625 0.44765625 0.021875 0.134375
0 0.45625 0.4390625 0.01640625 0.11875
0 0.43984375 0.44375 0.021875 0.13046875
0 0.44296875 0.41484375 0.021875 0.1203125
0 0.40078125 0.4390625 0.0328125 0.11875
0 0.2953125 0.40390625 0.03203125 0.11328125