0 0.240625 0.64921875 0.046875 0.18828125
0 0.5796875 0.53828125 0.02890625 0.15
1 0.4765625 0.35078125 0.02578125 0.11484375
0 0.09140625 0.6109375 0.03515625 0.11015625
0 0.30390625 0.515625 0.02578125 0.15390625
0 0.7078125 0.4921875 0.03046875 0.1453125
1 0.59140625 0.5140625 0.021875 0.13515625
1 0.08359375 0.60625 0.0359375 0.18515625
0 0.5921875 0.4390625 0.02578125 0.11953125
1 0.74921875 0.41796875 0.0359375 0.15625
0 0.528125 0.5171875 0.03046875 0.14296875
0 0.7625 0.45234375 0.03515625 0.13515625
0 0.49453125 0.43046875 0.02421875 0.04296875
0 0.50234375 0.51875 0.02578125 0.13984375
0 0.4546875 0.55390625 0.021875 0.03515625
0 0.39921875 0.48046875 0.0296875 0.15546875
0 0.45859375 0.5 0.0234375 0.140625
0 0.471875 0.46796875 0.0203125 0.1359375
0 0.48046875 0.51171875 0.0265625 0.1578125
1 0.4390625 0.51484375 0.04375 0.1234375
0 0.83984375 0.384375 0.03125 0.121875