0 0.6828125 0.53203125 0.0375 0.10546875
1 0.31328125 0.471875 0.0265625 0.09296875
0 0.203125 0.5984375 0.034375 0.1
0 0.7234375 0.521875 0.03359375 0.09609375
0 0.39296875 0.52265625 0.0328125 0.10390625
1 0.85703125 0.4546875 0.028125 0.075
0 0.59140625 0.55703125 0.0359375 0.103125
1 0.4640625 0.5203125 0.02890625 0.1015625
0 0.53359375 0.5765625 0.02421875 0.11640625
0 0.63515625 0.54765625 0.02734375 0.10625
1 0.4546875 0.696875 0.03515625 0.121875
0 0.61328125 0.53203125 0.0328125 0.1015625
0 0.7578125 0.49296875 0.03046875 0.103125
0 0.9140625 0.540625 0.034375 0.1015625
0 0.9671875 0.584375 0.03203125 0.09453125
0 0.3609375 0.559375 0.0359375 0.10703125
0 0.62421875 0.4828125 0.02890625 0.08671875
0 0.240625 0.55859375 0.03984375 0.09453125
0 0.72578125 0.484375 0.0328125 0.08515625
0 0.3484375 0.528125 0.0328125 0.1
1 0.04765625 0.5 0.02734375 0.09921875
0 0.56171875 0.5703125 0.03125 0.090625
0 0.95390625 0.53046875 0.03359375 0.0890625
0 0.5703125 0.5515625 0.028125 0.103125
0 0.93984375 0.57890625 0.0328125 0.078125
0 0.64375 0.540625 0.0265625 0.0921875