0 0.62734375 0.68828125 0.05703125 0.1125
0 0.2390625 0.66640625 0.04296875 0.165625
0 0.81640625 0.8015625 0.07421875 0.17265625
0 0.50546875 0.43671875 0.034375 0.1109375
0 0.2953125 0.5984375 0.0453125 0.15546875
0 0.35703125 0.4875 0.0375 0.134375
0 0.16953125 0.56328125 0.0359375 0.1375
0 0.22265625 0.44296875 0.025 0.11953125
0 0.86171875 0.57421875 0.025 0.14140625
0 0.5609375 0.63125 0.05234375 0.0953125
0 0.7171875 0.57265625 0.0328125 0.15703125
1 0.1046875 0.6125 0.03125 0.1640625
0 0.5078125 0.81796875 0.04140625 0.18984375
0 0.60390625 0.640625 0.04609375 0.10078125
0 0.44140625 0.57734375 0.05078125 0.09921875
0 0.35546875 0.3515625 0.03359375 0.09765625
0 0.515625 0.675 0.0453125 0.153125
1 0.28203125 0.29921875 0.02734375 0.1
0 0.2 0.3546875 0.021875 0.09921875
0 0.4515625 0.628125 0.05390625 0.14140625
0 0.51796875 0.5984375 0.04921875 0.0953125
0 0.51953125 0.5421875 0.04765625 0.0390625
1 0.77109375 0.8921875 0.08125 0.14765625
0 0.4625 0.6109375 0.05625 0.109375
0 0.52109375 0.57421875 0.0453125 0.04921875