1 0.3734375 0.64375 0.03984375 0.12109375
1 0.71875 0.784375 0.03671875 0.15703125
1 0.6296875 0.5953125 0.03125 0.13203125
0 0.1125 0.696875 0.03671875 0.11953125
0 0.165625 0.690625 0.0359375 0.128125
0 0.0421875 0.665625 0.03671875 0.11640625
1 0.4875 0.56953125 0.02734375 0.125
0 0.0296875 0.709375 0.03515625 0.1234375
0 0.2390625 0.70078125 0.034375 0.1265625
0 0.12578125 0.6359375 0.0328125 0.10859375
0 0.18828125 0.67734375 0.0359375 0.12109375
0 0.2828125 0.67265625 0.03515625 0.115625
0 0.09375 0.6703125 0.0328125 0.1234375
0 0.26328125 0.675 0.034375 0.11953125
0 0.26796875 0.609375 0.0328125 0.10703125
0 0.3078125 0.6921875 0.03359375 0.12109375
0 0.15078125 0.62265625 0.0328125 0.1125
0 0.325 0.67890625 0.03203125 0.125
0 0.2390625 0.6453125 0.03359375 0.10390625
0 0.303125 0.6546875 0.0328125 0.109375
0 0.303125 0.63203125 0.0328125 0.103125