0 0.74609375 0.64921875 0.075 0.15078125
0 0.5109375 0.76953125 0.08359375 0.19296875
0 0.603125 0.41484375 0.0328125 0.12734375
0 0.41796875 0.5890625 0.04453125 0.17265625
0 0.85859375 0.415625 0.03125 0.11796875
0 0.71484375 0.37421875 0.0359375 0.1015625
0 0.29375 0.74375 0.053125 0.184375
1 0.79609375 0.45078125 0.03203125 0.146875
0 0.475 0.49765625 0.05546875 0.14765625
0 0.80234375 0.3265625 0.03671875 0.103125
0 0.9375 0.35546875 0.04140625 0.1140625
0 0.41796875 0.4375 0.053125 0.115625
0 0.38515625 0.4375 0.040625 0.1203125
0 0.35234375 0.4328125 0.028125 0.11640625
0 0.3328125 0.446875 0.02734375 0.15078125
0 0.31484375 0.43046875 0.01640625 0.13203125
0 0.29453125 0.4515625 0.05078125 0.13515625
0 0.25859375 0.41171875 0.0578125 0.09453125
0 0.20703125 0.41015625 0.0265625 0.12109375
0 0.20546875 0.41796875 0.046875 0.0984375
0 0.13515625 0.48203125 0.04296875 0.14609375
0 0.16640625 0.47265625 0.0296875 0.140625
1 0.703125 0.25859375 0.0265625 0.11015625