0 0.7984375 0.41171875 0.0390625 0.13515625
0 0.51171875 0.38125 0.025 0.11875
0 0.91796875 0.421875 0.025 0.1375
0 0.415625 0.38125 0.0328125 0.128125
0 0.828125 0.34765625 0.04140625 0.1140625
0 0.75703125 0.39140625 0.0359375 0.10625
0 0.4453125 0.5328125 0.03671875 0.15859375
0 0.1 0.4875 0.04453125 0.1484375
0 0.34453125 0.371875 0.0421875 0.13203125
1 0.45859375 0.3515625 0.02734375 0.11484375
0 0.63828125 0.32265625 0.025 0.109375
1 0.91953125 0.2984375 0.025 0.096875
0 0.47890625 0.3546875 0.0265625 0.10234375
1 0.47421875 0.23046875 0.02578125 0.1
0 0.72421875 0.4109375 0.0359375 0.08828125
0 0.3125 0.56328125 0.0390625 0.18046875
0 0.56015625 0.403125 0.03125 0.13671875
0 0.6546875 0.3765625 0.02578125 0.13125
0 0.54375 0.37421875 0.0296875 0.13125
0 0.6859375 0.41796875 0.03203125 0.08984375
0 0.69921875 0.42578125 0.02421875 0.13828125
0 0.58671875 0.37578125 0.01953125 0.1265625
0 0.66484375 0.4265625 0.02890625 0.121875
0 0.68125 0.4296875 0.03125 0.0890625
0 0.5984375 0.38515625 0.02109375 0.13046875