0 0.84609375 0.65 0.046875 0.1484375
0 0.5734375 0.62265625 0.05703125 0.096875
0 0.22421875 0.70234375 0.05 0.165625
0 0.8984375 0.6265625 0.05 0.1359375
0 0.69609375 0.4578125 0.046875 0.13671875
1 0.71015625 0.77265625 0.04296875 0.19453125
0 0.30234375 0.7125 0.0515625 0.13984375
0 0.77421875 0.71796875 0.0421875 0.16796875
0 0.50859375 0.66875 0.0625 0.10390625
0 0.3703125 0.790625 0.0453125 0.1625
0 0.6265625 0.66484375 0.04140625 0.1375
0 0.9203125 0.4828125 0.03515625 0.1234375
0 0.44921875 0.7078125 0.07734375 0.11015625
0 0.6171875 0.5671875 0.04140625 0.13125
1 0.00859375 0.5 0.0171875 0.1578125
0 0.315625 0.61796875 0.0453125 0.13125
0 0.40234375 0.625 0.03046875 0.159375
0 0.49609375 0.590625 0.05 0.0890625
0 0.3578125 0.696875 0.0546875 0.1125
0 0.4578125 0.6125 0.04765625 0.08359375
0 0.38515625 0.6640625 0.0546875 0.1109375
1 0.940625 0.36484375 0.02734375 0.09921875
0 0.4421875 0.65234375 0.053125 0.0890625
0 0.40546875 0.57734375 0.0359375 0.11640625