0 0.7515625 0.4890625 0.05703125 0.21953125
0 0.546875 0.47109375 0.05390625 0.21640625
0 0.6203125 0.36171875 0.0453125 0.2015625
0 0.6875 0.4015625 0.05 0.196875
0 0.6296875 0.6546875 0.0703125 0.240625
0 0.35546875 0.60546875 0.05 0.24453125
1 0.4203125 0.046875 0.03203125 0.0890625
0 0.36484375 0.509375 0.0546875 0.20390625
1 0.96171875 0.06015625 0.0359375 0.1125
0 0.65234375 0.415625 0.05390625 0.1859375
0 0.4734375 0.60078125 0.06875 0.1984375
0 0.4265625 0.59375 0.06953125 0.1515625
0 0.42421875 0.715625 0.103125 0.13359375
0 0.46796875 0.3984375 0.05 0.203125
1 0.3140625 0.775 0.06640625 0.28828125
0 0.6328125 0.5375 0.05 0.20078125
0 0.4234375 0.45703125 0.06015625 0.19140625
0 0.6015625 0.634375 0.06171875 0.22890625
1 0.38125 0.41640625 0.04921875 0.2
0 0.46015625 0.37421875 0.05 0.20546875
0 0.515625 0.73203125 0.0796875 0.13046875
0 0.62109375 0.5796875 0.05078125 0.20546875
0 0.3078125 0.6625 0.05078125 0.2109375
0 0.48046875 0.753125 0.153125 0.07890625