0 0.67578125 0.63046875 0.059375 0.2765625
0 0.42734375 0.50625 0.0578125 0.225
1 0.453125 0.8796875 0.071875 0.240625
0 0.83828125 0.63359375 0.0828125 0.29140625
0 0.77109375 0.5390625 0.075 0.2625
1 0.6171875 0.48125 0.08359375 0.2421875
0 0.48203125 0.790625 0.06875 0.325
0 0.5609375 0.759375 0.0734375 0.3359375
0 0.2515625 0.8265625 0.0546875 0.346875
0 0.8921875 0.5390625 0.0890625 0.271875
0 0.621875 0.5953125 0.0625 0.259375
0 0.178125 0.91484375 0.065625 0.1703125
0 0.14375 0.83984375 0.0796875 0.3203125
0 0.228125 0.84375 0.07734375 0.31171875
0 0.58203125 0.56640625 0.071875 0.11640625
0 0.55703125 0.4875 0.0421875 0.23125
0 0.54140625 0.52265625 0.04921875 0.259375
0 0.46796875 0.51328125 0.06484375 0.221875
0 0.51015625 0.49140625 0.040625 0.259375