0 0.925 0.34921875 0.0390625 0.16171875
0 0.97734375 0.30078125 0.0453125 0.1390625
0 0.41875 0.3734375 0.03828125 0.13125
0 0.5359375 0.3625 0.0328125 0.13359375
0 0.0609375 0.4421875 0.0609375 0.14765625
0 0.146875 0.321875 0.0296875 0.1359375
0 0.1734375 0.36640625 0.0609375 0.14375
1 0.809375 0.8125 0.04921875 0.2203125
0 0.77421875 0.36484375 0.04609375 0.1390625
0 0.6921875 0.3625 0.04609375 0.146875
0 0.828125 0.33203125 0.04609375 0.15234375
0 0.75859375 0.33828125 0.02578125 0.14765625
0 0.6171875 0.246875 0.0296875 0.13359375
0 0.37109375 0.4125 0.04765625 0.1546875
0 0.27421875 0.3953125 0.03359375 0.17421875
0 0.70625 0.38828125 0.0390625 0.15625
0 0.59921875 0.34375 0.03515625 0.15
0 0.68203125 0.30703125 0.03515625 0.1390625
1 0.4953125 0.3984375 0.03828125 0.15078125
0 0.2828125 0.35390625 0.02421875 0.15078125
0 0.71953125 0.35078125 0.02734375 0.15546875
0 0.23828125 0.3625 0.03125 0.0828125
0 0.25546875 0.44140625 0.03125 0.16328125
1 0.328125 0.1453125 0.02890625 0.1015625