0 0.7046875 0.56015625 0.07265625 0.1578125
0 0.58515625 0.73125 0.0796875 0.196875
0 0.21953125 0.72890625 0.04609375 0.2078125
0 0.0796875 0.42578125 0.03984375 0.16171875
1 0.2609375 0.409375 0.0453125 0.14140625
0 0.39453125 0.5515625 0.0421875 0.14765625
0 0.85859375 0.43203125 0.05 0.15
0 0.790625 0.42578125 0.04453125 0.1484375
1 0.4640625 0.940625 0.06953125 0.11875
0 0.540625 0.45078125 0.053125 0.11015625
0 0.40625 0.4578125 0.03828125 0.13828125
0 0.6375 0.45 0.05625 0.115625
0 0.56796875 0.40390625 0.0421875 0.10390625
0 0.5421875 0.4046875 0.04765625 0.090625
1 0.63046875 0.2421875 0.03359375 0.125
0 0.653125 0.390625 0.04453125 0.10703125
0 0.62109375 0.34296875 0.04453125 0.109375
0 0.4328125 0.3984375 0.03515625 0.1421875
0 0.61484375 0.42109375 0.05234375 0.10078125
0 0.64921875 0.35234375 0.04140625 0.1109375
0 0.634375 0.41015625 0.0515625 0.0921875
0 0.434375 0.31796875 0.0328125 0.11875
0 0.4375 0.28125 0.03125 0.11171875
0 0.7875 0.39375 0.03515625 0.15625
0 0.63984375 0.428125 0.05078125 0.08046875