0 0.41640625 0.603125 0.05625 0.18046875
0 0.11484375 0.39140625 0.04375 0.14140625
0 0.35234375 0.48515625 0.0421875 0.1765625
0 0.196875 0.44921875 0.046875 0.14609375
0 0.53828125 0.4484375 0.0421875 0.15546875
0 0.5078125 0.40546875 0.03984375 0.146875
0 0.5671875 0.35546875 0.03359375 0.1359375
0 0.9015625 0.37421875 0.040625 0.14296875
0 0.5671875 0.234375 0.028125 0.11953125
0 0.371875 0.440625 0.04296875 0.17109375
0 0.2703125 0.4140625 0.0515625 0.11953125
1 0.6453125 0.38984375 0.028125 0.140625
0 0.41015625 0.396875 0.0375 0.1515625
0 0.1609375 0.45390625 0.04609375 0.1640625
0 0.35 0.22734375 0.0390625 0.115625
0 0.24375 0.328125 0.040625 0.121875
1 0.4609375 0.1515625 0.02578125 0.1
0 0.2203125 0.371875 0.03984375 0.12890625
0 0.2703125 0.38359375 0.04765625 0.096875
0 0.2140625 0.42109375 0.04375 0.1140625
0 0.27578125 0.33359375 0.0421875 0.1109375
0 0.41484375 0.3578125 0.0375 0.14296875
0 0.4125 0.3 0.03515625 0.11640625
0 0.4125 0.32421875 0.03671875 0.134375