0 0.640625 0.6765625 0.05859375 0.14609375
0 0.44296875 0.5234375 0.046875 0.1140625
0 0.55703125 0.81953125 0.046875 0.159375
0 0.31796875 0.5859375 0.03984375 0.1296875
0 0.346875 0.66796875 0.0359375 0.15390625
0 0.2828125 0.4421875 0.03125 0.11640625
0 0.73046875 0.79375 0.06015625 0.15859375
0 0.6109375 0.63046875 0.03359375 0.13515625
0 0.51484375 0.42421875 0.03359375 0.1140625
0 0.71953125 0.59140625 0.04296875 0.0984375
0 0.47109375 0.55234375 0.05859375 0.1234375
0 0.5421875 0.6765625 0.05234375 0.159375
0 0.8515625 0.5765625 0.04296875 0.11171875
1 0.12421875 0.61328125 0.05703125 0.16171875
0 0.2859375 0.35078125 0.03046875 0.0890625
0 0.5078125 0.60859375 0.07578125 0.14140625
0 0.13671875 0.55546875 0.03671875 0.13125
0 0.3203125 0.3546875 0.03671875 0.10390625
1 0.2921875 0.2953125 0.0296875 0.09453125
0 0.4921875 0.5640625 0.05078125 0.11484375
0 0.53984375 0.59375 0.03125 0.1234375
1 0.7609375 0.8984375 0.053125 0.18046875
0 0.51015625 0.56171875 0.046875 0.10546875