1 0.1234375 0.53203125 0.03203125 0.14765625
0 0.815625 0.43359375 0.0265625 0.115625
0 0.30625 0.45625 0.03125 0.1234375
1 0.89765625 0.459375 0.03125 0.13203125
1 0.8984375 0.35234375 0.0265625 0.071875
0 0.67578125 0.47109375 0.03203125 0.13046875
0 0.5671875 0.48125 0.0296875 0.13359375
0 0.4078125 0.4671875 0.03046875 0.12109375
0 0.4625 0.45546875 0.0234375 0.125
0 0.4375 0.4265625 0.02421875 0.103125
0 0.51328125 0.45546875 0.0265625 0.109375
0 0.48984375 0.43828125 0.021875 0.12109375
0 0.50546875 0.44296875 0.02890625 0.11640625
0 0.62578125 0.4703125 0.03203125 0.13125
0 0.60078125 0.46328125 0.03046875 0.13125
0 0.54609375 0.48359375 0.02734375 0.13671875
0 0.61484375 0.39140625 0.02421875 0.0703125
0 0.58203125 0.4015625 0.01875 0.0640625
0 0.57734375 0.4234375 0.015625 0.0640625
0 0.5609375 0.4265625 0.01796875 0.05703125
0 0.628125 0.4609375 0.02578125 0.1234375
0 0.67734375 0.45390625 0.0234375 0.1171875