0 0.31953125 0.53203125 0.0375 0.1234375
0 0.8203125 0.67421875 0.04453125 0.1609375
0 0.915625 0.728125 0.0484375 0.17421875
1 0.32734375 0.71875 0.040625 0.16484375
0 0.71953125 0.70078125 0.04609375 0.16328125
0 0.68515625 0.709375 0.04609375 0.15546875
0 0.4140625 0.66796875 0.0359375 0.140625
0 0.43984375 0.6 0.0359375 0.13359375
0 0.38828125 0.5171875 0.04453125 0.12109375
0 0.778125 0.73125 0.0390625 0.15546875
0 0.25625 0.509375 0.03515625 0.11015625
0 0.5828125 0.5328125 0.040625 0.11796875
0 0.51640625 0.5390625 0.046875 0.10390625
0 0.55234375 0.54375 0.0421875 0.09375
0 0.41328125 0.47890625 0.028125 0.11328125
0 0.53046875 0.57109375 0.04453125 0.07890625
0 0.75703125 0.74765625 0.04296875 0.16171875
1 0.78203125 0.51796875 0.0296875 0.10703125
0 0.5328125 0.48359375 0.03515625 0.10703125
0 0.51484375 0.471875 0.03671875 0.11328125
0 0.56328125 0.475 0.034375 0.10546875
0 0.77265625 0.703125 0.040625 0.1390625
0 0.44609375 0.46796875 0.02890625 0.11875