0 0.5578125 0.8390625 0.02734375 0.08671875
0 0.32109375 0.74609375 0.0203125 0.0734375
0 0.0875 0.76015625 0.02578125 0.07421875
0 0.5109375 0.8140625 0.0265625 0.08828125
0 0.5703125 0.78671875 0.028125 0.08828125
0 0.284375 0.7390625 0.025 0.0671875
0 0.40546875 0.81484375 0.0296875 0.0828125
0 0.70625 0.78203125 0.028125 0.0796875
0 0.45234375 0.76640625 0.02421875 0.08828125
0 0.48671875 0.7359375 0.02421875 0.0703125
1 0.740625 0.73671875 0.02265625 0.0796875
0 0.69609375 0.76953125 0.028125 0.075
0 0.37578125 0.78125 0.0234375 0.08203125
0 0.43359375 0.7921875 0.0265625 0.078125
1 0.4515625 0.66796875 0.02265625 0.05703125
0 0.5921875 0.828125 0.0296875 0.08828125
0 0.37109375 0.8421875 0.0328125 0.09296875
0 0.13046875 0.73984375 0.02109375 0.0703125
0 0.36171875 0.8171875 0.02421875 0.07734375
0 0.6484375 0.85703125 0.03359375 0.04453125
0 0.50703125 0.790625 0.0265625 0.07109375
0 0.41875 0.796875 0.02890625 0.075
0 0.596875 0.82109375 0.028125 0.0859375
0 0.9765625 0.27109375 0.046875 0.06015625
0 0.96875 0.26171875 0.046875 0.06640625
0 0.97734375 0.209375 0.04296875 0.06171875
0 0.38984375 0.27890625 0.07890625 0.06953125