0 0.73359375 0.7734375 0.03125 0.08671875
1 0.77421875 0.72734375 0.02421875 0.08828125
0 0.4578125 0.825 0.03046875 0.10859375
0 0.43046875 0.76484375 0.0265625 0.09140625
0 0.6484375 0.8296875 0.028125 0.09140625
0 0.50703125 0.784375 0.02421875 0.090625
0 0.39140625 0.7328125 0.028125 0.08359375
0 0.60546875 0.840625 0.03125 0.09765625
0 0.47265625 0.76015625 0.02734375 0.09765625
0 0.44921875 0.72890625 0.02265625 0.08671875
0 0.41640625 0.81953125 0.028125 0.0953125
1 0.43515625 0.64765625 0.0203125 0.06484375
0 0.14609375 0.7296875 0.0265625 0.08828125
0 0.63046875 0.8390625 0.03046875 0.096875
0 0.6578125 0.778125 0.0328125 0.09375
0 0.69453125 0.85625 0.0453125 0.0625
0 0.590625 0.784375 0.02890625 0.09921875
0 0.4609375 0.78125 0.028125 0.0921875
0 0.640625 0.73984375 0.02421875 0.08203125
0 0.39921875 0.8125 0.0265625 0.09921875
0 0.4078125 0.7296875 0.02578125 0.07578125
0 0.1484375 0.7515625 0.028125 0.0828125
0 0.4015625 0.78671875 0.0265625 0.0734375
0 0.221875 0.2140625 0.05859375 0.0875