0 0.796875 0.66171875 0.0828125 0.225
0 0.19765625 0.45546875 0.0578125 0.18671875
0 0.675 0.41484375 0.07109375 0.1765625
0 0.5453125 0.38515625 0.06171875 0.1171875
0 0.26171875 0.28515625 0.05078125 0.1578125
0 0.31171875 0.3265625 0.05546875 0.14921875
0 0.6546875 0.30625 0.05546875 0.13515625
1 0.03828125 0.321875 0.04921875 0.1390625
0 0.51015625 0.359375 0.05390625 0.11015625
1 0.30234375 0.16171875 0.04375 0.1375
0 0.35 0.7234375 0.0671875 0.24921875
0 0.45390625 0.42265625 0.071875 0.12109375
0 0.35390625 0.178125 0.0515625 0.14609375
0 0.075 0.2265625 0.04765625 0.15234375
0 0.51328125 0.25234375 0.0515625 0.1015625
0 0.41171875 0.359375 0.06015625 0.10234375
0 0.34609375 0.3578125 0.0515625 0.14921875
0 0.38828125 0.32578125 0.05859375 0.1046875
0 0.478125 0.32734375 0.05390625 0.084375
0 0.35703125 0.30234375 0.05546875 0.09453125
0 0.44765625 0.38515625 0.05859375 0.10859375
0 0.5109375 0.31015625 0.053125 0.08828125
0 0.46796875 0.29921875 0.0515625 0.0796875
0 0.4796875 0.34296875 0.06015625 0.1046875