0 0.5859375 0.596875 0.04453125 0.1390625
0 0.5078125 0.54921875 0.03984375 0.13203125
0 0.54140625 0.4546875 0.0390625 0.134375
0 0.2125 0.5203125 0.0453125 0.0984375
0 0.4515625 0.528125 0.05859375 0.09453125
1 0.64765625 0.3546875 0.03125 0.109375
0 0.690625 0.47890625 0.03984375 0.13046875
0 0.2890625 0.58125 0.05078125 0.10390625
0 0.278125 0.4953125 0.04609375 0.0984375
1 0.73359375 0.50390625 0.0328125 0.1390625
0 0.57421875 0.50078125 0.040625 0.115625
0 0.5796875 0.390625 0.03828125 0.10546875
0 0.3515625 0.4671875 0.03203125 0.1125
0 0.3640625 0.584375 0.04609375 0.12890625
0 0.48984375 0.50234375 0.04375 0.090625
0 0.40625 0.4296875 0.040625 0.115625
0 0.725 0.4078125 0.0328125 0.109375
0 0.3203125 0.559375 0.04921875 0.096875
0 0.39140625 0.56796875 0.05 0.10859375
0 0.42421875 0.55234375 0.053125 0.10390625
0 0.35 0.54765625 0.03828125 0.09296875
0 0.4140625 0.490625 0.04375 0.07890625
0 0.37734375 0.52734375 0.0421875 0.084375
0 0.340625 0.553125 0.04296875 0.09140625
0 0.3671875 0.534375 0.040625 0.090625
0 0.4171875 0.47890625 0.040625 0.078125