0 0.54921875 0.47421875 0.0375 0.14296875
0 0.7109375 0.5 0.0328125 0.15546875
0 0.75703125 0.515625 0.0375 0.14921875
0 0.52109375 0.47890625 0.03515625 0.14765625
0 0.61328125 0.503125 0.03671875 0.14375
0 0.81875 0.54375 0.0390625 0.10625
0 0.48203125 0.48828125 0.034375 0.1328125
0 0.6296875 0.5515625 0.04140625 0.1640625
0 0.3984375 0.45234375 0.0546875 0.1421875
0 0.640625 0.49453125 0.03984375 0.12734375
0 0.8 0.53984375 0.04375 0.11875
0 0.75546875 0.4140625 0.0296875 0.1140625
0 0.7296875 0.48203125 0.03359375 0.1359375
0 0.46328125 0.47265625 0.03359375 0.121875
1 0.396875 0.48828125 0.03125 0.1390625
0 0.8328125 0.4875 0.034375 0.125
0 0.83359375 0.51796875 0.07109375 0.0921875
1 0.90546875 0.43046875 0.04296875 0.12734375
1 0.7734375 0.3984375 0.02890625 0.11796875
0 0.21875 0.58359375 0.03671875 0.16796875
0 0.2609375 0.53125 0.03671875 0.14375
0 0.50234375 0.4375 0.04296875 0.12890625
0 0.84375 0.48515625 0.0296875 0.13203125
0 0.775 0.53359375 0.0578125 0.04140625