0 0.37734375 0.55234375 0.0390625 0.125
0 0.4375 0.73125 0.0515625 0.1828125
0 0.43359375 0.6 0.05703125 0.14765625
0 0.296875 0.56015625 0.0375 0.159375
0 0.75703125 0.5375 0.0375 0.1390625
0 0.503125 0.565625 0.06328125 0.090625
0 0.45625 0.525 0.0546875 0.10546875
0 0.1875 0.665625 0.03828125 0.1734375
0 0.7390625 0.584375 0.0453125 0.13046875
0 0.61796875 0.43671875 0.0375 0.10703125
0 0.653125 0.49609375 0.04609375 0.09140625
0 0.6140625 0.59609375 0.05546875 0.1375
0 0.6046875 0.521875 0.0421875 0.0578125
0 0.66484375 0.47578125 0.04140625 0.08671875
0 0.48125 0.46328125 0.03359375 0.125
1 0.3375 0.24921875 0.0203125 0.09296875
0 0.54140625 0.5390625 0.04140625 0.07265625
0 0.553125 0.51171875 0.04609375 0.08359375
1 0.30390625 0.48125 0.0359375 0.115625
1 0.79375 0.27421875 0.0265625 0.09296875
1 0.2484375 0.865625 0.0515625 0.24453125
0 0.63125 0.51484375 0.04375 0.06953125
0 0.575 0.6015625 0.04765625 0.10546875
0 0.60390625 0.5453125 0.04609375 0.0546875
0 0.6328125 0.42578125 0.0234375 0.09765625
0 0.6359375 0.53984375 0.03125 0.09375