0 0.63515625 0.546875 0.03984375 0.153125
0 0.26796875 0.44765625 0.04453125 0.11796875
0 0.5671875 0.3859375 0.04453125 0.10703125
0 0.59765625 0.4265625 0.03984375 0.1109375
1 0.69296875 0.446875 0.03359375 0.1296875
0 0.521875 0.45703125 0.03984375 0.11484375
0 0.4046875 0.46796875 0.04765625 0.09609375
0 0.1296875 0.5484375 0.04609375 0.13828125
0 0.64765625 0.37890625 0.03828125 0.10390625
0 0.3546875 0.48203125 0.04296875 0.11640625
0 0.1015625 0.515625 0.0453125 0.13984375
0 0.4734375 0.4375 0.0484375 0.0953125
0 0.43984375 0.421875 0.046875 0.0953125
0 0.91875 0.4140625 0.0328125 0.11640625
0 0.3921875 0.37890625 0.03984375 0.08515625
0 0.38359375 0.43828125 0.04453125 0.08203125
0 0.34921875 0.45078125 0.0421875 0.09140625
0 0.5328125 0.415625 0.0453125 0.090625
0 0.4171875 0.4078125 0.0390625 0.0859375
0 0.4921875 0.39296875 0.0390625 0.07890625
0 0.47265625 0.396875 0.03984375 0.06953125
1 0.896875 0.26953125 0.02265625 0.08046875
0 0.48359375 0.35859375 0.03671875 0.065625
0 0.45390625 0.41796875 0.02578125 0.07421875