0 0.853125 0.53515625 0.0515625 0.16328125
1 0.940625 0.46796875 0.03359375 0.1421875
1 0.48984375 0.28125 0.034375 0.11484375
0 0.5484375 0.54609375 0.0484375 0.18125
0 0.37734375 0.5 0.0359375 0.1625
0 0.3453125 0.4625 0.0328125 0.171875
0 0.215625 0.36796875 0.03515625 0.1265625
0 0.20390625 0.50625 0.03984375 0.171875
0 0.184375 0.4453125 0.03671875 0.159375
0 0.1953125 0.5546875 0.0421875 0.14375
0 0.18515625 0.58046875 0.05703125 0.1078125
0 0.11328125 0.56953125 0.046875 0.1671875
0 0.29296875 0.6734375 0.0515625 0.1875
0 0.1203125 0.5046875 0.03828125 0.140625
0 0.15546875 0.48515625 0.05390625 0.1515625
0 0.12421875 0.46015625 0.04765625 0.1515625
0 0.07578125 0.40703125 0.03046875 0.1609375
0 0.06875 0.53125 0.03828125 0.159375
0 0.0359375 0.51484375 0.0453125 0.1828125
1 0.05078125 0.47265625 0.0359375 0.1453125
0 0.01484375 0.43359375 0.02890625 0.1421875