0 0.61875 0.70234375 0.04140625 0.12578125
1 0.57109375 0.65078125 0.0421875 0.12578125
1 0.16328125 0.80703125 0.04453125 0.16171875
1 0.3484375 0.6078125 0.03125 0.11171875
1 0.50078125 0.58359375 0.03046875 0.10859375
0 0.63125 0.65625 0.034375 0.128125
0 0.99140625 0.67421875 0.01640625 0.12265625
0 0.72578125 0.7203125 0.040625 0.08828125
0 0.70703125 0.6609375 0.0359375 0.12734375
0 0.69375 0.69375 0.0390625 0.12421875
0 0.77734375 0.63359375 0.03671875 0.1046875
0 0.93203125 0.67109375 0.0328125 0.115625
0 0.9140625 0.709375 0.0359375 0.10859375
0 0.675 0.66484375 0.0359375 0.134375
0 0.7765625 0.67265625 0.03671875 0.1078125
0 0.79375 0.68984375 0.0375 0.12265625
0 0.7421875 0.6875 0.0359375 0.11484375
0 0.6828125 0.62890625 0.03359375 0.115625
0 0.821875 0.67265625 0.03515625 0.115625
0 0.9234375 0.675 0.03203125 0.1078125
0 0.8140625 0.61953125 0.03359375 0.08828125