0 0.82109375 0.596875 0.0359375 0.14140625
0 0.453125 0.5375 0.03125 0.13359375
0 0.30703125 0.60390625 0.03671875 0.1296875
0 0.6125 0.59140625 0.04375 0.090625
0 0.584375 0.59765625 0.03984375 0.08828125
1 0.0875 0.6796875 0.0484375 0.165625
0 0.63125 0.553125 0.0359375 0.12421875
0 0.5546875 0.496875 0.03046875 0.11875
0 0.528125 0.575 0.02734375 0.13359375
0 0.48125 0.5046875 0.028125 0.1171875
0 0.4203125 0.55546875 0.02578125 0.06796875
0 0.40390625 0.56796875 0.0265625 0.13203125
1 0.75703125 0.28828125 0.02109375 0.08046875
0 0.503125 0.553125 0.04140625 0.115625
0 0.3421875 0.5609375 0.02734375 0.140625
0 0.51171875 0.540625 0.021875 0.11953125
0 0.53828125 0.478125 0.03515625 0.10390625
0 0.31640625 0.56796875 0.028125 0.128125
0 0.57109375 0.58515625 0.0234375 0.07890625
0 0.50234375 0.525 0.03046875 0.0484375
0 0.509375 0.578125 0.046875 0.06015625
1 0.35703125 0.484375 0.01640625 0.0875
0 0.35703125 0.50859375 0.025 0.12421875
0 0.3375 0.50234375 0.02109375 0.09921875
0 0.42578125 0.58984375 0.03984375 0.0625