0 0.58671875 0.5453125 0.0453125 0.11015625
0 0.41953125 0.65078125 0.05703125 0.1328125
0 0.49453125 0.64375 0.06015625 0.09765625
0 0.8078125 0.6140625 0.04921875 0.1015625
0 0.74375 0.65703125 0.04453125 0.1046875
0 0.61484375 0.6390625 0.05 0.103125
0 0.059375 0.7484375 0.0390625 0.16953125
0 0.7375 0.5671875 0.04765625 0.09453125
1 0.46015625 0.4953125 0.03359375 0.13125
0 0.38984375 0.80234375 0.0578125 0.178125
0 0.740625 0.496875 0.03828125 0.1046875
0 0.41875 0.59765625 0.046875 0.12109375
0 0.77265625 0.5515625 0.04609375 0.0921875
0 0.528125 0.68515625 0.0546875 0.1046875
1 0.1625 0.82578125 0.05 0.1765625
0 0.55234375 0.6171875 0.05234375 0.084375
0 0.57109375 0.66328125 0.05234375 0.09765625
0 0.31015625 0.60859375 0.040625 0.146875
1 0.99453125 0.74296875 0.0109375 0.146875
0 0.68671875 0.44453125 0.03359375 0.11171875
0 0.6484375 0.61328125 0.046875 0.09609375
1 0.7765625 0.30234375 0.0296875 0.090625
0 0.675 0.55625 0.0453125 0.07890625
0 0.63046875 0.58515625 0.04609375 0.08046875
0 0.69375 0.6109375 0.04609375 0.1
0 0.68671875 0.6 0.02578125 0.1609375