0 0.71015625 0.56796875 0.06875 0.15234375
0 0.58828125 0.73828125 0.07890625 0.18828125
0 0.39921875 0.5546875 0.04296875 0.14921875
0 0.43671875 0.29375 0.03984375 0.10859375
0 0.70234375 0.3671875 0.0421875 0.11484375
0 0.2265625 0.7390625 0.04921875 0.196875
0 0.47890625 0.38515625 0.04140625 0.12578125
0 0.09453125 0.41171875 0.0328125 0.1421875
0 0.8 0.4421875 0.04140625 0.12421875
0 0.5484375 0.46875 0.05859375 0.09609375
0 0.640625 0.465625 0.046875 0.10703125
1 0.2515625 0.4140625 0.034375 0.13984375
0 0.63046875 0.4171875 0.04296875 0.0765625
0 0.4359375 0.41171875 0.034375 0.12421875
0 0.7921875 0.3859375 0.03984375 0.11953125
1 0.47890625 0.94921875 0.0640625 0.10078125
0 0.42734375 0.4421875 0.0359375 0.1359375
0 0.5765625 0.415625 0.04609375 0.08515625
0 0.55078125 0.4265625 0.05078125 0.07578125
1 0.63203125 0.246875 0.034375 0.11171875
0 0.5703125 0.38671875 0.04375 0.07109375
0 0.61484375 0.4328125 0.0421875 0.0875
0 0.6375 0.4484375 0.04296875 0.08828125
0 0.65 0.40625 0.03984375 0.1
0 0.6546875 0.38984375 0.03984375 0.084375