0 0.97265625 0.6578125 0.05234375 0.153125
1 0.828125 0.7640625 0.04765625 0.17578125
0 0.696875 0.540625 0.04296875 0.13203125
1 0.2015625 0.23984375 0.03125 0.090625
0 0.14375 0.53203125 0.04765625 0.1125
0 0.2328125 0.51953125 0.04921875 0.10390625
1 0.53984375 0.4359375 0.034375 0.128125
0 0.3359375 0.40703125 0.03984375 0.10625
0 0.26875 0.48828125 0.03828125 0.11328125
0 0.215625 0.4625 0.0421875 0.10390625
0 0.72421875 0.721875 0.04453125 0.159375
0 0.228125 0.44921875 0.03984375 0.09765625
0 0.53984375 0.55078125 0.02890625 0.14375
0 0.50234375 0.51953125 0.03984375 0.12109375
0 0.4625 0.5390625 0.04296875 0.13203125
0 0.45234375 0.50546875 0.04296875 0.121875
0 0.42421875 0.59296875 0.040625 0.14921875
0 0.37578125 0.5703125 0.02734375 0.1265625
0 0.37890625 0.5171875 0.04375 0.125
0 0.32578125 0.53359375 0.0359375 0.13203125
0 0.3046875 0.5046875 0.0390625 0.109375
0 0.3453125 0.4828125 0.0359375 0.1390625
0 0.3515625 0.49453125 0.034375 0.09921875
0 0.3390625 0.46796875 0.025 0.075
0 0.2828125 0.50078125 0.02890625 0.1375