0 0.81796875 0.5828125 0.034375 0.1375
0 0.46015625 0.525 0.03046875 0.1296875
0 0.3171875 0.58984375 0.03515625 0.1265625
0 0.615625 0.578125 0.04296875 0.08828125
0 0.5875 0.58359375 0.0390625 0.0859375
1 0.103125 0.66328125 0.04765625 0.16171875
0 0.63359375 0.540625 0.034375 0.12109375
0 0.55859375 0.4859375 0.0296875 0.115625
0 0.5328125 0.56171875 0.0265625 0.1296875
0 0.4875 0.49375 0.02734375 0.11484375
0 0.428125 0.54296875 0.02578125 0.065625
0 0.41171875 0.55546875 0.02578125 0.12890625
1 0.75625 0.28203125 0.0203125 0.07890625
0 0.50859375 0.540625 0.040625 0.1125
0 0.3515625 0.5484375 0.0265625 0.13671875
0 0.5171875 0.52890625 0.021875 0.1171875
0 0.54296875 0.46796875 0.03359375 0.10078125
0 0.3265625 0.5546875 0.028125 0.125
0 0.57421875 0.571875 0.02265625 0.0765625
0 0.5078125 0.51328125 0.0296875 0.046875
0 0.51484375 0.56484375 0.04609375 0.05859375
1 0.36640625 0.4734375 0.015625 0.0859375
0 0.36640625 0.496875 0.02421875 0.12109375
0 0.34765625 0.49140625 0.02109375 0.096875
0 0.4328125 0.5765625 0.0390625 0.0609375