1 0.36953125 0.08125 0.021875 0.115625
1 0.8875 0.11171875 0.0265625 0.115625
1 0.303125 0.39609375 0.04296875 0.16953125
1 0.265625 0.83984375 0.07578125 0.290625
0 0.86484375 0.475 0.05 0.19140625
0 0.70078125 0.41640625 0.046875 0.1609375
0 0.6640625 0.38671875 0.03046875 0.159375
0 0.609375 0.3875 0.04765625 0.1890625
0 0.5609375 0.4515625 0.046875 0.19140625
0 0.5453125 0.52890625 0.03515625 0.2140625
0 0.52578125 0.63359375 0.04375 0.19453125
0 0.290625 0.634375 0.0421875 0.22890625
0 0.40625 0.64453125 0.0671875 0.1109375
0 0.43828125 0.6390625 0.0578125 0.2140625
0 0.4890625 0.6484375 0.06640625 0.20546875
0 0.50625 0.56015625 0.04609375 0.20390625
0 0.47578125 0.55859375 0.0359375 0.1140625
0 0.45078125 0.484375 0.0453125 0.209375
0 0.36640625 0.46015625 0.0390625 0.20703125
0 0.4171875 0.378125 0.03828125 0.19296875
0 0.4546875 0.37109375 0.040625 0.128125