0 0.98359375 0.7609375 0.0328125 0.16875
0 0.859375 0.728125 0.059375 0.14375
0 0.76640625 0.76484375 0.0515625 0.1640625
0 0.8359375 0.5734375 0.040625 0.12890625
0 0.89453125 0.5828125 0.05546875 0.12734375
0 0.6109375 0.5234375 0.0375 0.115625
0 0.72265625 0.81796875 0.06015625 0.16640625
1 0.7421875 0.546875 0.03828125 0.12578125
0 0.678125 0.8625 0.078125 0.16484375
0 0.70546875 0.53359375 0.03828125 0.115625
0 0.31015625 0.52890625 0.0484375 0.115625
0 0.92421875 0.5 0.046875 0.115625
0 0.52109375 0.53359375 0.04296875 0.121875
0 0.48359375 0.53515625 0.04296875 0.1234375
1 0.26328125 0.4421875 0.03046875 0.11015625
1 0.77109375 0.4109375 0.02734375 0.103125
0 0.41875 0.52890625 0.021875 0.0984375
0 0.271875 0.528125 0.05 0.12890625
0 0.4640625 0.4875 0.03828125 0.11484375
0 0.2734375 0.4953125 0.04296875 0.1234375
0 0.45859375 0.49140625 0.03125 0.10703125
0 0.50625 0.5265625 0.03828125 0.10859375
0 0.44921875 0.52421875 0.034375 0.0859375
0 0.41640625 0.52109375 0.02265625 0.09140625