1 0.95703125 0.5390625 0.08515625 0.3265625
0 0.92578125 0.3265625 0.07734375 0.26640625
0 0.35625 0.47890625 0.059375 0.29375
0 0.22890625 0.63359375 0.14296875 0.2953125
1 0.159375 0.9453125 0.08984375 0.10859375
0 0.56328125 0.07734375 0.0515625 0.1546875
0 0.6125 0.56640625 0.09921875 0.3046875
0 0.5078125 0.86171875 0.134375 0.2765625
0 0.89453125 0.9515625 0.09921875 0.09609375
0 0.7453125 0.93828125 0.084375 0.1234375
0 0.590625 0.865625 0.14375 0.26875
0 0.421875 0.4875 0.06875 0.20234375
0 0.5515625 0.62109375 0.084375 0.2453125
0 0.53515625 0.6375 0.02265625 0.06796875
0 0.5375 0.6859375 0.04375 0.07109375
0 0.48828125 0.65234375 0.053125 0.071875
0 0.43125 0.7328125 0.16171875 0.096875
0 0.4578125 0.65 0.0375 0.05390625
0 0.3859375 0.7125 0.0546875 0.31484375
0 0.43828125 0.66484375 0.0765625 0.26640625