0 0.26015625 0.4015625 0.0578125 0.15390625
0 0.12578125 0.51328125 0.03359375 0.1578125
0 0.4625 0.3421875 0.04375 0.125
0 0.5296875 0.328125 0.05234375 0.13515625
0 0.28359375 0.23828125 0.03515625 0.12578125
0 0.50859375 0.37109375 0.04296875 0.14140625
0 0.66953125 0.2828125 0.0421875 0.13828125
1 0.05625 0.415625 0.0375 0.15859375
0 0.16484375 0.446875 0.05859375 0.1671875
0 0.47421875 0.2984375 0.034375 0.1046875
0 0.034375 0.33359375 0.040625 0.125
0 0.36484375 0.29609375 0.0234375 0.0640625
0 0.321875 0.371875 0.034375 0.1390625
0 0.39375 0.334375 0.02734375 0.1546875
0 0.0078125 0.4265625 0.015625 0.0453125
0 0.06953125 0.37109375 0.0453125 0.1296875
0 0.3484375 0.346875 0.034375 0.14609375
1 0.7859375 0.7 0.0328125 0.14140625
1 0.025 0.12890625 0.03125 0.09921875
0 0.378125 0.359375 0.0375 0.15234375