0 0.16875 0.4609375 0.04921875 0.15390625
0 0.23671875 0.4859375 0.03671875 0.14375
0 0.33671875 0.45546875 0.0359375 0.15234375
0 0.47578125 0.4140625 0.03671875 0.140625
0 0.40078125 0.39609375 0.0328125 0.13203125
1 0.2203125 0.3703125 0.0375 0.1171875
0 0.54921875 0.38203125 0.02734375 0.1375
1 0.5609375 0.471875 0.0359375 0.14609375
0 0.8015625 0.37734375 0.02734375 0.10859375
1 0.80859375 0.32265625 0.025 0.09140625
0 0.5734375 0.37734375 0.03203125 0.10859375
0 0.2359375 0.4515625 0.0359375 0.1171875
0 0.7671875 0.42265625 0.03203125 0.10546875
0 0.5796875 0.41484375 0.03515625 0.11171875
0 0.75078125 0.3984375 0.02578125 0.121875
0 0.7609375 0.346875 0.021875 0.05625
0 0.71875 0.37421875 0.02265625 0.115625
0 0.70390625 0.39296875 0.02265625 0.125
0 0.69375 0.34921875 0.01484375 0.05234375
0 0.6796875 0.39296875 0.02578125 0.11875
0 0.6546875 0.41015625 0.040625 0.04609375
0 0.625 0.4171875 0.01953125 0.0578125
0 0.61015625 0.415625 0.0296875 0.0375
0 0.64140625 0.36328125 0.0296875 0.10859375
0 0.5875 0.4171875 0.01796875 0.0546875