1 0.6484375 0.5 0.034375 0.12109375
0 0.35625 0.6046875 0.03984375 0.14140625
0 0.1390625 0.484375 0.0421875 0.11875
0 0.4625 0.59921875 0.03828125 0.12890625
1 0.1671875 0.41796875 0.03203125 0.11015625
0 0.98984375 0.46484375 0.01953125 0.11015625
0 0.41484375 0.4984375 0.03671875 0.1296875
0 0.22578125 0.46640625 0.0375 0.10703125
0 0.2046875 0.45546875 0.03515625 0.1140625
0 0.21484375 0.5015625 0.04609375 0.11640625
1 0.7140625 0.3765625 0.02421875 0.1
0 0.26015625 0.44375 0.0359375 0.11484375
0 0.1140625 0.478125 0.03984375 0.12578125
0 0.45703125 0.509375 0.0328125 0.1171875
0 0.4390625 0.49609375 0.034375 0.11328125
0 0.2546875 0.4375 0.021875 0.103125