0 0.46171875 0.5796875 0.04765625 0.14375
0 0.6515625 0.4953125 0.0390625 0.11640625
0 0.12578125 0.528125 0.0453125 0.14453125
0 0.39921875 0.646875 0.05390625 0.1578125
0 0.8921875 0.4234375 0.04140625 0.11328125
0 0.51875 0.45546875 0.0203125 0.12421875
1 0.7890625 0.49765625 0.034375 0.13203125
0 0.2109375 0.48515625 0.04765625 0.10625
0 0.69609375 0.490625 0.03671875 0.1265625
0 0.7375 0.40546875 0.03984375 0.10703125
0 0.375 0.53359375 0.0421875 0.1390625
1 0.3203125 0.37890625 0.028125 0.115625
0 0.32578125 0.5390625 0.04140625 0.14453125
0 0.29140625 0.5453125 0.034375 0.14140625
0 0.24375 0.48828125 0.04375 0.10390625
0 0.3484375 0.51953125 0.040625 0.1390625
0 0.73125 0.396875 0.0203125 0.08515625
0 0.71015625 0.4796875 0.01796875 0.13828125