0 0.6375 0.43828125 0.0375 0.153125
0 0.60390625 0.3828125 0.0421875 0.13984375
0 0.66640625 0.27890625 0.03515625 0.12265625
0 0.50546875 0.578125 0.046875 0.1671875
1 0.73671875 0.384375 0.034375 0.13671875
0 0.528125 0.38671875 0.03984375 0.14296875
0 0.696875 0.3515625 0.03359375 0.1296875
0 0.4828125 0.46796875 0.040625 0.16171875
0 0.98203125 0.38828125 0.0359375 0.1453125
0 0.19296875 0.3625 0.0234375 0.11640625
0 0.2109375 0.38203125 0.02421875 0.14375
0 0.4734375 0.42265625 0.0390625 0.1515625
0 0.28359375 0.2796875 0.01953125 0.0375
0 0.17578125 0.36015625 0.0265625 0.1296875
0 0.51484375 0.3078125 0.0375 0.13125
0 0.25625 0.3734375 0.03046875 0.13515625
0 0.24609375 0.32890625 0.02265625 0.10234375
0 0.26875 0.29453125 0.01796875 0.02734375
0 0.2796875 0.3640625 0.025 0.1453125
1 0.0734375 0.81484375 0.04375 0.06171875
0 0.21875 0.29375 0.0140625 0.0578125
0 0.5296875 0.33984375 0.03203125 0.1125
0 0.29609375 0.35625 0.02109375 0.125
0 0.20703125 0.30625 0.00859375 0.02421875