0 0.440625 0.73125 0.0609375 0.31171875
0 0.259375 0.746875 0.0828125 0.32578125
0 0.503125 0.53671875 0.0484375 0.24921875
0 0.93671875 0.64765625 0.071875 0.29921875
0 0.1875 0.6328125 0.06015625 0.28359375
0 0.1046875 0.6984375 0.084375 0.31640625
0 0.45859375 0.58359375 0.05859375 0.2671875
1 0.021875 0.8421875 0.04375 0.315625
0 0.678125 0.70234375 0.08046875 0.3109375
0 0.57421875 0.68671875 0.07265625 0.3359375
0 0.209375 0.603125 0.05546875 0.28671875
0 0.16640625 0.8765625 0.06328125 0.24609375
0 0.86484375 0.52265625 0.05625 0.275
0 0.76484375 0.4890625 0.05078125 0.2703125
1 0.54453125 0.4796875 0.04765625 0.25390625
0 0.671875 0.546875 0.053125 0.196875
0 0.54375 0.603125 0.071875 0.24140625
0 0.58046875 0.54453125 0.0484375 0.253125
0 0.61328125 0.51484375 0.0625 0.278125
0 0.59609375 0.49453125 0.05234375 0.2484375