0 0.7984375 0.41171875 0.0203125 0.0890625
0 0.93046875 0.4609375 0.02578125 0.10078125
0 0.3765625 0.465625 0.03515625 0.09609375
1 0.82578125 0.75234375 0.05234375 0.2109375
0 0.48203125 0.52890625 0.034375 0.125
0 0.61171875 0.4296875 0.02734375 0.0390625
0 0.25546875 0.50859375 0.03359375 0.1125
1 0.7578125 0.446875 0.025 0.09140625
0 0.528125 0.41953125 0.0234375 0.084375
0 0.50078125 0.421875 0.02109375 0.07578125
1 0.409375 0.39140625 0.0265625 0.08359375
0 0.71640625 0.428125 0.01953125 0.0859375
0 0.575 0.459375 0.03203125 0.05703125
0 0.609375 0.45390625 0.0390625 0.05390625
0 0.678125 0.41796875 0.01953125 0.0765625
0 0.53828125 0.48046875 0.034375 0.10625
0 0.7015625 0.4078125 0.01796875 0.0796875
0 0.55 0.4171875 0.02109375 0.0796875
0 0.5625 0.44453125 0.02890625 0.0546875
0 0.64375 0.43828125 0.0328125 0.05546875
0 0.6265625 0.4296875 0.025 0.05
1 0.840625 0.36875 0.01875 0.065625
0 0.6640625 0.4421875 0.0234375 0.08203125
0 0.5390625 0.446875 0.0296875 0.05390625
1 0.0421875 0.55234375 0.0296875 0.121875
0 0.646875 0.41171875 0.0234375 0.0359375
0 0.59609375 0.43671875 0.02734375 0.05703125