0 0.48671875 0.50078125 0.0421875 0.1421875
1 0.5859375 0.36171875 0.02578125 0.0921875
0 0.31015625 0.50390625 0.04296875 0.13984375
0 0.0875 0.40546875 0.02578125 0.1015625
0 0.34765625 0.3890625 0.034375 0.10703125
0 0.5640625 0.4125 0.021875 0.1
0 0.22890625 0.3765625 0.0234375 0.075
0 0.53046875 0.40859375 0.02578125 0.11484375
0 0.46484375 0.38203125 0.02421875 0.10703125
0 0.43671875 0.38515625 0.0203125 0.10625
1 0.18125 0.43046875 0.02734375 0.11171875
0 0.28515625 0.43828125 0.03046875 0.11640625
0 0.33671875 0.4359375 0.03046875 0.11875
0 0.26640625 0.3859375 0.0203125 0.09453125
0 0.4984375 0.39765625 0.03046875 0.10546875
0 0.51015625 0.42578125 0.03046875 0.05546875
0 0.17734375 0.38671875 0.02421875 0.0875
0 0.3875 0.3671875 0.015625 0.09375
0 0.24609375 0.4046875 0.0453125 0.046875
0 0.4171875 0.415625 0.0515625 0.03046875
1 0.08984375 0.334375 0.0171875 0.071875