0 0.09609375 0.43828125 0.04921875 0.1015625
0 0.39140625 0.47890625 0.05625 0.1015625
1 0.7390625 0.3546875 0.0265625 0.15625
0 0.3828125 0.31953125 0.0296875 0.13515625
0 0.64375 0.403125 0.03359375 0.16484375
1 0.29921875 0.21875 0.0328125 0.12734375
0 0.4140625 0.43984375 0.05546875 0.0890625
0 0.984375 0.56875 0.03046875 0.18828125
0 0.16953125 0.46796875 0.04921875 0.1078125
0 0.31328125 0.44921875 0.04921875 0.1015625
0 0.4671875 0.39296875 0.0375 0.1484375
0 0.34453125 0.459375 0.0546875 0.11171875
0 0.40859375 0.34296875 0.0359375 0.1390625
0 0.16015625 0.38984375 0.0515625 0.08984375
0 0.7671875 0.61328125 0.08125 0.19609375
0 0.21875 0.32734375 0.0421875 0.12265625
0 0.47265625 0.43984375 0.0421875 0.14296875
0 0.365625 0.43359375 0.05078125 0.08515625
0 0.29921875 0.39765625 0.04921875 0.07734375
0 0.2296875 0.41796875 0.04765625 0.0828125
0 0.1984375 0.40625 0.0453125 0.09140625
0 0.28828125 0.43203125 0.05234375 0.0984375
0 0.25625 0.3984375 0.0296875 0.15703125
0 0.2703125 0.38359375 0.0515625 0.0828125