0 0.0875 0.6203125 0.053125 0.13828125
0 0.1484375 0.646875 0.05234375 0.1546875
0 0.77734375 0.70859375 0.0515625 0.15
0 0.2953125 0.4515625 0.0515625 0.13828125
0 0.684375 0.615625 0.046875 0.1265625
0 0.38046875 0.6609375 0.0484375 0.13671875
0 0.08515625 0.4796875 0.04140625 0.11953125
1 0.28046875 0.78046875 0.04921875 0.1984375
0 0.23046875 0.71875 0.0515625 0.16640625
0 0.42109375 0.61953125 0.05859375 0.0984375
1 0.99609375 0.49609375 0.0078125 0.15546875
0 0.4890625 0.66328125 0.06328125 0.10703125
0 0.37890625 0.565625 0.0484375 0.134375
0 0.54921875 0.70078125 0.07109375 0.1140625
0 0.69453125 0.71875 0.0546875 0.1203125
0 0.63515625 0.78828125 0.046875 0.165625
0 0.61640625 0.65625 0.053125 0.10703125
0 0.50390625 0.58203125 0.0515625 0.090625
0 0.59296875 0.56328125 0.04140625 0.1046875
0 0.55703125 0.6484375 0.05546875 0.0984375
0 0.64765625 0.690625 0.04375 0.103125
1 0.053125 0.35703125 0.028125 0.09921875
0 0.584375 0.6265625 0.0375 0.13515625
0 0.5390625 0.6140625 0.04609375 0.09921875
0 0.6390625 0.71875 0.0328125 0.16875