0 0.609375 0.4765625 0.0484375 0.190625
1 0.60625 0.27109375 0.04609375 0.16953125
0 0.27421875 0.48671875 0.04140625 0.20546875
1 0.0125 0.60546875 0.025 0.24453125
1 0.52265625 0.44765625 0.04921875 0.18828125
0 0.4984375 0.43125 0.040625 0.15546875
1 0.09453125 0.31796875 0.03125 0.15625
0 0.52109375 0.471875 0.04140625 0.2
0 0.40546875 0.5171875 0.05390625 0.11953125
0 0.37421875 0.465625 0.04453125 0.1875
0 0.35390625 0.45703125 0.03203125 0.196875
0 0.43828125 0.48046875 0.046875 0.15703125
0 0.42578125 0.41875 0.0375 0.1515625
0 0.4828125 0.490625 0.0375 0.190625
0 0.503125 0.52265625 0.03125 0.09921875
0 0.32890625 0.46640625 0.0296875 0.2046875
0 0.3296875 0.3875 0.05078125 0.10859375
0 0.36953125 0.37578125 0.021875 0.05390625
0 0.44140625 0.540625 0.059375 0.07265625