0 0.52890625 0.68203125 0.05078125 0.153125
0 0.5671875 0.6171875 0.04921875 0.09765625
0 0.30703125 0.5921875 0.04921875 0.1390625
0 0.571875 0.81015625 0.05625 0.16328125
0 0.6375 0.678125 0.05703125 0.109375
0 0.51640625 0.42421875 0.03671875 0.10546875
0 0.28671875 0.434375 0.0421875 0.1109375
0 0.8234375 0.7921875 0.07734375 0.1703125
0 0.178125 0.553125 0.04140625 0.13046875
0 0.61328125 0.62734375 0.05234375 0.1109375
0 0.42421875 0.51015625 0.03515625 0.121875
0 0.34921875 0.665625 0.05 0.14765625
0 0.72578125 0.56484375 0.03125 0.1546875
1 0.109375 0.6078125 0.046875 0.16640625
0 0.86953125 0.56328125 0.03671875 0.13125
0 0.4578125 0.57265625 0.04765625 0.08203125
0 0.24453125 0.346875 0.03359375 0.1
0 0.36484375 0.3375 0.03203125 0.09609375
0 0.48359375 0.6359375 0.0734375 0.115625
0 0.53203125 0.58671875 0.05078125 0.09296875
1 0.29296875 0.28828125 0.025 0.1015625
0 0.47265625 0.6 0.059375 0.0796875
0 0.5265625 0.53203125 0.046875 0.028125
1 0.77890625 0.90546875 0.08046875 0.18828125
0 0.534375 0.5546875 0.05 0.053125