0 0.1640625 0.59609375 0.04609375 0.17109375
0 0.10390625 0.47734375 0.04609375 0.15703125
1 0.03203125 0.87890625 0.0453125 0.2421875
0 0.24375 0.5515625 0.034375 0.1671875
0 0.809375 0.6421875 0.03984375 0.175
0 0.76328125 0.6046875 0.034375 0.1625
0 0.4015625 0.60546875 0.04140625 0.16875
0 0.3421875 0.55078125 0.028125 0.17734375
0 0.38203125 0.50390625 0.03515625 0.1515625
1 0.73984375 0.31171875 0.03515625 0.13984375
0 0.84375 0.59765625 0.04453125 0.1796875
0 0.5125 0.621875 0.0453125 0.1734375
1 0.1921875 0.2609375 0.03046875 0.1140625
0 0.20703125 0.51640625 0.04375 0.1640625
0 0.60546875 0.5125 0.04921875 0.1515625
1 0.42421875 0.6046875 0.040625 0.109375
0 0.70859375 0.58359375 0.0484375 0.17734375
0 0.7515625 0.54609375 0.04296875 0.16328125
0 0.71484375 0.5421875 0.04609375 0.15625
0 0.38828125 0.52890625 0.04375 0.16171875
0 0.675 0.603125 0.05 0.1734375
0 0.43828125 0.50234375 0.028125 0.1546875
0 0.78203125 0.5703125 0.0375 0.1828125
0 0.434375 0.4484375 0.0265625 0.1421875
0 0.4484375 0.41015625 0.02421875 0.1390625
0 0.36640625 0.54765625 0.028125 0.1703125