0 0.24140625 0.5953125 0.05 0.1734375
0 0.46875 0.4671875 0.04453125 0.1484375
0 0.92265625 0.51796875 0.046875 0.16640625
0 0.915625 0.3796875 0.03828125 0.134375
0 0.2765625 0.57890625 0.05390625 0.1640625
0 0.3640625 0.3078125 0.0328125 0.115625
0 0.796875 0.4375 0.0390625 0.13046875
1 0.55 0.42578125 0.03671875 0.13203125
0 0.65703125 0.5109375 0.0375 0.15859375
0 0.62578125 0.57734375 0.0421875 0.1625
0 0.6984375 0.621875 0.04453125 0.16953125
0 0.884375 0.6625 0.0578125 0.18359375
0 0.70546875 0.30390625 0.0296875 0.10546875
0 0.5984375 0.47890625 0.04140625 0.14453125
0 0.66015625 0.66875 0.046875 0.184375
0 0.7921875 0.728125 0.05078125 0.19140625
0 0.6984375 0.45859375 0.0359375 0.1359375
1 0.72421875 0.71796875 0.04375 0.1859375
0 0.5984375 0.32578125 0.03125 0.10390625
1 0.125 0.134375 0.0234375 0.071875
0 0.61875 0.71796875 0.04765625 0.19453125
0 0.59140625 0.42890625 0.0375 0.121875
0 0.7984375 0.628125 0.04375 0.1625
1 0.66875 0.1546875 0.021875 0.07890625
0 0.7 0.53984375 0.040625 0.15703125