0 0.86640625 0.44375 0.04921875 0.15390625
0 0.7984375 0.46875 0.03671875 0.14375
0 0.6984375 0.43828125 0.0359375 0.15234375
0 0.559375 0.39609375 0.03671875 0.140625
0 0.634375 0.37890625 0.0328125 0.13203125
1 0.81484375 0.353125 0.0375 0.1171875
0 0.4859375 0.36484375 0.02734375 0.1375
1 0.47421875 0.4546875 0.0359375 0.14609375
0 0.23359375 0.36015625 0.02734375 0.10859375
1 0.2265625 0.3046875 0.025 0.09140625
0 0.4609375 0.36015625 0.03203125 0.10859375
0 0.79921875 0.434375 0.0359375 0.1171875
0 0.26796875 0.4046875 0.03203125 0.10546875
0 0.45546875 0.39765625 0.03515625 0.11171875
0 0.284375 0.38125 0.02578125 0.121875
0 0.27421875 0.3296875 0.021875 0.05625
0 0.31640625 0.35625 0.02265625 0.115625
0 0.33125 0.375 0.02265625 0.125
0 0.340625 0.33203125 0.01484375 0.05234375
0 0.35546875 0.375 0.02578125 0.11875
0 0.38046875 0.39296875 0.040625 0.04609375
0 0.41015625 0.4 0.01953125 0.0578125
0 0.425 0.3984375 0.0296875 0.0375
0 0.39375 0.3453125 0.0296875 0.10859375
0 0.44765625 0.4 0.01796875 0.0546875