0 0.63828125 0.71171875 0.071875 0.25390625
1 0.9421875 0.31875 0.05234375 0.13828125
0 0.28125 0.28125 0.05390625 0.134375
0 0.72109375 0.45625 0.0703125 0.18984375
0 0.34921875 0.40078125 0.059375 0.1625
0 0.72421875 0.2890625 0.0390625 0.15625
0 0.23203125 0.66875 0.10390625 0.2078125
0 0.3734375 0.29765625 0.0421875 0.13359375
0 0.41484375 0.321875 0.04921875 0.14375
0 0.9125 0.2296875 0.03828125 0.14453125
0 0.48828125 0.35390625 0.0609375 0.17265625
0 0.49921875 0.28046875 0.07265625 0.1265625
0 0.43984375 0.3609375 0.06328125 0.15546875
0 0.59609375 0.32578125 0.04609375 0.14765625
0 0.6609375 0.178125 0.0625 0.12734375
0 0.525 0.32890625 0.05625 0.1421875
0 0.56171875 0.2890625 0.0453125 0.1140625
0 0.5203125 0.30703125 0.03046875 0.07734375
0 0.45234375 0.375 0.06328125 0.16484375
0 0.57890625 0.28984375 0.04765625 0.12265625
0 0.55859375 0.3453125 0.04375 0.14921875
0 0.56875 0.23984375 0.04140625 0.0734375