0 0.85625 0.38046875 0.0421875 0.1296875
0 0.6890625 0.50546875 0.08828125 0.12578125
0 0.6875 0.47734375 0.02734375 0.08359375
0 0.71796875 0.39296875 0.04921875 0.08203125
0 0.6734375 0.36484375 0.0234375 0.0359375
0 0.68671875 0.403125 0.01171875 0.06015625
0 0.6328125 0.36953125 0.009375 0.02421875
0 0.66328125 0.41015625 0.025 0.05234375
0 0.65625 0.37421875 0.02109375 0.01953125
0 0.47578125 0.19921875 0.028125 0.1046875
0 0.7140625 0.46328125 0.05234375 0.128125
0 0.64140625 0.44609375 0.040625 0.13125
0 0.6140625 0.44296875 0.05234375 0.13203125
0 0.54921875 0.5734375 0.06328125 0.1671875
0 0.5171875 0.40234375 0.03828125 0.1375
0 0.64453125 0.31875 0.05078125 0.084375
0 0.33203125 0.20703125 0.0359375 0.10390625
0 0.16875 0.35 0.03203125 0.11328125
1 0.315625 0.371875 0.0421875 0.1421875
1 0.48046875 0.14921875 0.0265625 0.11015625