0 0.9546875 0.503125 0.0640625 0.19296875
0 0.8625 0.628125 0.06015625 0.2125
0 0.46328125 0.4109375 0.05078125 0.16796875
0 0.57734375 0.56484375 0.0578125 0.2
0 0.4859375 0.21875 0.03984375 0.14140625
0 0.98046875 0.3625 0.0390625 0.1578125
0 0.73125 0.24609375 0.0578125 0.14765625
0 0.33359375 0.3984375 0.04609375 0.16875
0 0.79140625 0.33984375 0.0453125 0.1546875
0 0.87421875 0.2140625 0.04375 0.13671875
0 0.67265625 0.67265625 0.06171875 0.18828125
0 0.6953125 0.57421875 0.053125 0.20703125
0 0.79375 0.24921875 0.04453125 0.14140625
1 0.0234375 0.55 0.04609375 0.1875
0 0.33828125 0.33203125 0.04140625 0.13671875
1 0.81015625 0.02578125 0.028125 0.0515625
0 0.65546875 0.6359375 0.053125 0.2