0 0.0203125 0.67421875 0.03984375 0.13203125
1 0.6578125 0.6140625 0.028125 0.10859375
1 0.85390625 0.8109375 0.04375 0.15859375
1 0.43671875 0.653125 0.0359375 0.121875
0 0.3890625 0.70703125 0.03828125 0.128125
1 0.5046875 0.58515625 0.028125 0.109375
0 0.37578125 0.66328125 0.034375 0.13203125
0 0.0921875 0.709375 0.04296875 0.12109375
0 0.3171875 0.696875 0.0390625 0.1265625
0 0.2796875 0.72890625 0.05078125 0.08359375
0 0.209375 0.690625 0.03828125 0.13046875
0 0.0734375 0.665625 0.034375 0.12109375
0 0.23203125 0.659375 0.0375 0.1265625
0 0.265625 0.696875 0.04140625 0.10390625
0 0.29921875 0.659375 0.0390625 0.109375
0 0.1921875 0.62421875 0.0359375 0.09609375
0 0.19140625 0.67421875 0.0359375 0.11796875
0 0.321875 0.634375 0.0375 0.10859375
0 0.16015625 0.65546875 0.0359375 0.1140625
0 0.328125 0.6671875 0.03671875 0.12890625
0 0.2671875 0.678125 0.03515625 0.0984375
0 0.30390625 0.69296875 0.040625 0.1140625
0 0.3234375 0.65390625 0.0375 0.11953125
0 0.0859375 0.67578125 0.03515625 0.1125
0 0.1796875 0.67421875 0.03515625 0.11796875