0 0.771875 0.56875 0.046875 0.13828125
1 0.83671875 0.56484375 0.040625 0.15234375
0 0.684375 0.79296875 0.0796875 0.18125
0 0.63671875 0.78515625 0.0734375 0.184375
0 0.40078125 0.59453125 0.05546875 0.1546875
0 0.7234375 0.43203125 0.0421875 0.11875
0 0.5546875 0.40703125 0.0421875 0.11875
0 0.33984375 0.44609375 0.03984375 0.14140625
0 0.36953125 0.56328125 0.04453125 0.1546875
1 0.04140625 0.38515625 0.03359375 0.13125
0 0.58671875 0.55390625 0.04765625 0.13828125
0 0.50625 0.64375 0.06015625 0.15390625
0 0.63984375 0.5 0.0421875 0.13125
0 0.4515625 0.5890625 0.05859375 0.15234375
0 0.61796875 0.42265625 0.03671875 0.12421875
1 0.60625 0.26875 0.03046875 0.10234375
0 0.39296875 0.50625 0.04296875 0.146875
0 0.46953125 0.653125 0.06171875 0.1578125
1 0.39765625 0.9671875 0.05625 0.065625
0 0.51875 0.546875 0.05078125 0.12734375
0 0.5078125 0.453125 0.040625 0.121875
0 0.60703125 0.51015625 0.04765625 0.115625
0 0.5 0.4921875 0.040625 0.12421875
0 0.4890625 0.58359375 0.053125 0.1203125