1 0.871875 0.76484375 0.05234375 0.1734375
0 0.496875 0.453125 0.03828125 0.125
0 0.25078125 0.46171875 0.0359375 0.134375
0 0.81875 0.565625 0.0390625 0.14609375
0 0.65625 0.48203125 0.03828125 0.13359375
0 0.4375 0.52265625 0.04375 0.090625
1 0.23125 0.26171875 0.03046875 0.0875
0 0.1984375 0.47421875 0.03984375 0.1125
1 0.571875 0.4359375 0.03671875 0.125
0 0.43984375 0.434375 0.0421875 0.1
0 0.1703125 0.503125 0.046875 0.11796875
0 0.5984375 0.48671875 0.03828125 0.1234375
0 0.871875 0.55625 0.04296875 0.134375
0 0.37578125 0.465625 0.0375 0.11953125
0 0.3453125 0.53359375 0.0390625 0.128125
0 0.35625 0.43984375 0.03671875 0.1015625
0 0.3296875 0.515625 0.040625 0.1140625
0 0.5953125 0.46484375 0.03671875 0.1125
0 0.328125 0.47265625 0.0390625 0.109375
0 0.33359375 0.4953125 0.040625 0.10390625
0 0.08203125 0.4640625 0.03125 0.096875
0 0.11328125 0.471875 0.03125 0.1
0 0.134375 0.4640625 0.0375 0.103125
0 0.13359375 0.40859375 0.03125 0.071875