0 0.03125 0.59765625 0.05859375 0.234375
0 0.1109375 0.55546875 0.08671875 0.20859375
0 0.709375 0.509375 0.0640625 0.2
0 0.4390625 0.54140625 0.06796875 0.22890625
0 0.25625 0.4859375 0.06171875 0.22109375
0 0.17421875 0.48359375 0.08203125 0.13203125
0 0.8421875 0.596875 0.0625 0.22109375
1 0.5421875 0.61328125 0.05078125 0.23984375
0 0.221875 0.63359375 0.0609375 0.24296875
0 0.8828125 0.71640625 0.06640625 0.2484375
0 0.50234375 0.45234375 0.04921875 0.1859375
0 0.30234375 0.63359375 0.05859375 0.24296875
1 0.53359375 0.3296875 0.046875 0.19453125
0 0.3296875 0.4515625 0.0640625 0.19609375
0 0.36875 0.47109375 0.07421875 0.1796875
0 0.58359375 0.70703125 0.06484375 0.134375
0 0.45546875 0.48828125 0.05859375 0.1953125
0 0.40390625 0.45625 0.06015625 0.1796875