0 0.0953125 0.40546875 0.0421875 0.13984375
1 0.17265625 0.8671875 0.0546875 0.265625
0 0.18828125 0.36640625 0.0234375 0.14140625
0 0.34296875 0.396875 0.0296875 0.13828125
0 0.915625 0.44609375 0.034375 0.1515625
0 0.14140625 0.31484375 0.03203125 0.12890625
0 0.2515625 0.415625 0.0484375 0.146875
0 0.69375 0.36640625 0.0296875 0.13359375
0 0.49921875 0.44140625 0.0375 0.15625
0 0.409375 0.3875 0.02265625 0.13828125
0 0.559375 0.38203125 0.0265625 0.140625
1 0.821875 0.20390625 0.02890625 0.10390625
1 0.46328125 0.19453125 0.01953125 0.09140625
0 0.29140625 0.384375 0.03359375 0.1546875
0 0.6515625 0.3859375 0.03671875 0.14375
0 0.028125 0.4421875 0.04609375 0.1453125
1 0.3203125 0.43203125 0.03828125 0.1453125
0 0.425 0.4078125 0.021875 0.14140625
0 0.03203125 0.4515625 0.02890625 0.1578125
0 0.4421875 0.4109375 0.0265625 0.14765625
0 0.89453125 0.45234375 0.034375 0.13828125
0 0.02578125 0.42421875 0.0171875 0.146875
0 0.57109375 0.47578125 0.03671875 0.16640625