0 0.59375 0.59609375 0.05390625 0.1546875
0 0.48828125 0.44453125 0.053125 0.13203125
0 0.71875 0.4484375 0.04453125 0.140625
0 0.175 0.478125 0.05 0.1359375
0 0.53359375 0.4875 0.059375 0.13203125
0 0.4890625 0.53046875 0.04921875 0.15390625
1 0.77109375 0.4984375 0.04296875 0.15390625
1 0.6421875 0.3265625 0.03828125 0.1203125
0 0.5796875 0.37578125 0.04140625 0.1
0 0.7828125 0.38046875 0.04375 0.12578125
0 0.41875 0.50625 0.059375 0.10546875
0 0.2640625 0.5734375 0.05859375 0.11484375
0 0.31875 0.56484375 0.05546875 0.125
0 0.43203125 0.475 0.0578125 0.10546875
0 0.3875 0.5140625 0.04765625 0.103125
0 0.2875 0.49375 0.0515625 0.11484375
0 0.35234375 0.525 0.05390625 0.125
0 0.346875 0.47890625 0.0453125 0.0828125
0 0.4109375 0.44375 0.0515625 0.08984375
0 0.4296875 0.415625 0.04453125 0.1015625
0 0.30546875 0.4546875 0.0515625 0.1046875
0 0.31328125 0.52109375 0.04921875 0.1
0 0.33515625 0.540625 0.0515625 0.13046875