0 0.40625 0.43203125 0.05 0.15234375
0 0.4609375 0.36328125 0.04140625 0.12578125
0 0.4328125 0.40703125 0.04453125 0.13828125
0 0.10625 0.4140625 0.06015625 0.09921875
0 0.3546875 0.5734375 0.04609375 0.17734375
0 0.33828125 0.384375 0.0609375 0.0921875
0 0.36328125 0.3171875 0.0453125 0.13671875
0 0.3234375 0.421875 0.06171875 0.10625
0 0.27890625 0.5 0.0671875 0.15078125
0 0.55 0.20390625 0.03984375 0.10078125
0 0.146875 0.49921875 0.0640625 0.121875
1 0.58828125 0.36484375 0.03515625 0.13984375
0 0.8859375 0.32890625 0.0359375 0.1328125
0 0.38828125 0.19140625 0.04765625 0.103125
1 0.44296875 0.13671875 0.0296875 0.10078125
0 0.17890625 0.46953125 0.05625 0.103125
0 0.22421875 0.3984375 0.0484375 0.121875
0 0.19375 0.4328125 0.05625 0.0953125
0 0.13125 0.45859375 0.04609375 0.0765625
0 0.22265625 0.3390625 0.0453125 0.103125
0 0.2578125 0.41015625 0.05390625 0.10234375
0 0.29375 0.4703125 0.06640625 0.1171875
0 0.2578125 0.3703125 0.0484375 0.08125
0 0.25390625 0.375 0.0421875 0.0234375