1 0.11875 0.81875 0.05703125 0.16875
1 0.56171875 0.65234375 0.03671875 0.1296875
1 0.33359375 0.6140625 0.0359375 0.10859375
0 0.60546875 0.70859375 0.0375 0.134375
0 0.98125 0.67890625 0.03359375 0.1296875
0 0.76875 0.64375 0.04140625 0.12109375
0 0.6859375 0.69609375 0.04140625 0.13828125
0 0.62265625 0.66328125 0.03984375 0.1359375
0 0.7390625 0.709375 0.04453125 0.1328125
0 0.67734375 0.65078125 0.040625 0.14140625
0 0.7109375 0.68671875 0.04140625 0.1296875
0 0.7984375 0.69140625 0.04296875 0.13125
0 0.78125 0.67109375 0.04296875 0.1171875
0 0.91953125 0.709375 0.04140625 0.12734375
0 0.81796875 0.678125 0.0359375 0.12421875
0 0.9375 0.66484375 0.03359375 0.12421875
0 0.81484375 0.6296875 0.03984375 0.103125