0 0.53828125 0.57265625 0.04765625 0.09375
0 0.13671875 0.73203125 0.0421875 0.1703125
0 0.40078125 0.6078125 0.0390625 0.0890625
0 0.6078125 0.6046875 0.03984375 0.1078125
0 0.31953125 0.55234375 0.0265625 0.1203125
0 0.43828125 0.63515625 0.034375 0.13828125
0 0.2234375 0.5359375 0.03359375 0.115625
0 0.74609375 0.6890625 0.03515625 0.14375
0 0.94453125 0.559375 0.0359375 0.11875
0 0.2765625 0.62890625 0.03359375 0.1328125
0 0.3875 0.7703125 0.0390625 0.16640625
0 0.590625 0.5296875 0.03671875 0.1109375
0 0.84296875 0.4734375 0.03203125 0.09765625
0 0.49375 0.603125 0.04921875 0.08671875
0 0.77421875 0.63203125 0.0390625 0.13515625
1 0.7578125 0.4171875 0.02734375 0.1015625
0 0.6671875 0.4453125 0.02734375 0.0953125
0 0.4625 0.6125 0.04375 0.09921875
0 0.47421875 0.55703125 0.040625 0.065625
0 0.50234375 0.54140625 0.04453125 0.0734375
0 0.44296875 0.56484375 0.0375 0.0625
1 0.78046875 0.58046875 0.03046875 0.10625
0 0.44375 0.5828125 0.03828125 0.071875
0 0.490625 0.53984375 0.0359375 0.06171875
0 0.4796875 0.55546875 0.0359375 0.06171875
0 0.45 0.55078125 0.03984375 0.03125
0 0.44921875 0.57421875 0.03671875 0.0375