0 0.775 0.64375 0.04296875 0.1515625
0 0.6953125 0.571875 0.03515625 0.134375
1 0.13359375 0.665625 0.040625 0.18046875
0 0.28203125 0.540625 0.034375 0.13203125
0 0.3875 0.59140625 0.03828125 0.1359375
0 0.559375 0.53515625 0.0203125 0.1296875
0 0.38046875 0.50078125 0.0359375 0.1265625
0 0.3484375 0.49296875 0.03515625 0.128125
0 0.63671875 0.5890625 0.0453125 0.14140625
0 0.615625 0.56171875 0.0203125 0.15
0 0.5234375 0.48515625 0.0296875 0.11796875
0 0.4109375 0.5609375 0.03984375 0.1390625
0 0.4109375 0.5171875 0.034375 0.1265625
0 0.48046875 0.496875 0.03125 0.11953125
0 0.4828125 0.54609375 0.040625 0.13046875
0 0.6265625 0.54765625 0.03515625 0.1609375
0 0.496875 0.52734375 0.02890625 0.1453125
0 0.4546875 0.584375 0.0375 0.084375
1 0.43828125 0.5109375 0.02578125 0.10859375
0 0.43671875 0.5515625 0.02734375 0.121875
0 0.55078125 0.52109375 0.01875 0.13671875
0 0.5171875 0.46640625 0.0265625 0.12265625
0 0.43359375 0.54296875 0.01796875 0.1234375
0 0.42890625 0.52109375 0.015625 0.11484375