0 0.59765625 0.69921875 0.0625 0.16171875
0 0.390625 0.628125 0.04921875 0.16484375
0 0.66796875 0.58828125 0.0453125 0.16328125
0 0.340625 0.68515625 0.04921875 0.18046875
0 0.5046875 0.434375 0.04453125 0.121875
0 0.93515625 0.53203125 0.03984375 0.14453125
0 0.8640625 0.5359375 0.06484375 0.1609375
0 0.665625 0.428125 0.0375 0.12578125
0 0.32421875 0.38125 0.0421875 0.1046875
0 0.71796875 0.48515625 0.0421875 0.1578125
0 0.8265625 0.48515625 0.04921875 0.15
0 0.40546875 0.46328125 0.028125 0.1328125
0 0.81484375 0.47109375 0.01875 0.1390625
0 0.37265625 0.40703125 0.03828125 0.08828125
1 0.425 0.49609375 0.03203125 0.13359375
0 0.371875 0.36953125 0.025 0.08203125
1 0.48125 0.31015625 0.02578125 0.09765625
0 0.35 0.38828125 0.02734375 0.084375