0 0.05625 0.45546875 0.05234375 0.15234375
0 0.93828125 0.2984375 0.0515625 0.14453125
0 0.515625 0.36875 0.0515625 0.1375
1 0.8328125 0.79375 0.06328125 0.209375
0 0.32734375 0.43125 0.05 0.1390625
0 0.69609375 0.334375 0.025 0.1453125
0 0.096875 0.3265625 0.0359375 0.13203125
0 0.14453125 0.37109375 0.0546875 0.1515625
0 0.7625 0.33359375 0.03203125 0.14921875
0 0.8609375 0.34765625 0.034375 0.16015625
0 0.740625 0.36328125 0.0421875 0.14296875
0 0.5484375 0.271875 0.03671875 0.1078125
0 0.54609375 0.23828125 0.02734375 0.115625
0 0.196875 0.44765625 0.0390625 0.14765625
0 0.55703125 0.34609375 0.04609375 0.14921875
0 0.64296875 0.346875 0.04765625 0.14765625
1 0.4265625 0.40703125 0.03515625 0.15703125
1 0.27265625 0.14609375 0.01640625 0.07734375
0 0.18203125 0.39296875 0.03671875 0.16875
0 0.63671875 0.30390625 0.03203125 0.134375
0 0.33515625 0.38984375 0.03828125 0.11171875
0 0.65234375 0.390625 0.0484375 0.15703125
0 0.66953125 0.39296875 0.04453125 0.090625