0 0.953125 0.634375 0.07109375 0.19296875
0 0.41796875 0.5296875 0.04375 0.16640625
0 0.87734375 0.465625 0.04765625 0.16171875
0 0.64375 0.484375 0.0578125 0.16953125
0 0.54375 0.51171875 0.05078125 0.171875
0 0.17734375 0.4578125 0.04765625 0.16953125
0 0.0171875 0.30859375 0.03359375 0.13046875
0 0.28125 0.39609375 0.04609375 0.15703125
0 0.6140625 0.546875 0.0453125 0.18359375
0 0.13046875 0.45546875 0.053125 0.16953125
1 0.54296875 0.36171875 0.0359375 0.1359375
0 0.1953125 0.36484375 0.04453125 0.15546875
0 0.4609375 0.515625 0.05 0.13671875
0 0.17421875 0.35078125 0.0375 0.13359375
0 0.56953125 0.4671875 0.04453125 0.15625
0 0.3 0.321875 0.0421875 0.14140625
0 0.43203125 0.4171875 0.03984375 0.1453125
0 0.47109375 0.5859375 0.0578125 0.08359375
0 0.13125 0.4140625 0.0421875 0.13984375
1 0.38359375 0.77109375 0.04609375 0.15390625
0 0.99140625 0.415625 0.01640625 0.146875
0 0.18828125 0.703125 0.084375 0.2203125