1 0.43203125 0.8546875 0.05625 0.19296875
0 0.50390625 0.71328125 0.028125 0.134375
0 0.74140625 0.6765625 0.0375 0.12734375
1 0.93828125 0.596875 0.03125 0.1234375
0 0.24765625 0.653125 0.03125 0.1109375
0 0.27890625 0.68828125 0.04609375 0.134375
1 0.7328125 0.56328125 0.025 0.10078125
0 0.33828125 0.653125 0.01953125 0.12578125
0 0.35 0.6609375 0.03359375 0.13203125
0 0.24453125 0.684375 0.02734375 0.121875
0 0.3015625 0.65546875 0.03359375 0.121875
0 0.32578125 0.66015625 0.02578125 0.13046875
0 0.4578125 0.67265625 0.03125 0.13984375
0 0.19921875 0.7015625 0.0375 0.1125
0 0.4703125 0.63984375 0.0171875 0.12578125
1 0.4640625 0.5984375 0.028125 0.11171875
0 0.3640625 0.6515625 0.0296875 0.140625
0 0.3765625 0.71875 0.0296875 0.13359375
0 0.3984375 0.65859375 0.0171875 0.13828125
0 0.40703125 0.66796875 0.0359375 0.13984375
0 0.4421875 0.6671875 0.02578125 0.1453125