0 0.31640625 0.6421875 0.0546875 0.1859375
1 0.05546875 0.56484375 0.04921875 0.20625
0 0.1390625 0.346875 0.03828125 0.14296875
0 0.4453125 0.2484375 0.03125 0.12890625
1 0.13125 0.1609375 0.03203125 0.12265625
0 0.53203125 0.74140625 0.071875 0.2109375
1 0.74921875 0.9046875 0.06640625 0.190625
0 0.73046875 0.62890625 0.06875 0.1421875
0 0.56875 0.4796875 0.04140625 0.14609375
0 0.4640625 0.61015625 0.03125 0.21171875
0 0.0546875 0.8921875 0.09140625 0.215625
0 0.44453125 0.51875 0.04375 0.16328125
0 0.48984375 0.5765625 0.04375 0.21953125
0 0.58984375 0.5953125 0.0640625 0.1515625
0 0.71328125 0.71328125 0.05 0.18046875
0 0.52578125 0.5046875 0.04921875 0.0765625
0 0.540625 0.5640625 0.046875 0.096875
0 0.4453125 0.6109375 0.0421875 0.19375
0 0.54921875 0.68203125 0.09609375 0.18671875
0 0.1109375 0.89375 0.0578125 0.2125
0 0.48203125 0.49453125 0.0234375 0.046875