0 0.8015625 0.590625 0.0375 0.1375
0 0.62109375 0.584375 0.0375 0.0765625
0 0.4734375 0.4890625 0.03671875 0.121875
0 0.5390625 0.5609375 0.03828125 0.134375
0 0.315625 0.58203125 0.0375 0.13359375
0 0.63046875 0.5328125 0.0265625 0.11953125
0 0.590625 0.571875 0.0453125 0.09453125
0 0.50390625 0.52578125 0.03203125 0.1265625
0 0.45234375 0.5234375 0.0421875 0.1359375
0 0.4125 0.56015625 0.02421875 0.13046875
1 0.0921875 0.66484375 0.04453125 0.15703125
0 0.34765625 0.54296875 0.02421875 0.13125
0 0.5421875 0.4765625 0.02421875 0.11484375
1 0.7515625 0.28125 0.01953125 0.07890625
0 0.5703125 0.55703125 0.04296875 0.09140625
0 0.41796875 0.534375 0.0265625 0.103125
0 0.325 0.4890625 0.0203125 0.1203125
1 0.3640625 0.4796875 0.03359375 0.109375
0 0.31484375 0.5359375 0.034375 0.1109375
0 0.3546875 0.51953125 0.02265625 0.11015625
0 0.52578125 0.46953125 0.0171875 0.09375
0 0.515625 0.55390625 0.025 0.08359375
0 0.4265625 0.58046875 0.04921875 0.04765625
0 0.43125 0.5671875 0.0359375 0.040625
0 0.33984375 0.49375 0.02109375 0.1234375