0 0.0890625 0.6734375 0.0734375 0.1921875
0 0.70390625 0.590625 0.04453125 0.16484375
0 0.52421875 0.465625 0.04921875 0.0859375
0 0.2078125 0.546875 0.05234375 0.159375
0 0.38125 0.47890625 0.04609375 0.10703125
0 0.37890625 0.7609375 0.03984375 0.2015625
0 0.703125 0.28359375 0.04375 0.1109375
0 0.61015625 0.47890625 0.03515625 0.14140625
0 0.65078125 0.45 0.0375 0.11875
0 0.42578125 0.53203125 0.0578125 0.10625
0 0.83515625 0.38359375 0.03515625 0.121875
0 0.2859375 0.434375 0.034375 0.11953125
0 0.56484375 0.44140625 0.0515625 0.07890625
0 0.6046875 0.3203125 0.02578125 0.12265625
0 0.46484375 0.49921875 0.05234375 0.1015625
0 0.9390625 0.328125 0.021875 0.12734375
0 0.415625 0.4609375 0.03984375 0.10625
0 0.5953125 0.415625 0.040625 0.071875
0 0.29453125 0.39453125 0.0234375 0.15703125
1 0.8953125 0.440625 0.02265625 0.1421875
1 0.7875 0.2390625 0.025 0.1109375
0 0.48984375 0.41328125 0.0390625 0.08203125
0 0.47109375 0.38984375 0.0328125 0.08828125
0 0.4640625 0.4421875 0.04765625 0.0734375