0 0.2 0.49921875 0.02890625 0.134375
0 0.7859375 0.41328125 0.02109375 0.10546875
1 0.58984375 0.31328125 0.025 0.090625
1 0.0125 0.44453125 0.025 0.11640625
1 0.38203125 0.4265625 0.0421875 0.1109375
1 0.88046875 0.46875 0.0234375 0.109375
0 0.7703125 0.37265625 0.02265625 0.103125
0 0.759375 0.3703125 0.02421875 0.0984375
0 0.0875 0.57890625 0.03359375 0.1515625
0 0.81875 0.3453125 0.02265625 0.0984375
0 0.88125 0.3375 0.02109375 0.08828125
0 0.55 0.45078125 0.04140625 0.08125
0 0.57734375 0.4515625 0.01953125 0.11015625
0 0.5953125 0.41796875 0.02109375 0.09609375
0 0.6125 0.44140625 0.04921875 0.0984375
0 0.578125 0.45859375 0.0296875 0.08125