0 0.359375 0.5578125 0.040625 0.15703125
0 0.47578125 0.4671875 0.040625 0.1171875
0 0.39765625 0.4359375 0.03984375 0.11328125
0 0.4296875 0.3953125 0.04765625 0.115625
0 0.34765625 0.38515625 0.0390625 0.10703125
0 0.87578125 0.5578125 0.0453125 0.14453125
0 0.5953125 0.4765625 0.04765625 0.09609375
0 0.73515625 0.453125 0.0421875 0.12578125
0 0.071875 0.42578125 0.0390625 0.12578125
0 0.90546875 0.52421875 0.04296875 0.13984375
0 0.609375 0.38671875 0.0421875 0.08671875
0 0.4640625 0.4265625 0.04375 0.08828125
1 0.3015625 0.45234375 0.03515625 0.13125
0 0.5265625 0.4453125 0.05 0.09609375
0 0.559375 0.4296875 0.04453125 0.09609375
0 0.58125 0.41796875 0.040625 0.090625
0 0.50703125 0.39921875 0.0390625 0.08046875
0 0.51484375 0.365625 0.0375 0.0671875
1 0.09296875 0.27578125 0.02265625 0.0828125
0 0.525 0.40859375 0.04296875 0.0765625
0 0.615625 0.45 0.03671875 0.07265625
0 0.64375 0.49296875 0.0359375 0.115625
0 0.64921875 0.45703125 0.0375 0.0703125
0 0.54765625 0.425 0.02734375 0.08515625