0 0.1609375 0.6890625 0.0453125 0.12109375
0 0.67421875 0.70078125 0.040625 0.12421875
0 0.20859375 0.665625 0.0375 0.09453125
0 0.24453125 0.6140625 0.0375 0.103125
0 0.32109375 0.525 0.0328125 0.084375
0 0.29296875 0.56640625 0.0328125 0.08984375
0 0.37734375 0.47734375 0.02734375 0.07109375
0 0.346875 0.50234375 0.03046875 0.0703125
1 0.165625 0.90625 0.05078125 0.14140625
0 0.6515625 0.62890625 0.03515625 0.10390625
0 0.65703125 0.5421875 0.0265625 0.084375
1 0.26171875 0.49140625 0.02578125 0.07734375
0 0.65390625 0.4640625 0.02734375 0.07734375
0 0.4015625 0.4640625 0.02734375 0.07734375
0 0.99375 0.46328125 0.01171875 0.0703125
0 0.41015625 0.44375 0.0234375 0.0703125
0 0.4078125 0.434375 0.02265625 0.065625
0 0.40546875 0.44375 0.0234375 0.0703125