0 0.83125 0.60859375 0.04296875 0.1765625
0 0.41796875 0.46953125 0.0359375 0.13203125
1 0.52734375 0.32265625 0.028125 0.10625
0 0.87734375 0.55703125 0.0390625 0.1
0 0.671875 0.47578125 0.0375 0.13671875
0 0.3 0.4375 0.0296875 0.13359375
1 0.38984375 0.47734375 0.0328125 0.12734375
1 0.921875 0.565625 0.0390625 0.16640625
0 0.38515625 0.40390625 0.03046875 0.11640625
1 0.2546875 0.3734375 0.03515625 0.1359375
0 0.4640625 0.46484375 0.02421875 0.12890625
0 0.2421875 0.39921875 0.02734375 0.11640625
0 0.52421875 0.4921875 0.0390625 0.10078125
0 0.48984375 0.4859375 0.034375 0.0875
0 0.49375 0.48203125 0.03359375 0.08359375
0 0.58125 0.44453125 0.02890625 0.13515625
0 0.521875 0.47265625 0.02421875 0.12890625
0 0.54609375 0.434375 0.0296875 0.1328125
0 0.53515625 0.46328125 0.02734375 0.12421875
1 0.559375 0.4640625 0.028125 0.1265625
0 0.19921875 0.353125 0.02734375 0.10859375