0 0.59375 0.4984375 0.028125 0.159375
0 0.63515625 0.5984375 0.03828125 0.2015625
1 0.57734375 0.3203125 0.0328125 0.1375
0 0.77578125 0.50859375 0.028125 0.184375
0 0.584375 0.5078125 0.03515625 0.1875
0 0.4125 0.4015625 0.025 0.16484375
1 0.24140625 0.38671875 0.040625 0.19140625
0 0.6375 0.4546875 0.02421875 0.13359375
1 0.4546875 0.496875 0.021875 0.1640625
0 0.7125 0.4578125 0.03671875 0.17421875
0 0.3625 0.4765625 0.02890625 0.17578125
0 0.51328125 0.53046875 0.071875 0.0578125
0 0.4125 0.49140625 0.02734375 0.18359375
0 0.1453125 0.3546875 0.034375 0.1484375
0 0.43671875 0.56640625 0.04375 0.1859375
0 0.53828125 0.49375 0.03671875 0.14296875
1 0.6265625 0.49765625 0.04140625 0.16015625
0 0.571875 0.49765625 0.0375 0.2015625
0 0.58828125 0.39453125 0.0328125 0.06015625
0 0.38046875 0.5109375 0.03671875 0.18125
0 0.4375 0.5234375 0.03828125 0.1671875
0 0.50703125 0.51484375 0.0328125 0.1765625
0 0.46875 0.50703125 0.03984375 0.1765625
0 0.54296875 0.46484375 0.03984375 0.20703125