0 0.975 0.64140625 0.05 0.2015625
0 0.4265625 0.53203125 0.04609375 0.175
0 0.9078125 0.46484375 0.05 0.16953125
0 0.6625 0.48515625 0.0609375 0.17734375
0 0.5578125 0.51328125 0.053125 0.18046875
0 0.1734375 0.45703125 0.05 0.17734375
0 0.01171875 0.30078125 0.0234375 0.13671875
0 0.28203125 0.3921875 0.0484375 0.16484375
0 0.63203125 0.55078125 0.04765625 0.1921875
0 0.12421875 0.45390625 0.05546875 0.17734375
1 0.55703125 0.35546875 0.0375 0.14296875
0 0.1921875 0.359375 0.04609375 0.16328125
0 0.47109375 0.5171875 0.05234375 0.14375
0 0.1703125 0.34453125 0.0390625 0.13984375
0 0.584375 0.46640625 0.046875 0.1640625
0 0.30234375 0.3140625 0.04453125 0.1484375
0 0.440625 0.4140625 0.04140625 0.15234375
0 0.48203125 0.59140625 0.0609375 0.0875
0 0.12578125 0.4109375 0.04453125 0.146875
1 0.38984375 0.78515625 0.0484375 0.1609375
0 0.18515625 0.71328125 0.08828125 0.23125