0 0.6578125 0.70390625 0.02890625 0.11953125
1 0.83125 0.628125 0.02734375 0.1140625
0 0.146875 0.71796875 0.03984375 0.125
0 0.3265625 0.690625 0.0375 0.08359375
0 0.29375 0.68046875 0.0390625 0.103125
0 0.2625 0.734375 0.03671875 0.09140625
1 0.68046875 0.60078125 0.0265625 0.1125
0 0.465625 0.7296875 0.0375 0.0984375
0 0.52265625 0.71875 0.04375 0.0734375
0 0.51171875 0.64921875 0.03125 0.10703125
0 0.5921875 0.7125 0.03984375 0.125
0 0.35 0.69140625 0.03671875 0.0890625
0 0.4875 0.70625 0.03828125 0.07890625
0 0.3765625 0.6875 0.03515625 0.1
0 0.4625 0.65 0.0328125 0.0890625
1 0.6078125 0.67890625 0.0359375 0.1140625
0 0.37890625 0.640625 0.0328125 0.0984375
0 0.4125 0.69765625 0.03828125 0.084375
0 0.5546875 0.69765625 0.0359375 0.1125
0 0.590625 0.66171875 0.0328125 0.09609375
0 0.56875 0.5671875 0.028125 0.0984375
0 0.434375 0.70390625 0.0375 0.0859375
0 0.453125 0.70625 0.0375 0.084375
0 0.5703125 0.703125 0.03515625 0.1109375
0 0.4234375 0.68359375 0.03828125 0.0640625