0 0.60390625 0.6640625 0.05234375 0.1796875
0 0.4703125 0.703125 0.05390625 0.15625
0 0.1046875 0.54609375 0.0453125 0.14453125
0 0.58515625 0.53359375 0.03828125 0.14296875
0 0.4 0.553125 0.05390625 0.1328125
0 0.5703125 0.428125 0.04765625 0.1359375
0 0.6828125 0.5125 0.04453125 0.153125
0 0.5125 0.5171875 0.04921875 0.1515625
1 0.296875 0.5125 0.03828125 0.153125
0 0.45390625 0.52421875 0.059375 0.15
0 0.71015625 0.44921875 0.04453125 0.1484375
0 0.26953125 0.4625 0.0390625 0.1296875
1 0.78828125 0.365625 0.034375 0.125
1 0.1953125 0.31328125 0.03359375 0.1140625
0 0.2296875 0.37890625 0.0375 0.1109375
0 0.396875 0.45859375 0.02578125 0.1265625
0 0.27890625 0.40078125 0.0390625 0.1109375
0 0.25546875 0.37265625 0.0375 0.103125
0 0.33984375 0.340625 0.03125 0.0921875
0 0.434375 0.47421875 0.05 0.1296875
0 0.421875 0.46484375 0.0453125 0.125
0 0.49453125 0.509375 0.03828125 0.146875
0 0.4921875 0.515625 0.0453125 0.13828125
0 0.59296875 0.50859375 0.0359375 0.11640625
0 0.115625 0.375 0.05390625 0.125