1 0.321875 0.80234375 0.0484375 0.18828125
0 0.2640625 0.7 0.04609375 0.17578125
0 0.478125 0.46796875 0.03046875 0.1234375
0 0.3640625 0.565625 0.03984375 0.14375
0 0.70234375 0.67265625 0.04140625 0.165625
0 0.36328125 0.4890625 0.0375 0.1140625
1 0.409375 0.3015625 0.021875 0.0796875
1 0.9734375 0.35 0.025 0.10390625
0 0.62109375 0.70546875 0.04453125 0.17890625
0 0.9875 0.32578125 0.021875 0.0984375
0 0.4890625 0.63046875 0.03671875 0.1234375
0 0.58203125 0.721875 0.04609375 0.17421875
0 0.703125 0.6140625 0.0359375 0.15546875
0 0.38515625 0.7390625 0.03046875 0.18359375
0 0.40625 0.678125 0.02890625 0.1625
0 0.42578125 0.67265625 0.02265625 0.1734375
0 0.446875 0.73515625 0.04453125 0.19140625
0 0.43203125 0.73515625 0.04296875 0.1796875
0 0.43359375 0.63359375 0.02421875 0.0953125
0 0.46171875 0.63984375 0.03125 0.13203125
0 0.53125 0.76171875 0.04296875 0.19296875
0 0.5390625 0.71640625 0.03671875 0.18125
0 0.50078125 0.734375 0.03125 0.190625
0 0.47265625 0.72734375 0.021875 0.18515625
1 0.4921875 0.63203125 0.02265625 0.08203125