0 0.896875 0.70078125 0.05859375 0.1484375
0 0.8078125 0.63125 0.05234375 0.12890625
0 0.5234375 0.534375 0.0421875 0.08046875
0 0.425 0.52890625 0.04296875 0.08359375
0 0.34453125 0.5328125 0.0375 0.09296875
0 0.33125 0.66640625 0.03984375 0.153125
0 0.096875 0.5234375 0.03984375 0.11953125
0 0.41875 0.6359375 0.04375 0.1109375
0 0.3546875 0.440625 0.03671875 0.1015625
0 0.3765625 0.5109375 0.0421875 0.08359375
0 0.66796875 0.56484375 0.0421875 0.12109375
0 0.715625 0.7890625 0.0515625 0.15
0 0.55234375 0.54375 0.0390625 0.090625
0 0.46640625 0.559375 0.05 0.0890625
0 0.5875 0.4859375 0.03125 0.125
1 0.6734375 0.421875 0.0265625 0.1
0 0.253125 0.490625 0.034375 0.10859375
0 0.4484375 0.50078125 0.0359375 0.0765625
1 0.24453125 0.40546875 0.02421875 0.09765625
0 0.4828125 0.521875 0.03828125 0.0765625
0 0.55078125 0.47890625 0.03125 0.09453125
0 0.471875 0.496875 0.028125 0.09921875
0 0.2375 0.56875 0.04296875 0.1046875
0 0.16640625 0.45 0.0265625 0.1109375
1 0.23125 0.540625 0.0359375 0.12109375