0 0.5171875 0.65 0.06171875 0.221875
0 0.33203125 0.73984375 0.0734375 0.20859375
0 0.1265625 0.64453125 0.0609375 0.2203125
0 0.45078125 0.26171875 0.03671875 0.13125
0 0.19375 0.34296875 0.040625 0.15859375
0 0.2765625 0.28984375 0.040625 0.1296875
0 0.0390625 0.6078125 0.07265625 0.19921875
0 0.98203125 0.30078125 0.0359375 0.15
0 0.98671875 0.35625 0.02578125 0.1484375
1 0.88203125 0.30390625 0.03984375 0.13828125
0 0.315625 0.2453125 0.03671875 0.1265625
1 0.7015625 0.17109375 0.03359375 0.1140625
0 0.00859375 0.61171875 0.0171875 0.19140625