0 0.80234375 0.459375 0.04375 0.15546875
0 0.45703125 0.540625 0.046875 0.1640625
0 0.51640625 0.46015625 0.04375 0.15859375
0 0.49453125 0.44375 0.04296875 0.15859375
0 0.66171875 0.42890625 0.040625 0.159375
0 0.11640625 0.51640625 0.04296875 0.16796875
0 0.21484375 0.53203125 0.04609375 0.15859375
0 0.896875 0.459375 0.0390625 0.15703125
0 0.41953125 0.41875 0.04140625 0.15703125
0 0.690625 0.44453125 0.0421875 0.15390625
0 0.440625 0.46484375 0.0484375 0.1703125
0 0.66171875 0.4078125 0.0390625 0.1640625
0 0.3578125 0.48984375 0.0546875 0.16484375
0 0.22109375 0.47265625 0.04296875 0.15390625
1 0.03359375 0.2671875 0.03203125 0.10078125
0 0.384375 0.484375 0.0390625 0.16015625
0 0.1125 0.48984375 0.040625 0.13984375
0 0.390625 0.43828125 0.02734375 0.15546875
1 0.3734375 0.46171875 0.0234375 0.16171875
0 0.5734375 0.37109375 0.01796875 0.13046875
0 0.5640625 0.38828125 0.01875 0.146875
0 0.55859375 0.403125 0.02890625 0.14921875
0 0.58359375 0.41484375 0.02578125 0.1453125
0 0.60859375 0.4265625 0.03515625 0.15234375