1 0.084375 0.56875 0.04296875 0.159375
0 0.69921875 0.43203125 0.02734375 0.128125
0 0.5984375 0.46640625 0.034375 0.1296875
0 0.62421875 0.40546875 0.0234375 0.1140625
1 0.47578125 0.32265625 0.0296875 0.10390625
0 0.34765625 0.47578125 0.034375 0.1265625
0 0.159375 0.60546875 0.0453125 0.16171875
0 0.13984375 0.5546875 0.03515625 0.10078125
1 0.6234375 0.4796875 0.03671875 0.12109375
1 0.74375 0.375 0.03046875 0.1109375
0 0.7578125 0.39453125 0.03203125 0.1140625
1 0.440625 0.46171875 0.03203125 0.12109375
0 0.43203125 0.4484375 0.02890625 0.134375
0 0.79296875 0.35625 0.028125 0.11171875
0 0.45546875 0.43984375 0.02421875 0.1359375
0 0.46875 0.47421875 0.03984375 0.11953125
0 0.540625 0.46171875 0.025 0.13125
0 0.51328125 0.48203125 0.03515625 0.084375
0 0.4765625 0.4703125 0.034375 0.11953125