0 0.5234375 0.684375 0.05078125 0.15078125
0 0.30859375 0.596875 0.03984375 0.13046875
0 0.5640625 0.62421875 0.0515625 0.09921875
0 0.565625 0.8125 0.0546875 0.15859375
0 0.8140625 0.79375 0.0765625 0.16640625
0 0.6328125 0.67890625 0.05625 0.10546875
0 0.28671875 0.44296875 0.0328125 0.1078125
0 0.4234375 0.52265625 0.04296875 0.11328125
0 0.71484375 0.56796875 0.04296875 0.1453125
0 0.51015625 0.43203125 0.03671875 0.10859375
0 0.85859375 0.56953125 0.03125 0.1265625
0 0.178125 0.5578125 0.040625 0.12890625
0 0.6015625 0.634375 0.04375 0.103125
1 0.11484375 0.61328125 0.04296875 0.1625
0 0.346875 0.66640625 0.04453125 0.1453125
0 0.44765625 0.5796875 0.05078125 0.08828125
0 0.475 0.628125 0.06875 0.1078125
0 0.3625 0.35078125 0.03359375 0.0953125
0 0.27265625 0.353125 0.02578125 0.0953125
0 0.52265625 0.5921875 0.04765625 0.0828125
1 0.29296875 0.2984375 0.0234375 0.0984375
0 0.52109375 0.53671875 0.0453125 0.04140625
1 0.759375 0.90625 0.053125 0.1875
0 0.46953125 0.60234375 0.053125 0.09296875
0 0.525 0.55859375 0.0421875 0.040625