1 0.06875 0.52421875 0.0890625 0.3109375
0 0.10234375 0.32109375 0.0734375 0.25390625
0 0.6453125 0.4671875 0.05625 0.28046875
0 0.7671875 0.61484375 0.13671875 0.28125
1 0.83203125 0.9296875 0.0859375 0.140625
0 0.446875 0.07890625 0.05 0.1578125
0 0.40078125 0.55 0.09453125 0.290625
0 0.50234375 0.8453125 0.12734375 0.2875
0 0.1328125 0.93515625 0.09453125 0.12421875
0 0.27421875 0.9234375 0.0796875 0.153125
0 0.42265625 0.85234375 0.1375 0.28671875
0 0.5828125 0.475 0.065625 0.19296875
0 0.459375 0.60234375 0.08046875 0.234375
0 0.475 0.61875 0.021875 0.06484375
0 0.47265625 0.66484375 0.04140625 0.0671875
0 0.51953125 0.63203125 0.05078125 0.06875
0 0.57421875 0.709375 0.15390625 0.09296875
0 0.5484375 0.63046875 0.0359375 0.0515625
0 0.6171875 0.68984375 0.05234375 0.3
0 0.5671875 0.64453125 0.07265625 0.25390625