0 0.09140625 0.45546875 0.04765625 0.159375
0 0.14609375 0.58125 0.0625 0.19609375
0 0.38828125 0.5734375 0.0484375 0.190625
0 0.83125 0.4875 0.04609375 0.17578125
0 0.62578125 0.384375 0.04765625 0.159375
0 0.9453125 0.3109375 0.03671875 0.13359375
0 0.81875 0.34453125 0.0375 0.1359375
0 0.0171875 0.3671875 0.03359375 0.146875
0 0.7515625 0.4609375 0.0484375 0.16953125
0 0.45078125 0.47890625 0.03984375 0.1796875
0 0.5390625 0.575 0.0578125 0.17109375
0 0.778125 0.67734375 0.0546875 0.2
0 0.77421875 0.446875 0.04296875 0.153125
1 0.421875 0.3734375 0.03984375 0.14765625
0 0.5015625 0.55703125 0.06171875 0.17265625
0 0.7671875 0.35234375 0.040625 0.13203125
0 0.72890625 0.31953125 0.03984375 0.13671875
0 0.53828125 0.42265625 0.03984375 0.14140625
0 0.54453125 0.50390625 0.04921875 0.1453125
0 0.690625 0.33046875 0.040625 0.14140625
1 0.37109375 0.12578125 0.0265625 0.08828125
0 0.70625 0.37734375 0.04609375 0.14375
0 0.50625 0.46875 0.04375 0.15625
1 0.5625 0.71875 0.05703125 0.175
0 0.44453125 0.3703125 0.03828125 0.11953125
0 0.71328125 0.3375 0.0390625 0.13671875