0 0.73671875 0.690625 0.065625 0.27578125
0 0.6078125 0.7234375 0.0515625 0.271875
0 0.80703125 0.66015625 0.06015625 0.25
0 0.5359375 0.646875 0.06015625 0.27734375
0 0.88203125 0.65078125 0.04921875 0.2328125
0 0.4109375 0.65 0.06015625 0.259375
0 0.58984375 0.596875 0.046875 0.21796875
0 0.44140625 0.60078125 0.0640625 0.21796875
1 0.54921875 0.4796875 0.0359375 0.21640625
0 0.5640625 0.5125 0.03828125 0.24375
0 0.88203125 0.61171875 0.04140625 0.23828125
0 0.2953125 0.5984375 0.07421875 0.2296875
0 0.91015625 0.8578125 0.0671875 0.284375
0 0.10390625 0.58046875 0.0453125 0.2515625
0 0.2109375 0.51796875 0.06484375 0.2328125
0 0.35234375 0.6015625 0.0734375 0.2328125
0 0.5890625 0.553125 0.04375 0.2265625
0 0.32109375 0.490625 0.03984375 0.234375
0 0.44921875 0.4953125 0.03046875 0.2203125