0 0.078125 0.4390625 0.02890625 0.13984375
0 0.6640625 0.578125 0.04765625 0.1640625
0 0.478125 0.41953125 0.0359375 0.0890625
0 0.9203125 0.53203125 0.04765625 0.15
0 0.528125 0.53515625 0.04140625 0.14609375
0 0.69140625 0.48671875 0.046875 0.1453125
0 0.2375 0.41796875 0.04140625 0.1
0 0.39609375 0.44921875 0.04609375 0.0859375
1 0.58515625 0.38203125 0.02890625 0.109375
0 0.34765625 0.3453125 0.03046875 0.10390625
0 0.434375 0.45 0.03984375 0.11484375
0 0.71171875 0.41640625 0.03359375 0.13125
0 0.19609375 0.415625 0.0375 0.103125
1 0.08203125 0.31796875 0.02734375 0.096875
0 0.159375 0.43359375 0.03359375 0.13203125
0 0.32421875 0.45546875 0.03828125 0.1015625
0 0.30546875 0.440625 0.0375 0.09296875
1 0.4984375 0.253125 0.02734375 0.1
0 0.26875 0.4265625 0.04140625 0.0953125
0 0.35703125 0.428125 0.04140625 0.07890625
0 0.4296875 0.39375 0.03515625 0.07578125
0 0.25859375 0.3640625 0.03515625 0.08515625
0 0.31484375 0.4140625 0.03671875 0.06875
0 0.3109375 0.40390625 0.03671875 0.0609375
0 0.17265625 0.36171875 0.03203125 0.10078125
0 0.31796875 0.425 0.03828125 0.0796875