0 0.58203125 0.6703125 0.0703125 0.1765625
0 0.03984375 0.55 0.046875 0.14140625
0 0.13125 0.64453125 0.04609375 0.15859375
0 0.64609375 0.64609375 0.059375 0.1859375
0 0.43984375 0.58125 0.046875 0.140625
0 0.70703125 0.56171875 0.0625 0.1484375
0 0.43203125 0.66328125 0.0609375 0.1515625
0 0.728125 0.8390625 0.06484375 0.203125
0 0.628125 0.834375 0.0796875 0.19296875
0 0.853125 0.70625 0.05078125 0.19296875
0 0.325 0.55546875 0.0390625 0.14453125
0 0.390625 0.50546875 0.03984375 0.13359375
0 0.60703125 0.6453125 0.0609375 0.165625
1 0.3859375 0.653125 0.046875 0.1765625
0 0.5015625 0.615625 0.04765625 0.171875
0 0.875 0.58515625 0.04140625 0.1625
1 0.9625 0.50234375 0.03984375 0.1265625
0 0.2796875 0.48515625 0.04140625 0.11796875
0 0.3015625 0.484375 0.02890625 0.11640625
1 0.27421875 0.4265625 0.0359375 0.125
0 0.4671875 0.596875 0.05 0.13359375
0 0.715625 0.7 0.0703125 0.16953125
0 0.72890625 0.6796875 0.0625 0.17109375
0 0.3125 0.46640625 0.0203125 0.1109375
0 0.396875 0.434375 0.04609375 0.1109375