0 0.3921875 0.59921875 0.046875 0.1171875
1 0.7578125 0.60390625 0.04921875 0.14140625
0 0.534375 0.8390625 0.05 0.2
0 0.6171875 0.4890625 0.05390625 0.1296875
0 0.70625 0.68984375 0.04140625 0.15625
0 0.1515625 0.7 0.053125 0.1421875
0 0.09375 0.80390625 0.07421875 0.17265625
0 0.6328125 0.5984375 0.04140625 0.14375
0 0.678125 0.5375 0.0359375 0.13828125
0 0.9578125 0.46484375 0.04453125 0.13046875
0 0.91484375 0.40703125 0.03515625 0.1
0 0.51953125 0.57734375 0.0609375 0.11015625
0 0.64921875 0.41328125 0.04609375 0.09140625
0 0.4859375 0.61875 0.0640625 0.14375
0 0.78359375 0.4265625 0.03828125 0.11171875
0 0.58828125 0.5375 0.06171875 0.11875
0 0.4421875 0.5703125 0.0421875 0.11640625
1 0.17265625 0.3890625 0.0296875 0.1265625
1 0.8078125 0.3109375 0.0296875 0.10390625
0 0.671875 0.36953125 0.03203125 0.08828125
0 0.29609375 0.51953125 0.04375 0.14453125
0 0.49765625 0.49765625 0.0421875 0.1
0 0.2984375 0.49296875 0.040625 0.13984375
0 0.4828125 0.52421875 0.0484375 0.0828125