0 0.16328125 0.65 0.04609375 0.14453125
0 0.428125 0.6234375 0.05546875 0.09453125
0 0.76875 0.70078125 0.0484375 0.1609375
0 0.1125 0.62734375 0.0484375 0.13203125
0 0.30859375 0.46328125 0.04609375 0.13359375
1 0.2953125 0.76875 0.0421875 0.18984375
0 0.6921875 0.7109375 0.05078125 0.1359375
0 0.2328125 0.71640625 0.04140625 0.1640625
0 0.49140625 0.66796875 0.0609375 0.10078125
0 0.6265625 0.78671875 0.04453125 0.15859375
0 0.3765625 0.6640625 0.040625 0.134375
0 0.090625 0.48671875 0.034375 0.1203125
0 0.54921875 0.70625 0.075 0.10703125
0 0.3859375 0.56953125 0.03984375 0.128125
1 0.98515625 0.50390625 0.0296875 0.15390625
0 0.6796875 0.61875 0.04453125 0.128125
0 0.5953125 0.625 0.0296875 0.15546875
0 0.50390625 0.59140625 0.04921875 0.08671875
0 0.63828125 0.6953125 0.053125 0.109375
0 0.54140625 0.61328125 0.04609375 0.08125
0 0.61171875 0.66328125 0.053125 0.10859375
1 0.07109375 0.371875 0.0265625 0.09609375
0 0.55625 0.6515625 0.0515625 0.08671875
0 0.5921875 0.5796875 0.03515625 0.1140625