1 0.46484375 0.796875 0.053125 0.246875
0 0.60234375 0.68671875 0.05 0.22578125
0 0.10546875 0.75234375 0.06015625 0.25390625
0 0.38984375 0.715625 0.05390625 0.2328125
0 0.41953125 0.6625 0.0453125 0.234375
0 0.9046875 0.67109375 0.0515625 0.2203125
0 0.24453125 0.80078125 0.06484375 0.25546875
0 0.6453125 0.57578125 0.03828125 0.2
0 0.84765625 0.55 0.0390625 0.190625
0 0.1671875 0.6015625 0.071875 0.203125
0 0.4421875 0.51640625 0.0359375 0.175
0 0.21328125 0.7078125 0.0421875 0.25703125
0 0.46328125 0.49140625 0.0609375 0.1078125
0 0.38984375 0.92421875 0.0484375 0.1515625
0 0.70390625 0.51328125 0.03984375 0.175
0 0.66328125 0.51328125 0.05546875 0.16328125
0 0.38984375 0.584375 0.05390625 0.16328125
0 0.01796875 0.93828125 0.0359375 0.1234375