0 0.771875 0.6609375 0.04453125 0.15703125
0 0.68984375 0.5859375 0.03671875 0.13984375
1 0.10703125 0.6828125 0.0421875 0.1875
0 0.2609375 0.55390625 0.0359375 0.13671875
0 0.37109375 0.60625 0.03984375 0.14140625
0 0.5484375 0.54765625 0.02109375 0.134375
0 0.36328125 0.5125 0.0375 0.13125
0 0.33046875 0.5046875 0.03671875 0.1328125
0 0.62890625 0.60390625 0.046875 0.146875
0 0.60625 0.57578125 0.02109375 0.15546875
0 0.51171875 0.49609375 0.03046875 0.12265625
0 0.3953125 0.575 0.04140625 0.14375
0 0.39453125 0.5296875 0.0359375 0.13125
0 0.4671875 0.5078125 0.03203125 0.1234375
0 0.46953125 0.559375 0.0421875 0.13515625
0 0.61796875 0.5609375 0.0359375 0.16640625
0 0.48359375 0.53984375 0.03046875 0.15078125
0 0.43984375 0.59921875 0.0390625 0.0875
1 0.42265625 0.52265625 0.0265625 0.1125
0 0.421875 0.56484375 0.028125 0.1265625
0 0.53984375 0.53359375 0.01953125 0.14140625
0 0.50546875 0.4765625 0.02734375 0.12734375
0 0.41796875 0.55625 0.01875 0.128125
0 0.41328125 0.5328125 0.01640625 0.11953125