0 0.47109375 0.58203125 0.04296875 0.13359375
0 0.378125 0.62890625 0.04609375 0.12734375
0 0.14609375 0.584375 0.04765625 0.10546875
0 0.56015625 0.63515625 0.0515625 0.13515625
0 0.5109375 0.5265625 0.04453125 0.12421875
0 0.434375 0.58125 0.046875 0.096875
0 0.22421875 0.5265625 0.04296875 0.0984375
0 0.43828125 0.44921875 0.02890625 0.10234375
0 0.32421875 0.5765625 0.04921875 0.0984375
0 0.36015625 0.5953125 0.0484375 0.09609375
1 0.5640625 0.4859375 0.03125 0.12890625
0 0.4046875 0.4984375 0.034375 0.115625
0 0.66875 0.52578125 0.03828125 0.1203125
0 0.40390625 0.6140625 0.04453125 0.11171875
0 0.23125 0.44140625 0.03359375 0.11171875
1 0.8421875 0.775 0.03828125 0.18203125
0 0.29375 0.55078125 0.046875 0.09609375
0 0.31484375 0.5234375 0.0453125 0.084375
0 0.171875 0.5234375 0.0390625 0.10078125
0 0.2765625 0.49921875 0.0421875 0.08125
0 0.37109375 0.54609375 0.046875 0.07109375
1 0.26171875 0.2625 0.02421875 0.08828125
0 0.2578125 0.553125 0.04296875 0.096875
0 0.178125 0.48828125 0.04609375 0.11328125
0 0.25234375 0.5421875 0.04453125 0.08984375