0 0.32265625 0.6921875 0.02890625 0.1265625
1 0.14609375 0.615625 0.02734375 0.11796875
0 0.84296875 0.709375 0.03984375 0.1265625
1 0.29296875 0.58984375 0.02734375 0.11484375
0 0.69375 0.67109375 0.04140625 0.109375
0 0.6609375 0.68203125 0.03828125 0.08828125
0 0.63515625 0.68046875 0.03671875 0.09375
0 0.72734375 0.72578125 0.03828125 0.096875
0 0.471875 0.63828125 0.03046875 0.10625
0 0.45859375 0.71015625 0.04765625 0.08203125
0 0.5171875 0.7203125 0.03671875 0.09921875
0 0.521875 0.63671875 0.03203125 0.09921875
0 0.60859375 0.678125 0.034375 0.10625
0 0.60703125 0.63359375 0.03203125 0.10546875
0 0.49609375 0.69921875 0.03671875 0.078125
0 0.5734375 0.6859375 0.03828125 0.08828125
0 0.3875 0.7046875 0.040625 0.125
0 0.55078125 0.69296875 0.03828125 0.08515625
0 0.42578125 0.67578125 0.0328125 0.109375
0 0.3765625 0.66640625 0.0359375 0.11953125
0 0.41484375 0.55703125 0.02421875 0.10234375
0 0.41328125 0.69296875 0.03671875 0.121875
0 0.53515625 0.70078125 0.03671875 0.08984375
0 0.56015625 0.671875 0.0359375 0.06796875
0 0.528125 0.69296875 0.034375 0.0765625