0 0.84375 0.60390625 0.04140625 0.17109375
0 0.29453125 0.42578125 0.025 0.12265625
0 0.39140625 0.459375 0.0296875 0.12421875
0 0.45546875 0.46015625 0.03125 0.12578125
1 0.91875 0.56015625 0.03984375 0.1625
0 0.36640625 0.4015625 0.025 0.11953125
1 0.5171875 0.315625 0.021875 0.0984375
0 0.6421875 0.46875 0.03046875 0.1296875
0 0.4796875 0.47421875 0.03984375 0.09453125
1 0.36328125 0.47578125 0.0265625 0.121875
0 0.85859375 0.54765625 0.03515625 0.09765625
1 0.24375 0.3609375 0.03125 0.10625
0 0.2328125 0.3890625 0.0265625 0.11171875
0 0.5328125 0.46484375 0.03046875 0.134375
0 0.540625 0.43046875 0.028125 0.12890625
0 0.515625 0.465625 0.03046875 0.12421875
1 0.55390625 0.45625 0.03203125 0.12734375
0 0.51875 0.44765625 0.02734375 0.10390625
0 0.5609375 0.44375 0.02734375 0.1328125
0 0.19921875 0.34765625 0.02890625 0.10390625