0 0.15625 0.43359375 0.03984375 0.15546875
0 0.10703125 0.41640625 0.04140625 0.15390625
1 0.98984375 0.25546875 0.01953125 0.11171875
0 0.81484375 0.46640625 0.03515625 0.16953125
0 0.4859375 0.4578125 0.0421875 0.1640625
0 0.51328125 0.43828125 0.0359375 0.15859375
0 0.6640625 0.4734375 0.04140625 0.1765625
0 0.64375 0.51640625 0.0453125 0.15
0 0.8609375 0.4984375 0.03515625 0.16953125
0 0.8515625 0.51328125 0.0296875 0.1703125
0 0.6203125 0.4828125 0.02890625 0.16484375
0 0.57109375 0.403125 0.03671875 0.15546875
1 0.63984375 0.4546875 0.03046875 0.15625
0 0.275 0.40390625 0.02265625 0.14296875
0 0.28515625 0.38515625 0.01796875 0.140625
0 0.28984375 0.43046875 0.034375 0.15859375
0 0.3078125 0.42109375 0.02421875 0.16171875
0 0.3453125 0.4203125 0.034375 0.15
0 0.375 0.4015625 0.0265625 0.15078125
0 0.38828125 0.38203125 0.03203125 0.15234375
0 0.365625 0.37421875 0.0203125 0.14609375
0 0.3484375 0.3546875 0.0203125 0.11484375
0 0.55859375 0.46484375 0.034375 0.16640625
0 0.6078125 0.4453125 0.03125 0.16953125