1 0.146875 0.60234375 0.05078125 0.2046875
0 0.628125 0.48046875 0.02734375 0.1796875
1 0.65703125 0.2953125 0.03046875 0.16484375
0 0.340625 0.48125 0.0328125 0.19375
1 0.18046875 0.33984375 0.03359375 0.140625
0 0.56640625 0.5 0.0484375 0.146875
0 0.3703125 0.46328125 0.03125 0.18984375
0 0.39921875 0.4546875 0.0265625 0.19296875
0 0.39609375 0.3875 0.03046875 0.0953125
0 0.41953125 0.4453125 0.0234375 0.18984375
0 0.4578125 0.4859375 0.03828125 0.19453125
1 0.496875 0.41484375 0.03671875 0.1140625
0 0.52734375 0.49765625 0.0359375 0.1890625
0 0.5765625 0.4515625 0.034375 0.184375
0 0.53671875 0.45625 0.0359375 0.17421875
0 0.52265625 0.39453125 0.0234375 0.05078125
0 0.43828125 0.36953125 0.0328125 0.04765625
0 0.43125 0.45390625 0.03125 0.17890625
0 0.4984375 0.5171875 0.04140625 0.08671875