0 0.40625 0.434375 0.05 0.1515625
0 0.4609375 0.365625 0.04140625 0.125
0 0.4328125 0.409375 0.04453125 0.1375
0 0.1078125 0.415625 0.06015625 0.0984375
0 0.3546875 0.57421875 0.04609375 0.1765625
0 0.33828125 0.3859375 0.0609375 0.09140625
0 0.36328125 0.31953125 0.0453125 0.1359375
0 0.3234375 0.4234375 0.06171875 0.10546875
0 0.2796875 0.5015625 0.06640625 0.15
0 0.5484375 0.20703125 0.03984375 0.1
0 0.1484375 0.50078125 0.06328125 0.12109375
1 0.5875 0.36640625 0.03515625 0.1390625
0 0.8828125 0.33125 0.0359375 0.13203125
0 0.3875 0.19453125 0.04765625 0.103125
1 0.4421875 0.140625 0.0296875 0.1
0 0.18046875 0.47109375 0.05625 0.103125
0 0.225 0.40078125 0.0484375 0.12109375
0 0.19453125 0.434375 0.05625 0.09453125
0 0.1328125 0.46015625 0.04609375 0.0765625
0 0.2234375 0.34140625 0.0453125 0.103125
0 0.2578125 0.41171875 0.05390625 0.1015625
0 0.29453125 0.471875 0.065625 0.11640625
0 0.25859375 0.371875 0.0484375 0.08046875
0 0.2546875 0.37734375 0.0421875 0.0234375