1 0.38984375 0.04765625 0.021875 0.0953125
1 0.93359375 0.06875 0.02734375 0.11796875
1 0.27109375 0.80390625 0.0640625 0.290625
1 0.33046875 0.403125 0.0453125 0.1796875
0 0.7734375 0.46953125 0.04609375 0.24609375
0 0.6625 0.38515625 0.034375 0.178125
0 0.65703125 0.41328125 0.03828125 0.18671875
0 0.60078125 0.37265625 0.04609375 0.20078125
0 0.53359375 0.4515625 0.03828125 0.1953125
0 0.55234375 0.5 0.04609375 0.15703125
0 0.59609375 0.60703125 0.04765625 0.22734375
0 0.5765625 0.6421875 0.05 0.24140625
0 0.4265625 0.63203125 0.05625 0.14921875
0 0.39921875 0.7078125 0.09140625 0.1546875
0 0.384375 0.6203125 0.053125 0.09375
0 0.275 0.65625 0.03984375 0.2328125
0 0.365625 0.4890625 0.03046875 0.22734375
0 0.4234375 0.37578125 0.03984375 0.20625
0 0.3765625 0.509375 0.06015625 0.21484375
0 0.45234375 0.396875 0.03671875 0.18125
0 0.32890625 0.61171875 0.04140625 0.23203125
0 0.51171875 0.671875 0.06953125 0.20078125
0 0.46875 0.65078125 0.05078125 0.121875