1 0.56484375 0.85625 0.05625 0.190625
0 0.22578125 0.678125 0.03125 0.13515625
1 0.05546875 0.60078125 0.034375 0.1203125
1 0.53359375 0.6046875 0.028125 0.1203125
0 0.50234375 0.70390625 0.02890625 0.15078125
1 0.26171875 0.56640625 0.02734375 0.103125
0 0.77578125 0.69375 0.01953125 0.134375
0 0.7625 0.7 0.02109375 0.13671875
0 0.6796875 0.61875 0.01953125 0.05703125
0 0.70078125 0.665625 0.0234375 0.13515625
0 0.77421875 0.66796875 0.028125 0.134375
0 0.68515625 0.69453125 0.0265625 0.134375
0 0.67109375 0.709375 0.02734375 0.1453125
0 0.65625 0.67265625 0.0359375 0.10390625
0 0.65234375 0.65859375 0.02734375 0.14921875
0 0.6359375 0.66328125 0.01796875 0.1390625
0 0.6265625 0.6578125 0.0171875 0.14375
0 0.60546875 0.66953125 0.02578125 0.14765625
0 0.6078125 0.6546875 0.021875 0.15546875
0 0.59609375 0.65546875 0.0171875 0.13359375
0 0.578125 0.66796875 0.03515625 0.14140625
0 0.5578125 0.6765625 0.0265625 0.14296875
0 0.55390625 0.60390625 0.021875 0.06015625
0 0.54140625 0.68046875 0.02890625 0.15703125