0 0.7515625 0.65 0.0734375 0.146875
0 0.521875 0.76796875 0.08203125 0.1890625
0 0.6125 0.4203125 0.03203125 0.12421875
0 0.43125 0.59140625 0.04375 0.16875
0 0.8625 0.42109375 0.03046875 0.115625
0 0.721875 0.38125 0.03515625 0.1
0 0.30859375 0.7421875 0.0515625 0.18046875
1 0.80078125 0.45625 0.03125 0.14375
0 0.4859375 0.5015625 0.05390625 0.14453125
0 0.80703125 0.33515625 0.0359375 0.10078125
0 0.93984375 0.3625 0.040625 0.11171875
0 0.43046875 0.44296875 0.05234375 0.1125
0 0.3984375 0.44296875 0.03984375 0.1171875
0 0.36640625 0.43828125 0.028125 0.11328125
0 0.34765625 0.45234375 0.0265625 0.146875
0 0.3296875 0.4359375 0.01640625 0.1296875
0 0.309375 0.45703125 0.05 0.13203125
0 0.27421875 0.41796875 0.05625 0.0921875
0 0.22421875 0.41640625 0.02578125 0.11796875
0 0.22265625 0.42421875 0.04609375 0.09609375
0 0.15390625 0.48671875 0.0421875 0.1421875
0 0.184375 0.47734375 0.02890625 0.1375
1 0.71015625 0.26796875 0.02578125 0.1078125