0 0.5984375 0.55078125 0.05078125 0.1453125
0 0.51796875 0.74453125 0.05859375 0.1890625
0 0.5125 0.603125 0.0515625 0.1625
0 0.4484375 0.575 0.06875 0.1125
0 0.46953125 0.46640625 0.04609375 0.13984375
1 0.6515625 0.4875 0.04609375 0.13125
0 0.20234375 0.5921875 0.05078125 0.13359375
0 0.51796875 0.51171875 0.04921875 0.13515625
0 0.1828125 0.546875 0.0453125 0.13125
0 0.75234375 0.61796875 0.040625 0.17578125
0 0.33046875 0.6015625 0.06484375 0.14296875
0 0.2765625 0.4765625 0.053125 0.10390625
0 0.75234375 0.521875 0.040625 0.14140625
0 0.2875 0.503125 0.05546875 0.109375
0 0.36875 0.6140625 0.0609375 0.12109375
1 0.70546875 0.8703125 0.06640625 0.234375
1 0.61640625 0.24609375 0.0265625 0.10078125
0 0.41015625 0.54375 0.05859375 0.09375
0 0.3125 0.546875 0.05078125 0.0953125
0 0.328125 0.4390625 0.046875 0.125
0 0.39609375 0.50390625 0.05390625 0.08515625
1 0.1453125 0.2734375 0.03359375 0.10390625
0 0.33671875 0.41171875 0.04296875 0.11796875
0 0.35 0.575 0.0515625 0.096875
0 0.34296875 0.54140625 0.0421875 0.08515625
0 0.3125 0.51953125 0.0515625 0.0703125