0 0.6921875 0.81484375 0.03203125 0.0890625
0 0.4859375 0.74375 0.02734375 0.06484375
0 0.71015625 0.76484375 0.0265625 0.0765625
0 0.3046875 0.63125 0.01796875 0.05390625
1 0.96875 0.946875 0.028125 0.10625
0 0.24296875 0.76015625 0.02421875 0.07265625
0 0.43984375 0.63125 0.01640625 0.05
0 0.17578125 0.69921875 0.0203125 0.06484375
0 0.56484375 0.71875 0.01953125 0.065625
0 0.6984375 0.73359375 0.028125 0.07265625
0 0.7296875 0.7015625 0.0234375 0.078125
1 0.77890625 0.61875 0.01640625 0.0515625
0 0.58984375 0.68125 0.01796875 0.05859375
0 0.7578125 0.6640625 0.02109375 0.05703125
0 0.7515625 0.68515625 0.021875 0.06875
1 0.19921875 0.5890625 0.01484375 0.0421875
0 0.73203125 0.6421875 0.0203125 0.059375
0 0.58984375 0.659375 0.01796875 0.05390625
0 0.74140625 0.678125 0.02109375 0.06015625
0 0.584375 0.63515625 0.0171875 0.05390625
0 0.7390625 0.6671875 0.0203125 0.05703125
0 0.08203125 0.6296875 0.01796875 0.04609375
0 0.74609375 0.68515625 0.021875 0.0640625