1 0.965625 0.4734375 0.02890625 0.13828125
0 0.23125 0.45390625 0.0234375 0.12734375
1 0.82421875 0.34296875 0.02421875 0.07890625
0 0.74765625 0.48828125 0.02734375 0.13984375
1 0.3703125 0.45 0.0234375 0.1109375
0 0.33203125 0.47109375 0.02734375 0.1296875
0 0.33203125 0.43359375 0.0234375 0.11171875
0 0.3859375 0.4640625 0.03046875 0.1265625
0 0.42890625 0.471875 0.03125 0.13359375
0 0.45703125 0.4671875 0.02265625 0.13046875
0 0.48046875 0.48984375 0.034375 0.07890625
0 0.50625 0.48046875 0.04140625 0.07890625
0 0.53125 0.4734375 0.03671875 0.1203125
0 0.53203125 0.453125 0.025 0.11953125
0 0.5578125 0.47578125 0.0359375 0.07265625
0 0.5796875 0.459375 0.01953125 0.1265625
0 0.58828125 0.46953125 0.034375 0.06875
0 0.42734375 0.46171875 0.02265625 0.1171875
0 0.41640625 0.43984375 0.02109375 0.11640625
0 0.4921875 0.43125 0.0328125 0.0609375
0 0.48203125 0.41875 0.02109375 0.07578125
0 0.5578125 0.4375 0.02578125 0.11953125
0 0.525 0.39609375 0.01796875 0.075
0 0.54765625 0.39140625 0.0203125 0.071875
0 0.6390625 0.44921875 0.03203125 0.12265625