0 0.70703125 0.753125 0.02890625 0.08515625
0 0.4921875 0.80859375 0.03046875 0.0984375
1 0.75703125 0.71171875 0.02421875 0.08125
0 0.17109375 0.715625 0.02421875 0.08515625
0 0.66015625 0.81171875 0.02734375 0.09453125
0 0.53203125 0.76953125 0.025 0.09296875
1 0.41953125 0.6359375 0.01796875 0.06015625
0 0.39609375 0.79609375 0.0234375 0.09375
0 0.19921875 0.73359375 0.02421875 0.08515625
0 0.44375 0.7484375 0.02265625 0.08828125
0 0.403125 0.71875 0.02109375 0.08046875
0 0.425 0.79921875 0.02890625 0.09375
0 0.6921875 0.834375 0.03828125 0.06640625
0 0.67109375 0.759375 0.02890625 0.09453125
0 0.62890625 0.83515625 0.028125 0.1
0 0.4671875 0.77109375 0.025 0.09140625
0 0.60078125 0.83359375 0.02890625 0.096875
0 0.42265625 0.715625 0.021875 0.084375
0 0.4765625 0.73515625 0.025 0.08359375
0 0.44609375 0.7125 0.02265625 0.0765625
0 0.603125 0.72421875 0.02421875 0.0796875
0 0.6046875 0.7953125 0.02734375 0.0890625
0 0.60625 0.7546875 0.025 0.08125
0 0.22109375 0.2140625 0.05703125 0.08125
0 0.61171875 0.778125 0.02578125 0.08671875
0 0.40078125 0.771875 0.021875 0.06953125