0 0.17734375 0.4609375 0.05625 0.296875
1 0.3046875 0.5515625 0.0890625 0.30390625
0 0.45625 0.065625 0.04921875 0.13046875
0 0.11328125 0.59609375 0.08125 0.33125
1 0.75 0.85 0.07265625 0.3
0 0.675 0.49609375 0.06796875 0.30546875
0 0.11171875 0.8546875 0.0828125 0.290625
0 0.384375 0.89140625 0.0640625 0.2171875
0 0.41171875 0.84921875 0.08203125 0.3015625
0 0.5625 0.828125 0.08125 0.34375
0 0.721875 0.60859375 0.071875 0.33359375
0 0.64609375 0.55390625 0.0640625 0.3015625
0 0.5890625 0.50234375 0.0609375 0.1109375
0 0.59375 0.65625 0.06171875 0.3125
0 0.53046875 0.64609375 0.05390625 0.11015625
0 0.44140625 0.56484375 0.07265625 0.3125
0 0.53203125 0.6234375 0.05625 0.0671875
0 0.56015625 0.715625 0.21328125 0.0875
0 0.440625 0.6375 0.040625 0.1140625
0 0.45703125 0.71640625 0.05078125 0.06484375
0 0.48828125 0.63984375 0.06796875 0.3171875
0 0.5296875 0.58515625 0.040625 0.08359375