0 0.22265625 0.475 0.02578125 0.1390625
1 0.14296875 0.33046875 0.02421875 0.07578125
1 0.596875 0.43671875 0.02578125 0.1125
0 0.73984375 0.4375 0.025 0.12265625
1 0.003125 0.46015625 0.00546875 0.1375
0 0.63828125 0.45546875 0.034375 0.12734375
0 0.6359375 0.41640625 0.02421875 0.1109375
0 0.5796875 0.45 0.02890625 0.12734375
0 0.553125 0.4265625 0.0234375 0.115625
0 0.53203125 0.45703125 0.01953125 0.13203125
0 0.53046875 0.44609375 0.0234375 0.11953125
0 0.5125 0.453125 0.025 0.13671875
0 0.4875 0.47578125 0.034375 0.0796875
0 0.4609375 0.46484375 0.04140625 0.07734375
0 0.43671875 0.4578125 0.03828125 0.1234375
0 0.41171875 0.46171875 0.0390625 0.0734375
0 0.4375 0.43828125 0.025 0.1234375
0 0.38984375 0.44609375 0.01953125 0.12578125
0 0.3796875 0.45625 0.0359375 0.07109375
0 0.47578125 0.43125 0.03203125 0.11640625
0 0.48359375 0.3984375 0.02109375 0.05859375
0 0.4484375 0.384375 0.0171875 0.07265625
0 0.4140625 0.4234375 0.0234375 0.115625
0 0.42578125 0.37734375 0.02265625 0.06328125
0 0.33125 0.4390625 0.028125 0.12734375