1 0.46484375 0.4703125 0.034375 0.13203125
0 0.6328125 0.509375 0.04140625 0.140625
0 0.690625 0.39921875 0.04609375 0.10390625
0 0.1234375 0.428125 0.03359375 0.1125
1 0.25546875 0.3203125 0.0265625 0.090625
0 0.6828125 0.459375 0.05234375 0.125
0 0.1578125 0.371875 0.03671875 0.090625
0 0.4015625 0.37890625 0.0421875 0.10546875
0 0.659375 0.4515625 0.04296875 0.10859375
1 0.8984375 0.375 0.02890625 0.10859375
0 0.55625 0.44140625 0.0453125 0.103125
0 0.81875 0.4640625 0.0328125 0.1109375
0 0.775 0.471875 0.04375 0.10859375
0 0.796875 0.41015625 0.03046875 0.109375
0 0.5359375 0.41171875 0.03984375 0.10390625
0 0.80546875 0.4828125 0.0328125 0.10390625
0 0.603125 0.421875 0.03828125 0.10703125
0 0.22421875 0.36015625 0.0296875 0.090625
0 0.575 0.4125 0.03984375 0.09140625
0 0.565625 0.4015625 0.03828125 0.0890625
0 0.58359375 0.42109375 0.0375 0.0890625
1 0.015625 0.7640625 0.03125 0.1375
0 0.3890625 0.3859375 0.02734375 0.075