0 0.59609375 0.68125 0.06015625 0.14765625
0 0.634375 0.675 0.0484375 0.15546875
1 0.86796875 0.646875 0.040625 0.17109375
0 0.921875 0.52578125 0.05 0.1484375
0 0.45859375 0.4375 0.0375 0.1109375
0 0.2484375 0.7015625 0.0609375 0.15546875
0 0.15390625 0.44453125 0.03359375 0.128125
0 0.31171875 0.603125 0.06171875 0.1453125
0 0.37265625 0.38359375 0.03359375 0.10390625
1 0.78671875 0.94140625 0.05390625 0.1171875
0 0.509375 0.61328125 0.05 0.1359375
0 0.58828125 0.37890625 0.03828125 0.09140625
0 0.3796875 0.72109375 0.059375 0.175
0 0.4546875 0.725 0.06640625 0.1484375
1 0.95703125 0.284375 0.02734375 0.08515625
0 0.4375 0.6890625 0.05703125 0.1546875
0 0.49140625 0.5953125 0.04609375 0.11953125
0 0.28515625 0.6078125 0.05 0.1375
0 0.46875 0.70546875 0.05390625 0.14453125
0 0.43203125 0.6109375 0.053125 0.10546875
0 0.39140625 0.64921875 0.0484375 0.1390625
0 0.39453125 0.62109375 0.04453125 0.1171875
1 0.16953125 0.334375 0.025 0.1015625