0 0.44453125 0.31953125 0.03203125 0.14296875
0 0.34921875 0.32734375 0.0359375 0.1296875
0 0.37421875 0.70390625 0.0734375 0.16640625
0 0.39453125 0.396875 0.0328125 0.1453125
0 0.97109375 0.61015625 0.05625 0.18671875
0 0.1984375 0.27734375 0.02734375 0.125
0 0.49296875 0.38515625 0.0359375 0.15390625
0 0.29609375 0.2828125 0.0375 0.13046875
0 0.9953125 0.34921875 0.00859375 0.0328125
0 0.90390625 0.24375 0.02890625 0.10546875
0 0.4828125 0.30859375 0.02734375 0.125
0 0.828125 0.35625 0.03125 0.1375
0 0.86796875 0.61484375 0.0515625 0.1625
1 0.83125 0.1125 0.025 0.0921875
1 0.7359375 0.36484375 0.03359375 0.13671875
1 0.06484375 0.68828125 0.05 0.21484375
1 0.21796875 0.17734375 0.0265625 0.1078125
0 0.32421875 0.72890625 0.04453125 0.1140625
0 0.1875 0.27109375 0.0171875 0.13203125
0 0.290625 0.7375 0.053125 0.10546875
0 0.25546875 0.23125 0.021875 0.1234375
0 0.24453125 0.26484375 0.02578125 0.1265625
0 0.98125 0.41171875 0.0375 0.1515625
0 0.17421875 0.2828125 0.02578125 0.1203125