1 0.96171875 0.4859375 0.0390625 0.15703125
0 0.7921875 0.478125 0.0484375 0.15546875
0 0.390625 0.453125 0.04140625 0.140625
0 0.421875 0.44609375 0.040625 0.12890625
0 0.45625 0.49453125 0.03671875 0.15078125
0 0.4140625 0.55625 0.0484375 0.10703125
0 0.6046875 0.55625 0.04609375 0.13046875
0 0.728125 0.5 0.0390625 0.13203125
0 0.58515625 0.5046875 0.04296875 0.140625
0 0.63125 0.46953125 0.040625 0.13203125
0 0.728125 0.38671875 0.0328125 0.08828125
0 0.66328125 0.48359375 0.03984375 0.1203125
1 0.43046875 0.37890625 0.03515625 0.125
0 0.72890625 0.434375 0.03828125 0.096875
0 0.50234375 0.47734375 0.04609375 0.1421875
0 0.53515625 0.46171875 0.04140625 0.14375
0 0.6953125 0.48828125 0.04296875 0.1171875
0 0.721875 0.4171875 0.03671875 0.0921875
0 0.6828125 0.42109375 0.0359375 0.1
0 0.58984375 0.4109375 0.0359375 0.10703125
0 0.6640625 0.45546875 0.03671875 0.11875
0 0.66875 0.4203125 0.03515625 0.0953125
0 0.559375 0.4671875 0.03984375 0.13671875
0 0.6828125 0.496875 0.04453125 0.1140625