0 0.93359375 0.37734375 0.05390625 0.1671875
0 0.62421875 0.2734375 0.04609375 0.13671875
0 0.30625 0.334375 0.0515625 0.13515625
1 0.99140625 0.28125 0.0171875 0.13828125
1 0.30703125 0.07265625 0.03828125 0.1140625
0 0.44609375 0.365625 0.059375 0.1296875
0 0.52578125 0.39375 0.05546875 0.14296875
0 0.271875 0.5453125 0.0609375 0.17109375
1 0.0203125 0.5171875 0.040625 0.15
0 0.5296875 0.34375 0.05078125 0.134375
0 0.01328125 0.2875 0.0265625 0.13125
0 0.059375 0.18125 0.040625 0.109375
0 0.01875 0.67578125 0.0375 0.2046875
0 0.009375 0.1890625 0.01875 0.1
0 0.41484375 0.48671875 0.06171875 0.153125
0 0.8515625 0.47109375 0.053125 0.1875
0 0.78828125 0.4640625 0.090625 0.17578125
0 0.7875 0.39296875 0.0625 0.20625
0 0.73984375 0.37421875 0.06328125 0.15703125
0 0.76640625 0.2421875 0.03984375 0.14140625
0 0.71953125 0.29765625 0.03671875 0.11953125
0 0.75078125 0.3265625 0.046875 0.134375