0 0.5171875 0.5671875 0.0421875 0.1296875
0 0.6078125 0.61328125 0.04453125 0.1234375
0 0.8328125 0.56953125 0.04609375 0.103125
0 0.43125 0.61875 0.05 0.13125
0 0.478125 0.51328125 0.04296875 0.12109375
0 0.553125 0.56640625 0.0453125 0.09453125
0 0.7578125 0.51328125 0.0421875 0.09609375
0 0.54921875 0.43828125 0.028125 0.09921875
0 0.6609375 0.56171875 0.04765625 0.09609375
0 0.625 0.5796875 0.046875 0.09296875
1 0.4265625 0.4734375 0.03046875 0.125
0 0.58203125 0.4859375 0.03359375 0.1125
0 0.325 0.5125 0.0375 0.11640625
0 0.5828125 0.5984375 0.04296875 0.10859375
0 0.75078125 0.43046875 0.0328125 0.10859375
1 0.15546875 0.7546875 0.0375 0.1765625
0 0.68984375 0.53671875 0.0453125 0.09296875
0 0.66953125 0.51015625 0.04375 0.08203125
0 0.80859375 0.51015625 0.03828125 0.0984375
0 0.70625 0.48671875 0.04140625 0.07890625
0 0.61484375 0.53203125 0.0453125 0.06953125
1 0.72109375 0.25703125 0.0234375 0.0859375
0 0.725 0.5390625 0.0421875 0.09453125
0 0.80234375 0.47578125 0.04453125 0.11015625
0 0.7296875 0.528125 0.04296875 0.0875