1 0.03359375 0.4609375 0.03046875 0.1390625
0 0.234375 0.4828125 0.034375 0.1328125
1 0.15546875 0.32890625 0.0234375 0.0828125
0 0.76171875 0.44296875 0.02421875 0.13125
0 0.66015625 0.4609375 0.03515625 0.13359375
0 0.61328125 0.45234375 0.03515625 0.1328125
0 0.50546875 0.471875 0.03359375 0.09140625
0 0.66015625 0.421875 0.02734375 0.1125
0 0.5734375 0.428125 0.0203125 0.11875
0 0.5625 0.4609375 0.0265625 0.13671875
1 0.61796875 0.43671875 0.0296875 0.11796875
0 0.5453125 0.47109375 0.02265625 0.0609375
0 0.53203125 0.4578125 0.02578125 0.13359375
0 0.45625 0.45859375 0.0390625 0.125
0 0.4796875 0.471875 0.04375 0.08125
0 0.42890625 0.45703125 0.0359375 0.08671875
0 0.409375 0.44765625 0.0234375 0.1265625
0 0.39921875 0.45703125 0.034375 0.065625
0 0.3703125 0.43046875 0.034375 0.12890625
0 0.4578125 0.440625 0.02734375 0.11953125
0 0.50859375 0.434375 0.0265625 0.046875
0 0.52421875 0.4125 0.0203125 0.08359375
0 0.43828125 0.42578125 0.028125 0.1171875
0 0.43828125 0.3859375 0.01953125 0.08046875
0 0.4015625 0.390625 0.0234375 0.08828125