1 0.0453125 0.4703125 0.0390625 0.15234375
0 0.6859375 0.4515625 0.03984375 0.140625
0 0.56875 0.5046875 0.04921875 0.13203125
0 0.25625 0.42578125 0.040625 0.1453125
0 0.59296875 0.4546875 0.0390625 0.1375
0 0.29453125 0.49765625 0.0484375 0.1203125
1 0.58984375 0.3640625 0.03359375 0.1359375
0 0.31171875 0.46953125 0.04375 0.13046875
0 0.32265625 0.43984375 0.040625 0.1375
0 0.4734375 0.475 0.04140625 0.12890625
0 0.35078125 0.39375 0.03671875 0.1234375
0 0.4375 0.48515625 0.03828125 0.13203125
0 0.2859375 0.43125 0.040625 0.1234375
1 0.54921875 0.45625 0.0375 0.1453125
0 0.5296875 0.4671875 0.0390625 0.13515625
0 0.36875 0.46328125 0.04296875 0.13515625
0 0.534375 0.4171875 0.03828125 0.11328125
0 0.48828125 0.4296875 0.0421875 0.09140625
0 0.50234375 0.48984375 0.03984375 0.11328125
0 0.546875 0.41796875 0.03828125 0.10546875