1 0.4296875 0.853125 0.0578125 0.1984375
0 0.503125 0.70859375 0.02890625 0.13828125
0 0.746875 0.6703125 0.03828125 0.13125
1 0.95 0.5890625 0.03203125 0.1265625
0 0.240625 0.646875 0.03203125 0.11328125
0 0.27265625 0.6828125 0.04765625 0.1375
1 0.73828125 0.5546875 0.025 0.10390625
0 0.33359375 0.646875 0.01953125 0.12890625
0 0.3453125 0.6546875 0.034375 0.13515625
0 0.2375 0.67890625 0.028125 0.125
0 0.2953125 0.64921875 0.034375 0.125
0 0.3203125 0.65390625 0.0265625 0.134375
0 0.45625 0.66640625 0.03203125 0.14375
0 0.190625 0.696875 0.0390625 0.115625
0 0.46953125 0.63359375 0.0171875 0.12890625
1 0.46328125 0.590625 0.02890625 0.11484375
0 0.36015625 0.6453125 0.03046875 0.14453125
0 0.37265625 0.7140625 0.03046875 0.1375
0 0.3953125 0.65234375 0.0171875 0.1421875
0 0.40390625 0.6625 0.03671875 0.14296875
0 0.440625 0.6609375 0.0265625 0.14921875