0 0.29609375 0.55703125 0.06875 0.1546875
0 0.41640625 0.7265625 0.07734375 0.190625
0 0.603125 0.5453125 0.04140625 0.15
0 0.77109375 0.72734375 0.04609375 0.1953125
0 0.90234375 0.409375 0.03359375 0.13515625
0 0.5203125 0.37578125 0.03828125 0.12421875
0 0.20625 0.434375 0.04375 0.125
0 0.56484375 0.28828125 0.03671875 0.10546875
0 0.565625 0.40390625 0.0328125 0.1203125
0 0.45546875 0.4609375 0.059375 0.0953125
0 0.284375 0.3640625 0.04453125 0.11640625
1 0.74921875 0.40703125 0.034375 0.14140625
0 0.57578125 0.434375 0.0359375 0.12421875
0 0.38828125 0.42578125 0.040625 0.09140625
0 0.215625 0.37890625 0.03984375 0.1203125
1 0.525 0.93828125 0.0609375 0.1234375
0 0.35078125 0.384375 0.04296875 0.0796875
0 0.3515625 0.3984375 0.0453125 0.09921875
1 0.37265625 0.23984375 0.02890625 0.109375
0 0.42109375 0.3609375 0.04375 0.084375
0 0.4296875 0.4109375 0.0453125 0.08125
0 0.4515625 0.415625 0.04921875 0.0765625
0 0.3734375 0.403125 0.0453125 0.06171875
0 0.3671875 0.43046875 0.04140625 0.0671875
0 0.36484375 0.45390625 0.046875 0.10078125