0 0.5140625 0.740625 0.0390625 0.1515625
0 0.48125 0.6109375 0.03515625 0.12265625
0 0.7890625 0.6828125 0.03359375 0.1328125
1 0.48359375 0.76328125 0.040625 0.16484375
1 0.9265625 0.87265625 0.03828125 0.16640625
0 0.7140625 0.65546875 0.02890625 0.1390625
0 0.5765625 0.7640625 0.03828125 0.14296875
0 0.325 0.58515625 0.0375 0.115625
1 0.925 0.54609375 0.02109375 0.1078125
0 0.98515625 0.7390625 0.0296875 0.153125
0 0.62265625 0.66015625 0.03671875 0.13984375
0 0.59921875 0.75234375 0.03671875 0.140625
0 0.590625 0.68671875 0.03125 0.1125
0 0.76328125 0.6234375 0.0328125 0.12421875
0 0.99609375 0.6390625 0.00703125 0.12578125
0 0.8984375 0.6234375 0.02890625 0.128125
0 0.94921875 0.628125 0.03046875 0.12734375
0 0.95859375 0.6234375 0.02734375 0.11953125
0 0.73671875 0.64453125 0.025 0.13671875