1 0.03671875 0.56171875 0.06484375 0.1859375
0 0.78203125 0.40703125 0.0484375 0.15625
0 0.6515625 0.51875 0.06484375 0.16328125
0 0.2046875 0.58046875 0.0671875 0.2
0 0.71015625 0.6390625 0.05625 0.1765625
0 0.175 0.5765625 0.0578125 0.1859375
0 0.39375 0.54140625 0.05546875 0.14453125
0 0.3046875 0.3953125 0.05234375 0.15390625
0 0.73515625 0.5796875 0.05859375 0.16875
1 0.50625 0.865625 0.0671875 0.18515625
0 0.3328125 0.4828125 0.06015625 0.16796875
0 0.51640625 0.47109375 0.06015625 0.1703125
0 0.41328125 0.41328125 0.04609375 0.1453125
1 0.48359375 0.1453125 0.03203125 0.10390625
0 0.43671875 0.56171875 0.05625 0.15
0 0.44140625 0.42421875 0.05234375 0.13828125
0 0.48515625 0.47890625 0.06171875 0.15
0 0.53984375 0.4171875 0.0515625 0.153125
0 0.62578125 0.44296875 0.05 0.13125
0 0.7015625 0.55546875 0.05234375 0.15546875
0 0.6546875 0.46171875 0.0546875 0.13984375
0 0.4890625 0.55859375 0.06640625 0.09609375
0 0.534375 0.45859375 0.0546875 0.17109375
0 0.4453125 0.49921875 0.05625 0.109375