0 0.38125 0.340625 0.07109375 0.1703125
0 0.14609375 0.325 0.05234375 0.15078125
0 0.5453125 0.465625 0.071875 0.14765625
1 0.25546875 0.78359375 0.05234375 0.12109375
0 0.046875 0.15 0.05 0.10625
0 0.11640625 0.21171875 0.04375 0.13046875
0 0.0859375 0.20625 0.04375 0.14765625
0 0.046875 0.36171875 0.04609375 0.14375
0 0.8953125 0.5296875 0.06015625 0.17578125
0 0.63828125 0.32734375 0.04296875 0.13515625
0 0.9203125 0.2171875 0.03046875 0.1390625
0 0.97734375 0.4875 0.0453125 0.1390625
0 0.8875 0.21640625 0.05 0.12109375
1 0.7734375 0.4359375 0.04609375 0.15078125
0 0.815625 0.284375 0.05546875 0.1390625
0 0.62109375 0.44921875 0.0515625 0.11328125
0 0.6078125 0.3140625 0.03515625 0.11640625
0 0.5953125 0.29375 0.05390625 0.065625
0 0.56953125 0.40234375 0.04375 0.1234375