0 0.2015625 0.64765625 0.05546875 0.1359375
0 0.61015625 0.65234375 0.04609375 0.12421875
0 0.503125 0.5453125 0.04453125 0.090625
0 0.109375 0.7234375 0.0625 0.153125
0 0.68671875 0.5453125 0.0390625 0.09921875
0 0.7015625 0.68359375 0.0421875 0.16328125
0 0.34921875 0.57890625 0.04609375 0.12265625
0 0.43203125 0.49609375 0.0375 0.1296875
0 0.30078125 0.81171875 0.05703125 0.16015625
0 0.46953125 0.559375 0.040625 0.0921875
0 0.95 0.534375 0.04453125 0.1265625
0 0.603125 0.540625 0.04609375 0.0875
0 0.65234375 0.521875 0.04453125 0.0875
0 0.5609375 0.571875 0.0515625 0.09453125
0 0.67734375 0.45 0.03828125 0.103125
1 0.34296875 0.42734375 0.02890625 0.10234375
0 0.4703125 0.49296875 0.03671875 0.09609375
0 0.578125 0.50859375 0.03828125 0.07265625
0 0.8828125 0.45625 0.034375 0.1140625
1 0.79375 0.4078125 0.028125 0.103125
0 0.54296875 0.53359375 0.040625 0.07890625
0 0.79453125 0.5828125 0.04375 0.11640625
0 0.77890625 0.50703125 0.0390625 0.1109375
0 0.5578125 0.515625 0.0375 0.06875
1 0.81015625 0.5640625 0.04296875 0.1046875