0 0.24453125 0.39609375 0.0375 0.165625
0 0.975 0.653125 0.05 0.203125
0 0.3875 0.525 0.04375 0.16953125
0 0.88828125 0.4671875 0.046875 0.153125
0 0.62421875 0.54765625 0.04375 0.17421875
0 0.14296875 0.4578125 0.04296875 0.17265625
1 0.528125 0.35234375 0.03515625 0.13515625
0 0.409375 0.40078125 0.04140625 0.16171875
0 0.55625 0.5125 0.04296875 0.1703125
0 0.45859375 0.52265625 0.05 0.12890625
0 0.08125 0.44609375 0.0484375 0.16796875
0 0.64375 0.48984375 0.040625 0.1765625
0 0.4796875 0.58828125 0.0734375 0.0953125
0 0.28203125 0.31875 0.03828125 0.13203125
0 0.10859375 0.4546875 0.04296875 0.1640625
0 0.284375 0.27890625 0.034375 0.11328125
0 0.6234375 0.44609375 0.040625 0.14921875
0 0.16015625 0.703125 0.06015625 0.209375
0 0.1453125 0.37265625 0.03671875 0.1484375
0 0.14296875 0.340625 0.034375 0.14375
0 0.55859375 0.46484375 0.04140625 0.121875