0 0.4078125 0.484375 0.04765625 0.1265625
1 0.525 0.4703125 0.03515625 0.12890625
0 0.5578125 0.3765625 0.03515625 0.096875
1 0.73203125 0.321875 0.0265625 0.08203125
0 0.8203125 0.4109375 0.0359375 0.10546875
0 0.3046875 0.478125 0.05234375 0.11796875
0 0.5046875 0.41796875 0.03515625 0.10546875
0 0.434375 0.4125 0.0390625 0.1140625
1 0.1171875 0.378125 0.03203125 0.1015625
0 0.2078125 0.415625 0.028125 0.125
0 0.35078125 0.440625 0.0390625 0.1234375
0 0.1734375 0.496875 0.0375 0.0875
0 0.803125 0.365625 0.03046875 0.0875
0 0.8328125 0.37734375 0.03515625 0.090625
0 0.20078125 0.4890625 0.040625 0.10546875
0 0.46171875 0.42109375 0.040625 0.1109375
0 0.40078125 0.3875 0.0375 0.0859375
0 0.48125 0.415625 0.0375 0.1
0 0.196875 0.4734375 0.04765625 0.125
0 0.4640625 0.3984375 0.03671875 0.1
0 0.3640625 0.4234375 0.03515625 0.10546875
0 0.45 0.415625 0.03046875 0.12890625