0 0.12734375 0.41015625 0.05390625 0.11171875
0 0.74375 0.45 0.04453125 0.1203125
0 0.52734375 0.4 0.034375 0.11796875
0 0.19609375 0.3671875 0.04140625 0.0984375
0 0.68046875 0.371875 0.0390625 0.09140625
0 0.08828125 0.409375 0.03984375 0.1109375
0 0.32578125 0.42890625 0.04765625 0.1203125
0 0.4484375 0.421875 0.0453125 0.11640625
0 0.21171875 0.40234375 0.03515625 0.10625
0 0.59140625 0.38359375 0.0296875 0.10703125
0 0.27421875 0.41328125 0.0328125 0.1234375
0 0.234375 0.375 0.028125 0.0765625
1 0.75 0.284375 0.021875 0.07421875
0 0.41484375 0.42265625 0.0296875 0.12265625
0 0.36328125 0.3828125 0.02734375 0.1015625
0 0.59921875 0.3640625 0.0390625 0.0984375
0 0.44609375 0.38125 0.03046875 0.090625
0 0.3375 0.38203125 0.03125 0.0828125
0 0.415625 0.3921875 0.02890625 0.1109375
0 0.2890625 0.44765625 0.04296875 0.1046875
0 0.3078125 0.4 0.0328125 0.10078125
0 0.3421875 0.371875 0.028125 0.10078125
0 0.3421875 0.39453125 0.03515625 0.0640625