0 0.4109375 0.73828125 0.0453125 0.146875
0 0.17109375 0.609375 0.04296875 0.115625
0 0.1375 0.73671875 0.04375 0.146875
0 0.47421875 0.84609375 0.078125 0.16796875
0 0.2546875 0.71796875 0.0421875 0.1421875
0 0.35546875 0.51171875 0.03515625 0.11015625
1 0.24296875 0.428125 0.028125 0.10234375
0 0.246875 0.53515625 0.0421875 0.11171875
0 0.71484375 0.50859375 0.03984375 0.11171875
0 0.66875 0.54453125 0.04140625 0.1171875
0 0.278125 0.60859375 0.04375 0.11875
0 0.12109375 0.50078125 0.0390625 0.1078125
0 0.653125 0.54453125 0.03671875 0.11484375
0 0.47578125 0.77578125 0.059375 0.12734375
1 0.7140625 0.45390625 0.03125 0.09765625
1 0.284375 0.559375 0.0375 0.11875
0 0.2796875 0.55390625 0.03984375 0.11328125
0 0.5625 0.5265625 0.03515625 0.08671875
0 0.5265625 0.54609375 0.0328125 0.103125
0 0.49453125 0.54453125 0.02890625 0.09609375
0 0.46875 0.5421875 0.02578125 0.11640625
0 0.52109375 0.5359375 0.03671875 0.1015625
0 0.534375 0.52421875 0.0328125 0.08671875
0 0.50859375 0.515625 0.0296875 0.09375
0 0.4921875 0.5 0.03203125 0.090625