0 0.63828125 0.59765625 0.046875 0.14609375
0 0.7375 0.46640625 0.03984375 0.128125
0 0.52734375 0.52734375 0.0546875 0.115625
1 0.78828125 0.5109375 0.0375 0.146875
0 0.25703125 0.5390625 0.0453125 0.13046875
0 0.2328125 0.459375 0.04453125 0.1359375
0 0.7984375 0.3984375 0.04296875 0.11640625
0 0.31328125 0.53046875 0.0453125 0.14140625
0 0.653125 0.3953125 0.040625 0.10390625
0 0.51015625 0.45 0.0453125 0.11953125
0 0.3515625 0.57734375 0.06171875 0.1234375
1 0.63984375 0.3390625 0.034375 0.1140625
0 0.4578125 0.52265625 0.05390625 0.1015625
0 0.4 0.54609375 0.05234375 0.10859375
0 0.42109375 0.453125 0.0421875 0.096875
0 0.4609375 0.465625 0.04921875 0.08359375
0 0.36875 0.478125 0.04609375 0.10546875
0 0.471875 0.51015625 0.05 0.1015625
0 0.33046875 0.5046875 0.04375 0.11796875
0 0.4234375 0.53203125 0.05078125 0.103125
0 0.3421875 0.4578125 0.04375 0.10703125
0 0.259375 0.51875 0.04296875 0.1125
0 0.38359375 0.49921875 0.0484375 0.1015625
0 0.35 0.54765625 0.0515625 0.1125