0 0.628125 0.54140625 0.05078125 0.16015625
0 0.540625 0.44765625 0.0453125 0.125
1 0.4609375 0.4640625 0.03515625 0.14609375
0 0.065625 0.4265625 0.03671875 0.134375
0 0.584375 0.43515625 0.05390625 0.0859375
0 0.490625 0.36328125 0.04375 0.11015625
0 0.3765625 0.37890625 0.03671875 0.11328125
0 0.86171875 0.4421875 0.040625 0.13046875
0 0.61484375 0.478125 0.0484375 0.1203125
1 0.23515625 0.3 0.028125 0.09609375
0 0.68359375 0.478125 0.05625 0.09921875
0 0.71640625 0.45625 0.04921875 0.1046875
0 0.1875 0.3546875 0.034375 0.1046875
0 0.7578125 0.4890625 0.053125 0.11875
1 0.971875 0.36484375 0.03359375 0.11875
0 0.79140625 0.4109375 0.03828125 0.103125
0 0.84375 0.48671875 0.04296875 0.11328125
1 0.059375 0.775 0.059375 0.140625
0 0.6578125 0.43046875 0.04609375 0.084375
0 0.80859375 0.496875 0.04609375 0.12890625
0 0.6171875 0.4421875 0.04453125 0.084375
0 0.8171875 0.4109375 0.03671875 0.09765625
0 0.684375 0.44453125 0.05078125 0.0875
0 0.8 0.48671875 0.04375 0.11328125
0 0.36796875 0.33359375 0.0296875 0.1
0 0.81953125 0.47890625 0.03828125 0.09921875