0 0.5265625 0.5734375 0.04765625 0.09296875
0 0.1296875 0.73125 0.04140625 0.16796875
0 0.39140625 0.60859375 0.03828125 0.08828125
0 0.59609375 0.60546875 0.0390625 0.10703125
0 0.3109375 0.55390625 0.0265625 0.11875
0 0.428125 0.63515625 0.034375 0.13671875
0 0.215625 0.5375 0.0328125 0.1140625
0 0.7328125 0.6890625 0.034375 0.14140625
0 0.9296875 0.56015625 0.0359375 0.1171875
0 0.26796875 0.62890625 0.0328125 0.13125
0 0.378125 0.76953125 0.03828125 0.16484375
0 0.57890625 0.53125 0.03671875 0.109375
0 0.82890625 0.47578125 0.03125 0.09609375
0 0.48359375 0.603125 0.0484375 0.0859375
0 0.7609375 0.6328125 0.03828125 0.13359375
1 0.74453125 0.41953125 0.02734375 0.1
0 0.6546875 0.44765625 0.02734375 0.09453125
0 0.45234375 0.61328125 0.04296875 0.0984375
0 0.4640625 0.5578125 0.03984375 0.06484375
0 0.49140625 0.54296875 0.04453125 0.07265625
0 0.4328125 0.565625 0.0375 0.06171875
1 0.76640625 0.58203125 0.0296875 0.1046875
0 0.43359375 0.58359375 0.0375 0.07109375
0 0.48046875 0.54140625 0.03515625 0.0609375
0 0.46875 0.55625 0.0359375 0.0609375
0 0.43984375 0.55234375 0.03984375 0.03125
0 0.4390625 0.57578125 0.03671875 0.0375