0 0.11171875 0.60859375 0.040625 0.1296875
0 0.3359375 0.6 0.03359375 0.13203125
0 0.54453125 0.5296875 0.03203125 0.10703125
0 0.43515625 0.546875 0.0328125 0.11953125
0 0.4734375 0.7078125 0.034375 0.14609375
1 0.19375 0.46796875 0.02890625 0.09453125
0 0.409375 0.75859375 0.046875 0.1625
0 0.28125 0.6609375 0.04140625 0.13203125
0 0.56171875 0.50859375 0.02109375 0.1109375
1 0.16796875 0.61171875 0.03359375 0.1265625
0 0.76171875 0.71640625 0.034375 0.146875
0 0.48828125 0.53828125 0.03046875 0.11015625
0 0.509375 0.52421875 0.03203125 0.11015625
0 0.5453125 0.4921875 0.021875 0.10390625
0 0.459375 0.496875 0.0296875 0.08984375
0 0.52890625 0.68671875 0.03125 0.11875
1 0.6 0.521875 0.02890625 0.11484375
0 0.54375 0.75 0.0359375 0.12734375
0 0.68046875 0.728125 0.0359375 0.15390625
0 0.52734375 0.49140625 0.02109375 0.10390625
0 0.5828125 0.78671875 0.03359375 0.1671875
0 0.48984375 0.496875 0.01875 0.07109375
0 0.7078125 0.75234375 0.0296875 0.15703125
0 0.6421875 0.79453125 0.03359375 0.1640625
1 0.79765625 0.7375 0.03125 0.1578125
1 0.54296875 0.76171875 0.03046875 0.1390625
0 0.4765625 0.559375 0.0328125 0.12109375