0 0.7875 0.34375 0.0625 0.27265625
1 0.10546875 0.334375 0.0609375 0.26484375
0 0.4734375 0.09765625 0.06171875 0.19453125
0 0.9765625 0.53984375 0.04609375 0.31953125
0 0.16171875 0.5625 0.0734375 0.278125
0 0.92890625 0.4265625 0.0625 0.29296875
1 0.97578125 0.0328125 0.0359375 0.065625
0 0.7359375 0.8578125 0.075 0.28359375
0 0.11171875 0.76171875 0.121875 0.3453125
0 0.71796875 0.646875 0.0734375 0.3171875
0 0.67265625 0.5796875 0.06875 0.31015625
0 0.59296875 0.63515625 0.0703125 0.334375
0 0.60546875 0.53984375 0.05390625 0.3328125
0 0.31484375 0.4140625 0.06015625 0.1375
0 0.3296875 0.453125 0.0390625 0.06796875
0 0.35546875 0.73671875 0.0734375 0.38671875
0 0.31796875 0.62578125 0.06328125 0.3265625
0 0.3875 0.5328125 0.0484375 0.215625
0 0.3671875 0.4546875 0.0375 0.1125
0 0.45078125 0.6234375 0.0359375 0.33203125
0 0.4984375 0.6390625 0.06484375 0.3171875
0 0.509375 0.453125 0.04609375 0.1140625
1 0.4234375 0.7203125 0.06953125 0.3359375
1 0.54609375 0.58203125 0.05 0.31015625
0 0.44765625 0.68671875 0.08125 0.18046875