0 0.196875 0.6234375 0.04921875 0.20546875
0 0.5890625 0.63359375 0.0515625 0.20546875
0 0.4109375 0.7390625 0.0515625 0.1921875
0 0.1265625 0.5921875 0.05859375 0.19296875
0 0.0640625 0.6046875 0.05625 0.1984375
0 0.3390625 0.28984375 0.04140625 0.13203125
1 0.91640625 0.30390625 0.040625 0.1359375
0 0.2578125 0.34296875 0.04140625 0.146875
0 0.496875 0.2671875 0.034375 0.1234375
0 0.9890625 0.29609375 0.02109375 0.13359375
0 0.375 0.24296875 0.03515625 0.11953125
1 0.734375 0.178125 0.03046875 0.10859375