1 0.4234375 0.8625 0.06015625 0.19765625
0 0.67734375 0.6875 0.0359375 0.13359375
1 0.93828125 0.6015625 0.03203125 0.1265625
0 0.525 0.72578125 0.06171875 0.13515625
0 0.240625 0.65703125 0.03359375 0.10859375
1 0.72890625 0.56640625 0.02890625 0.10859375
0 0.19296875 0.72578125 0.03203125 0.05546875
0 0.21015625 0.7078125 0.05703125 0.11484375
1 0.4578125 0.60234375 0.0296875 0.11171875
0 0.26015625 0.65546875 0.04453125 0.11640625
0 0.48125 0.7046875 0.0375 0.0984375
0 0.4828125 0.6421875 0.02734375 0.13203125
0 0.30546875 0.6640625 0.03984375 0.11328125
0 0.35546875 0.6703125 0.040625 0.11484375
0 0.4046875 0.6765625 0.0390625 0.11796875
0 0.47265625 0.6703125 0.028125 0.0984375
0 0.33515625 0.65390625 0.021875 0.125
0 0.39140625 0.67578125 0.02734375 0.10546875
0 0.28828125 0.646875 0.028125 0.109375
0 0.2890625 0.653125 0.0359375 0.10546875
0 0.46640625 0.6890625 0.04375 0.1296875
0 0.3515625 0.64296875 0.02421875 0.12109375
0 0.378125 0.62890625 0.021875 0.059375
0 0.44609375 0.684375 0.03125 0.1171875
0 0.5265625 0.72578125 0.034375 0.11640625