0 0.8015625 0.63671875 0.0546875 0.13359375
0 0.40703125 0.6421875 0.0453125 0.11796875
0 0.5109375 0.53828125 0.04375 0.08828125
0 0.334375 0.53828125 0.03828125 0.0984375
0 0.3203125 0.67265625 0.0421875 0.15703125
0 0.65859375 0.5703125 0.0453125 0.12109375
0 0.88984375 0.71015625 0.06171875 0.14765625
0 0.7046875 0.7953125 0.05625 0.1546875
0 0.57890625 0.4921875 0.0375 0.125
0 0.4140625 0.53359375 0.0453125 0.084375
0 0.0796875 0.52734375 0.04140625 0.125
0 0.54375 0.55234375 0.03984375 0.08671875
0 0.36640625 0.515625 0.04375 0.084375
0 0.45546875 0.56484375 0.0515625 0.09296875
0 0.34296875 0.446875 0.03828125 0.10078125
0 0.5421875 0.4875 0.03515625 0.0953125
1 0.66484375 0.425 0.028125 0.1
1 0.23125 0.40625 0.02578125 0.096875
0 0.1453125 0.45234375 0.03359375 0.1125
0 0.43828125 0.50390625 0.03828125 0.07265625
0 0.24375 0.5015625 0.03828125 0.10703125
0 0.228125 0.5734375 0.04296875 0.1140625
0 0.47109375 0.5265625 0.040625 0.07890625
1 0.215625 0.5546875 0.03984375 0.0984375
0 0.4609375 0.5109375 0.0375 0.0703125