0 0.4578125 0.40546875 0.03046875 0.1359375
0 0.72109375 0.42734375 0.03828125 0.134375
0 0.57109375 0.39375 0.03515625 0.11875
1 0.49140625 0.35 0.0234375 0.10703125
1 0.19453125 0.79609375 0.059375 0.284375
0 0.6734375 0.36796875 0.0296875 0.1234375
0 0.61328125 0.334375 0.021875 0.1078125
0 0.31796875 0.32578125 0.0203125 0.0984375
0 0.53515625 0.36328125 0.015625 0.1265625
0 0.35390625 0.340625 0.0203125 0.109375
0 0.52265625 0.34609375 0.0171875 0.1109375
0 0.5375 0.3265625 0.01875 0.0859375
0 0.6 0.3375 0.01328125 0.11484375
1 0.71875 0.32421875 0.02421875 0.10390625
0 0.57890625 0.31171875 0.01171875 0.0796875
0 0.57578125 0.353125 0.02421875 0.128125
1 0.31796875 0.290625 0.01796875 0.078125
0 0.421875 0.346875 0.02109375 0.10390625
0 0.49453125 0.34296875 0.01640625 0.115625
0 0.4703125 0.32578125 0.015625 0.10546875
0 0.46015625 0.32890625 0.01796875 0.09765625
0 0.5921875 0.33203125 0.01171875 0.1109375
0 0.55859375 0.3359375 0.02109375 0.09921875
0 0.41796875 0.33671875 0.021875 0.103125