0 0.83125 0.5203125 0.04375 0.1375
0 0.84921875 0.73046875 0.05703125 0.159375
0 0.621875 0.703125 0.05703125 0.171875
0 0.38515625 0.603125 0.05234375 0.15390625
0 0.9125 0.709375 0.05546875 0.1609375
0 0.16015625 0.6453125 0.05 0.1625
0 0.2171875 0.6953125 0.0515625 0.15703125
0 0.48046875 0.609375 0.05703125 0.14921875
0 0.4375 0.61015625 0.05703125 0.15859375
0 0.878125 0.52890625 0.04140625 0.1328125
0 0.90234375 0.5609375 0.0390625 0.14296875
0 0.76953125 0.45390625 0.0453125 0.115625
0 0.57890625 0.7109375 0.053125 0.17109375
1 0.43359375 0.39296875 0.034375 0.1203125
0 0.66484375 0.53125 0.0390625 0.13359375
0 0.64140625 0.51875 0.0421875 0.13359375
0 0.33828125 0.67578125 0.05703125 0.1734375
0 0.85234375 0.4609375 0.03984375 0.11640625
0 0.28125 0.684375 0.059375 0.1609375
1 0.9625 0.3796875 0.02578125 0.084375
0 0.3046875 0.6609375 0.05 0.14140625
0 0.315625 0.6859375 0.05703125 0.165625