0 0.57421875 0.6140625 0.040625 0.2
0 0.54140625 0.45390625 0.04140625 0.1078125
1 0.575 0.3484375 0.0328125 0.13828125
0 0.7796875 0.54375 0.028125 0.1734375
0 0.41171875 0.44296875 0.02734375 0.16328125
1 0.21171875 0.41484375 0.040625 0.18046875
0 0.63828125 0.51953125 0.03515625 0.18359375
1 0.459375 0.534375 0.02421875 0.1765625
0 0.715625 0.4890625 0.03359375 0.175
0 0.47421875 0.5640625 0.05 0.178125
0 0.67265625 0.515625 0.0328125 0.17734375
0 0.36328125 0.52734375 0.03984375 0.1828125
0 0.1453125 0.38359375 0.03671875 0.14453125
0 0.39921875 0.484375 0.02578125 0.03828125
0 0.35859375 0.5546875 0.02890625 0.18046875
1 0.62109375 0.5390625 0.0390625 0.1796875
0 0.59140625 0.50625 0.03203125 0.16171875
0 0.52109375 0.5203125 0.02578125 0.175
0 0.32734375 0.5265625 0.046875 0.19375
0 0.4109375 0.59375 0.04921875 0.1796875
0 0.5578125 0.484375 0.02890625 0.17578125
0 0.40078125 0.57890625 0.03984375 0.17421875
0 0.66015625 0.54375 0.02890625 0.16796875
0 0.49140625 0.50546875 0.03671875 0.171875
0 0.54609375 0.54375 0.03515625 0.18515625