0 0.50625 0.55078125 0.04453125 0.13203125
0 0.58671875 0.59765625 0.0453125 0.134375
0 0.20625 0.5203125 0.04453125 0.0984375
0 0.2875 0.58203125 0.053125 0.10546875
0 0.45 0.53203125 0.05703125 0.1
0 0.5390625 0.4515625 0.0375 0.13359375
0 0.275 0.49296875 0.0484375 0.1
1 0.7359375 0.5 0.03515625 0.146875
0 0.70234375 0.4671875 0.0390625 0.11796875
0 0.5734375 0.50078125 0.0421875 0.115625
0 0.403125 0.428125 0.0453125 0.115625
0 0.3609375 0.5828125 0.04765625 0.134375
0 0.58125 0.38828125 0.040625 0.109375
0 0.4828125 0.49921875 0.04921875 0.090625
1 0.64921875 0.35234375 0.0328125 0.10703125
0 0.7453125 0.3984375 0.0328125 0.11640625
0 0.353125 0.471875 0.03671875 0.109375
0 0.4171875 0.55234375 0.0546875 0.109375
0 0.3171875 0.559375 0.04921875 0.1
0 0.38828125 0.5671875 0.0515625 0.1125
0 0.41953125 0.4734375 0.04375 0.08046875
0 0.34765625 0.5484375 0.0390625 0.1
0 0.4125 0.4921875 0.04609375 0.07890625
0 0.3734375 0.521875 0.04140625 0.0859375