1 0.534375 0.83671875 0.05390625 0.24921875
0 0.365625 0.68671875 0.04375 0.2109375
0 0.88828125 0.79296875 0.06015625 0.25625
0 0.6078125 0.7390625 0.0546875 0.23515625
0 0.56875 0.68984375 0.04609375 0.23671875
0 0.1125 0.67109375 0.05078125 0.21953125
0 0.75859375 0.82578125 0.05 0.25625
0 0.3578125 0.58203125 0.04609375 0.19453125
0 0.1765625 0.56015625 0.03984375 0.1921875
0 0.82734375 0.64609375 0.0421875 0.1921875
0 0.58515625 0.53515625 0.0359375 0.1765625
0 0.7828125 0.728125 0.0390625 0.2265625
0 0.534375 0.54921875 0.0609375 0.0734375
0 0.58671875 0.934375 0.0484375 0.13125
0 0.24453125 0.52890625 0.0390625 0.16015625
0 0.2828125 0.52421875 0.034375 0.1859375
0 0.61953125 0.5921875 0.0546875 0.16484375
0 0.98984375 0.953125 0.0203125 0.09296875
1 0.33984375 0.5015625 0.04140625 0.17734375