0 0.64140625 0.6859375 0.06015625 0.14921875
0 0.43984375 0.5296875 0.04765625 0.11640625
0 0.55625 0.83125 0.04765625 0.1625
0 0.31171875 0.59296875 0.04140625 0.13203125
0 0.3421875 0.67734375 0.03671875 0.15703125
0 0.2765625 0.446875 0.03203125 0.11875
0 0.73359375 0.80625 0.0609375 0.16171875
0 0.6109375 0.6390625 0.034375 0.1375
0 0.51328125 0.42890625 0.034375 0.11640625
0 0.721875 0.5984375 0.04375 0.1
0 0.46796875 0.559375 0.06015625 0.12578125
0 0.540625 0.6859375 0.053125 0.1625
0 0.85703125 0.58359375 0.04375 0.1140625
1 0.1140625 0.62109375 0.05859375 0.165625
0 0.27890625 0.353125 0.03125 0.090625
0 0.50546875 0.61640625 0.07734375 0.14453125
0 0.1265625 0.56171875 0.0375 0.134375
0 0.3140625 0.35703125 0.0375 0.10625
1 0.28515625 0.296875 0.03046875 0.09609375
0 0.48984375 0.57109375 0.05234375 0.1171875
0 0.5390625 0.6015625 0.03203125 0.12578125
1 0.7640625 0.909375 0.05390625 0.18046875
0 0.50859375 0.56875 0.04765625 0.1078125