0 0.771875 0.48046875 0.028125 0.1390625
1 0.84765625 0.3421875 0.025 0.07265625
1 0.99140625 0.4703125 0.0171875 0.13359375
0 0.2671875 0.44296875 0.0265625 0.11875
1 0.4078125 0.44375 0.025 0.11328125
0 0.36484375 0.46171875 0.03515625 0.12734375
0 0.36875 0.4265625 0.025 0.10625
0 0.4265625 0.4546875 0.025 0.1265625
0 0.446875 0.43359375 0.02421875 0.11171875
0 0.51328125 0.48046875 0.034375 0.07890625
0 0.53828125 0.471875 0.03828125 0.07734375
0 0.48984375 0.46015625 0.02734375 0.13046875
0 0.47421875 0.46328125 0.02109375 0.1265625
0 0.471875 0.453125 0.025 0.11640625
0 0.5234375 0.43828125 0.03046875 0.11484375
0 0.51640625 0.40859375 0.02421875 0.06328125
0 0.54765625 0.39609375 0.021875 0.078125
0 0.56171875 0.46796875 0.03671875 0.1140625
0 0.5625 0.44609375 0.025 0.11484375
0 0.58671875 0.46796875 0.0375 0.07421875
0 0.58359375 0.43125 0.0265625 0.115625
0 0.57265625 0.3921875 0.025 0.07578125
0 0.60859375 0.45390625 0.01875 0.12265625
0 0.6171875 0.46015625 0.03515625 0.0703125
0 0.66328125 0.44453125 0.02578125 0.125