0 0.38203125 0.47890625 0.04765625 0.18515625
1 0.384375 0.2796875 0.04453125 0.165625
0 0.7078125 0.4890625 0.03984375 0.2
1 0.975 0.6046875 0.05 0.23828125
1 0.465625 0.45078125 0.04765625 0.18359375
0 0.4890625 0.43515625 0.03984375 0.1515625
1 0.8828125 0.325 0.03046875 0.15234375
0 0.4671875 0.47421875 0.03984375 0.19453125
0 0.5796875 0.51875 0.05234375 0.11640625
0 0.61015625 0.46796875 0.04375 0.1828125
0 0.6296875 0.46015625 0.03125 0.19140625
0 0.54765625 0.4828125 0.0453125 0.153125
0 0.559375 0.42265625 0.03671875 0.14765625
0 0.5046875 0.49296875 0.0359375 0.1859375
0 0.484375 0.52421875 0.03046875 0.09609375
0 0.6546875 0.46875 0.02890625 0.19921875
0 0.65390625 0.3921875 0.05 0.10546875
0 0.61484375 0.38125 0.02109375 0.05234375
0 0.54453125 0.54140625 0.0578125 0.0703125