0 0.36640625 0.68046875 0.05703125 0.11171875
0 0.75078125 0.659375 0.0421875 0.1640625
0 0.1796875 0.79296875 0.0734375 0.1703125
0 0.48671875 0.43125 0.034375 0.109375
0 0.6953125 0.59140625 0.04453125 0.15390625
0 0.634375 0.48203125 0.0375 0.1328125
0 0.81953125 0.55703125 0.0359375 0.1359375
0 0.7671875 0.4375 0.02421875 0.11875
0 0.134375 0.56796875 0.025 0.13984375
0 0.43203125 0.62421875 0.0515625 0.09375
0 0.278125 0.565625 0.0328125 0.15546875
1 0.88359375 0.60546875 0.03046875 0.1625
0 0.48515625 0.80859375 0.04140625 0.1875
0 0.38984375 0.63359375 0.0453125 0.1
0 0.55078125 0.57109375 0.05078125 0.09765625
0 0.6359375 0.34765625 0.0328125 0.09609375
0 0.47734375 0.6671875 0.0453125 0.1515625
1 0.7078125 0.29609375 0.0265625 0.0984375
0 0.7890625 0.35078125 0.02109375 0.0984375
0 0.540625 0.62109375 0.05390625 0.13984375
0 0.47421875 0.59140625 0.0484375 0.09375
0 0.4734375 0.5359375 0.046875 0.03828125
1 0.22421875 0.8828125 0.08046875 0.14609375
0 0.5296875 0.60390625 0.05625 0.1078125
0 0.471875 0.5671875 0.0453125 0.04921875