0 0.73125 0.38515625 0.05546875 0.14765625
0 0.859375 0.49140625 0.03203125 0.15078125
0 0.5375 0.328125 0.0421875 0.11953125
0 0.4734375 0.31484375 0.05 0.12890625
0 0.70859375 0.228125 0.03359375 0.12109375
0 0.49375 0.35546875 0.04140625 0.13515625
0 0.3390625 0.27109375 0.03984375 0.1328125
1 0.9265625 0.3984375 0.0359375 0.15234375
0 0.82265625 0.428125 0.05546875 0.16015625
0 0.5265625 0.2859375 0.0328125 0.10078125
0 0.94765625 0.31953125 0.0390625 0.11953125
0 0.63125 0.284375 0.02265625 0.06171875
0 0.67265625 0.35625 0.0328125 0.1328125
0 0.603125 0.3203125 0.02578125 0.1484375
0 0.9828125 0.409375 0.03359375 0.04375
0 0.9140625 0.35546875 0.04375 0.12421875
0 0.646875 0.33203125 0.0328125 0.13984375
1 0.22734375 0.6703125 0.03125 0.1359375
1 0.95703125 0.1234375 0.03046875 0.0953125
0 0.61875 0.34453125 0.0359375 0.14609375