0 0.78359375 0.6359375 0.0484375 0.125
0 0.5875 0.6921875 0.03984375 0.1375
0 0.17109375 0.57421875 0.0265625 0.13203125
0 0.6109375 0.54296875 0.04296875 0.096875
0 0.57265625 0.5328125 0.0359375 0.0828125
1 0.340625 0.53359375 0.02734375 0.11796875
0 0.46015625 0.5125 0.03515625 0.08125
0 0.4203125 0.54296875 0.02578125 0.11875
0 0.38359375 0.51640625 0.0296875 0.1
0 0.5015625 0.54296875 0.04765625 0.0890625
0 0.11015625 0.48046875 0.0265625 0.115625
0 0.421875 0.48046875 0.03984375 0.10234375
0 0.40234375 0.41875 0.034375 0.075
0 0.353125 0.39609375 0.0328125 0.08515625
0 0.246875 0.43515625 0.02421875 0.0828125
0 0.690625 0.4859375 0.0390625 0.121875
0 0.1296875 0.41328125 0.01640625 0.0953125
0 0.50703125 0.490625 0.0375 0.065625
1 0.73828125 0.4125 0.021875 0.096875
1 0.25390625 0.37265625 0.02109375 0.08203125
0 0.546875 0.5484375 0.0390625 0.10546875
0 0.5296875 0.51875 0.03828125 0.071875
0 0.69609375 0.48359375 0.02890625 0.0890625
0 0.546875 0.53515625 0.0390625 0.07578125
0 0.40078125 0.43515625 0.0328125 0.0828125