0 0.55625 0.60390625 0.04609375 0.15
1 0.27265625 0.353125 0.02734375 0.10078125
0 0.8671875 0.46171875 0.03984375 0.125
0 0.65546875 0.5984375 0.04765625 0.1484375
1 0.35234375 0.4796875 0.0390625 0.12421875
0 0.90546875 0.4578125 0.0453125 0.11953125
0 0.5734375 0.47265625 0.03828125 0.14140625
0 0.80390625 0.46875 0.0359375 0.125
0 0.53984375 0.49375 0.0375 0.13984375
0 0.78203125 0.43515625 0.034375 0.115625
0 0.74921875 0.409375 0.025 0.1109375
0 0.74921875 0.421875 0.03515625 0.115625
1 0.83515625 0.39765625 0.03046875 0.115625
0 0.79453125 0.41953125 0.03203125 0.10390625
0 0.553125 0.47265625 0.03515625 0.1265625