0 0.38515625 0.7046875 0.0390625 0.1265625
1 0.84453125 0.81015625 0.0421875 0.15703125
0 0.0171875 0.675 0.03359375 0.13046875
1 0.65390625 0.61015625 0.0296875 0.1125
1 0.4328125 0.653125 0.0390625 0.121875
0 0.371875 0.65859375 0.03203125 0.13046875
1 0.5015625 0.5859375 0.028125 0.10859375
0 0.2765625 0.7234375 0.046875 0.09453125
0 0.090625 0.70625 0.03828125 0.12109375
0 0.31484375 0.69765625 0.0390625 0.1265625
0 0.2078125 0.690625 0.0375 0.1234375
0 0.228125 0.63828125 0.03515625 0.109375
0 0.071875 0.671875 0.0328125 0.11953125
0 0.1765625 0.67734375 0.03515625 0.11796875
0 0.3203125 0.63125 0.03515625 0.109375
0 0.2625 0.69140625 0.0375 0.11640625
0 0.2265625 0.6734375 0.03671875 0.1140625
0 0.2953125 0.665625 0.03828125 0.11640625
0 0.19140625 0.66953125 0.034375 0.1109375
0 0.18984375 0.621875 0.0359375 0.090625
0 0.3265625 0.67890625 0.034375 0.121875
0 0.1609375 0.6578125 0.03671875 0.1125
0 0.3234375 0.6609375 0.034375 0.121875