0 0.7296875 0.59921875 0.03671875 0.11796875
0 0.66484375 0.559375 0.0390625 0.12421875
0 0.21171875 0.603125 0.03203125 0.10390625
1 0.74921875 0.46875 0.02734375 0.103125
1 0.08125 0.46171875 0.0265625 0.0828125
1 0.4921875 0.6859375 0.034375 0.12890625
0 0.2734375 0.58359375 0.0359375 0.115625
0 0.38203125 0.4921875 0.02734375 0.0890625
0 0.5125 0.51640625 0.0390625 0.11015625
0 0.2609375 0.5453125 0.02890625 0.1109375
1 0.96171875 0.49609375 0.02734375 0.103125
0 0.52265625 0.5796875 0.03125 0.11171875
0 0.396875 0.55859375 0.0421875 0.09453125
0 0.4921875 0.603125 0.0421875 0.109375
1 0.540625 0.5375 0.03203125 0.08125
0 0.47890625 0.5984375 0.03984375 0.10859375
0 0.41171875 0.55546875 0.03984375 0.1
0 0.44453125 0.56171875 0.03671875 0.1
0 0.42734375 0.578125 0.04609375 0.10859375
0 0.4328125 0.540625 0.0359375 0.08984375
0 0.48046875 0.5453125 0.025 0.0765625
0 0.46875 0.5546875 0.03671875 0.08125
0 0.48671875 0.56484375 0.0375 0.0875
0 0.25 0.5359375 0.02734375 0.1078125