1 0.98984375 0.27890625 0.0203125 0.14296875
0 0.3390625 0.33046875 0.053125 0.1328125
0 0.296875 0.521875 0.065625 0.1671875
0 0.771875 0.25078125 0.05234375 0.146875
0 0.825 0.47109375 0.06328125 0.18125
1 0.04609375 0.5140625 0.0515625 0.18828125
0 0.4765625 0.4578125 0.05625 0.14140625
0 0.63515625 0.26875 0.04296875 0.1375
0 0.571875 0.38828125 0.06015625 0.1484375
0 0.925 0.3765625 0.06328125 0.17578125
1 0.3296875 0.06328125 0.03828125 0.12109375
1 0.671875 0.8390625 0.05859375 0.19609375
0 0.4953125 0.36171875 0.05390625 0.15390625
0 0.0515625 0.30078125 0.05078125 0.1328125
0 0.5453125 0.340625 0.04609375 0.15
0 0.13125 0.17109375 0.03671875 0.11875
0 0.1125 0.6546875 0.0578125 0.1875
0 0.0625 0.18046875 0.04296875 0.12421875
0 0.78359375 0.46953125 0.065625 0.1671875
0 0.74921875 0.42109375 0.08828125 0.17421875
0 0.690625 0.38046875 0.0671875 0.153125
0 0.73203125 0.34296875 0.03359375 0.17109375