0 0.8734375 0.4796875 0.04765625 0.17890625
0 0.55 0.39921875 0.04296875 0.17734375
1 0.96796875 0.81328125 0.0640625 0.23203125
0 0.72265625 0.45859375 0.04765625 0.18046875
0 0.31953125 0.70546875 0.0484375 0.221875
0 0.5046875 0.37578125 0.0359375 0.1703125
0 0.6390625 0.43046875 0.0453125 0.17421875
1 0.7625 0.109375 0.028125 0.11328125
0 0.4640625 0.26796875 0.03203125 0.13984375
1 0.628125 0.4453125 0.0359375 0.175
0 0.74296875 0.3671875 0.0296875 0.1578125
0 0.74140625 0.30703125 0.0328125 0.13515625
1 0.17421875 0.16328125 0.0375 0.12265625
0 0.48671875 0.30703125 0.0390625 0.15390625
0 0.6046875 0.4140625 0.03125 0.17265625
0 0.74375 0.4171875 0.03984375 0.16796875
0 0.22421875 0.41484375 0.03125 0.17265625
0 0.2 0.39140625 0.0375 0.14921875
0 0.17734375 0.42734375 0.0328125 0.1421875
0 0.1765625 0.43671875 0.03046875 0.18125
0 0.15078125 0.41953125 0.0359375 0.16015625
0 0.153125 0.39296875 0.03828125 0.1671875
0 0.1234375 0.46796875 0.0328125 0.18515625
0 0.103125 0.46640625 0.028125 0.19609375
0 0.0671875 0.4625 0.040625 0.17421875