0 0.8921875 0.70078125 0.05859375 0.14609375
0 0.8046875 0.63125 0.05234375 0.12890625
0 0.5171875 0.53359375 0.04296875 0.08046875
0 0.3296875 0.665625 0.040625 0.15546875
0 0.415625 0.6359375 0.04375 0.1140625
0 0.421875 0.52734375 0.04453125 0.084375
0 0.3421875 0.53359375 0.0375 0.09453125
0 0.0921875 0.52265625 0.04375 0.12109375
0 0.6640625 0.56328125 0.04375 0.12109375
0 0.46328125 0.559375 0.05 0.0890625
0 0.54921875 0.5453125 0.0390625 0.090625
0 0.37421875 0.51015625 0.0421875 0.08203125
0 0.3515625 0.44140625 0.03828125 0.1
0 0.584375 0.4859375 0.03046875 0.125
0 0.7109375 0.78671875 0.05390625 0.15390625
0 0.54765625 0.48046875 0.0328125 0.09453125
1 0.6703125 0.421875 0.02734375 0.0984375
0 0.4796875 0.52109375 0.03984375 0.08046875
0 0.2515625 0.48984375 0.03671875 0.109375
0 0.4453125 0.5 0.03515625 0.071875
0 0.23671875 0.5671875 0.040625 0.115625
1 0.24140625 0.403125 0.0265625 0.1
0 0.1625 0.446875 0.02734375 0.1109375
1 0.22421875 0.5453125 0.0359375 0.109375
0 0.46953125 0.50078125 0.0359375 0.07109375