0 0.55078125 0.47578125 0.046875 0.1234375
1 0.4796875 0.46875 0.03671875 0.13203125
0 0.21328125 0.40546875 0.0375 0.10546875
0 0.65 0.4640625 0.0484375 0.13046875
0 0.4484375 0.37265625 0.03671875 0.10703125
0 0.5703125 0.40234375 0.03671875 0.115625
0 0.603125 0.428125 0.04296875 0.121875
1 0.86875 0.37421875 0.02578125 0.10390625
1 0.2765625 0.32265625 0.02734375 0.084375
0 0.5078125 0.421875 0.04296875 0.11953125
0 0.1875 0.3796875 0.03125 0.09296875
0 0.2109375 0.38125 0.028125 0.07890625
0 0.821875 0.4921875 0.04140625 0.0875
0 0.78671875 0.46484375 0.0359375 0.13203125
0 0.8390625 0.48515625 0.034375 0.084375
0 0.778125 0.4140625 0.03359375 0.121875
0 0.63984375 0.41875 0.040625 0.1125
0 0.484375 0.41328125 0.0390625 0.109375
0 0.5265625 0.39921875 0.03984375 0.09296875
0 0.540625 0.38671875 0.0375 0.07890625
0 0.44453125 0.375 0.01875 0.09140625
0 0.496875 0.4109375 0.01796875 0.10546875