0 0.8390625 0.54765625 0.06484375 0.19921875
0 0.6125 0.575 0.06484375 0.21171875
0 0.7046875 0.33828125 0.0484375 0.15703125
0 0.4046875 0.37734375 0.05078125 0.17578125
0 0.3578125 0.32265625 0.04296875 0.15625
0 0.68671875 0.253125 0.04453125 0.14765625
0 0.75546875 0.228125 0.0421875 0.1390625
0 0.478125 0.21171875 0.0390625 0.13046875
0 0.66328125 0.5078125 0.06015625 0.20078125
0 0.81875 0.19375 0.03828125 0.13515625
0 0.44453125 0.678125 0.0765625 0.196875
0 0.87890625 0.42578125 0.0546875 0.1546875
1 0.80546875 0.04140625 0.03125 0.0828125
0 0.528125 0.47578125 0.05546875 0.17734375
0 0.53203125 0.59375 0.065625 0.17265625
0 0.55390625 0.60390625 0.06484375 0.18515625
0 0.409375 0.678125 0.08203125 0.2109375
0 0.9140625 0.42578125 0.05 0.16328125
0 0.90703125 0.34453125 0.0484375 0.15
0 0.9484375 0.3078125 0.0453125 0.1375
0 0.9375 0.3890625 0.04765625 0.1515625