0 0.33828125 0.39609375 0.03203125 0.1515625
0 0.86953125 0.41875 0.04140625 0.14609375
0 0.78671875 0.384375 0.0515625 0.1421875
0 0.28125 0.3828125 0.04296875 0.1421875
0 0.70859375 0.4234375 0.0484375 0.15390625
0 0.41015625 0.48515625 0.04375 0.16796875
0 0.86640625 0.32890625 0.03359375 0.1203125
1 0.16171875 0.21484375 0.02578125 0.10625
1 0.825 0.875 0.10390625 0.24921875
1 0.52734375 0.2078125 0.0296875 0.103125
0 0.965625 0.45546875 0.0375 0.15703125
0 0.47734375 0.45390625 0.046875 0.1609375
0 0.06796875 0.45703125 0.02890625 0.1625
0 0.65390625 0.40625 0.03359375 0.13515625
0 0.04453125 0.43671875 0.03203125 0.1359375
0 0.41484375 0.40234375 0.034375 0.1453125
0 0.58203125 0.43046875 0.03828125 0.1453125
1 0.6625 0.440625 0.034375 0.1546875
0 0.68359375 0.38984375 0.0328125 0.1421875
0 0.55859375 0.42890625 0.034375 0.15078125
0 0.98828125 0.47265625 0.0234375 0.1390625
0 0.9703125 0.44453125 0.02734375 0.16953125
0 0.984375 0.46484375 0.03125 0.140625
0 0.5609375 0.39609375 0.0359375 0.1375
0 0.99375 0.37578125 0.0125 0.1296875