0 0.65703125 0.43203125 0.03125 0.1484375
0 0.7484375 0.378125 0.03203125 0.128125
0 0.3921875 0.396875 0.028125 0.1390625
0 0.5921875 0.37421875 0.0328125 0.1234375
1 0.14375 0.80859375 0.06171875 0.28359375
0 0.5515625 0.3609375 0.02265625 0.13046875
0 0.6640625 0.33046875 0.01640625 0.11171875
1 0.46953125 0.35625 0.02421875 0.11328125
0 0.590625 0.33984375 0.0171875 0.10703125
0 0.434375 0.3796875 0.02421875 0.13046875
0 0.52578125 0.3453125 0.03671875 0.10703125
0 0.5859375 0.33515625 0.01875 0.12734375
1 0.74453125 0.321875 0.034375 0.10546875
0 0.5203125 0.33125 0.01875 0.1078125
0 0.49140625 0.340625 0.02265625 0.1140625
0 0.4 0.3203125 0.028125 0.1046875
0 0.41796875 0.33828125 0.0171875 0.1046875
0 0.35703125 0.3328125 0.01484375 0.1078125
0 0.3453125 0.325 0.02421875 0.096875
0 0.32578125 0.32890625 0.02265625 0.11640625
0 0.28359375 0.3296875 0.02578125 0.1078125
0 0.29921875 0.33984375 0.0265625 0.07734375
1 0.27265625 0.2921875 0.01484375 0.08359375
0 0.65 0.334375 0.0171875 0.10703125
0 0.5703125 0.34140625 0.02578125 0.11953125