1 0.32890625 0.79609375 0.046875 0.19609375
0 0.4890625 0.471875 0.04296875 0.1265625
0 0.71640625 0.67421875 0.04453125 0.16875
0 0.25 0.69609375 0.04140625 0.18359375
0 0.6953125 0.615625 0.040625 0.159375
0 0.3625 0.56484375 0.03984375 0.1484375
1 0.41015625 0.30078125 0.02421875 0.08125
0 0.36484375 0.4984375 0.0375 0.11875
1 0.9703125 0.35546875 0.02421875 0.10078125
0 0.37890625 0.73828125 0.04140625 0.17734375
0 0.61328125 0.71015625 0.04453125 0.17578125
0 0.5796875 0.71875 0.03984375 0.18671875
0 0.546875 0.7125 0.04375 0.165625
0 0.5203125 0.76328125 0.04453125 0.1875
0 0.503125 0.725 0.03359375 0.1796875
0 0.47421875 0.721875 0.02890625 0.17578125
0 0.44609375 0.7421875 0.03125 0.1828125
0 0.42265625 0.73203125 0.0390625 0.165625
0 0.39375 0.6875 0.0265625 0.1890625
0 0.425 0.634375 0.03125 0.12578125
0 0.4453125 0.63671875 0.02109375 0.0625
0 0.465625 0.62109375 0.0234375 0.09921875
0 0.471875 0.584375 0.0203125 0.0453125
1 0.4921875 0.63359375 0.0265625 0.08984375