0 0.57421875 0.4828125 0.04609375 0.08515625
0 0.3203125 0.475 0.040625 0.11484375
0 0.20078125 0.40078125 0.03984375 0.11171875
0 0.30078125 0.38515625 0.0359375 0.103125
0 0.95546875 0.5375 0.0515625 0.15625
1 0.425 0.30859375 0.02734375 0.0953125
0 0.9328125 0.5921875 0.04609375 0.14765625
0 0.52734375 0.46875 0.04765625 0.08515625
0 0.6125 0.44296875 0.03359375 0.11484375
0 0.36796875 0.44453125 0.04296875 0.08828125
1 0.6890625 0.43125 0.03203125 0.09375
1 0.9921875 0.4390625 0.015625 0.13515625
0 0.3796875 0.4984375 0.04921875 0.109375
0 0.48203125 0.4765625 0.03984375 0.08671875
0 0.51328125 0.42421875 0.03828125 0.0796875
0 0.440625 0.45546875 0.03828125 0.08671875
1 0.02890625 0.4734375 0.03203125 0.1171875
0 0.4078125 0.453125 0.03984375 0.08828125
0 0.459375 0.46796875 0.0390625 0.08359375
0 0.42421875 0.44140625 0.0375 0.08359375
0 0.4984375 0.46640625 0.040625 0.0765625
0 0.415625 0.45625 0.0390625 0.090625
0 0.39921875 0.42578125 0.03828125 0.07578125
0 0.415625 0.42890625 0.0359375 0.07265625
0 0.11875 0.3359375 0.021875 0.0890625
0 0.03515625 0.346875 0.03046875 0.08984375