1 0.96640625 0.3578125 0.028125 0.09765625
0 0.77890625 0.4515625 0.03359375 0.11015625
1 0.5953125 0.3125 0.025 0.0921875
0 0.4046875 0.4671875 0.04375 0.11015625
0 0.428125 0.546875 0.0390625 0.12734375
0 0.49375 0.51796875 0.03359375 0.12578125
0 0.821875 0.4546875 0.034375 0.11875
0 0.2 0.4375 0.03515625 0.1171875
0 0.8625 0.48359375 0.0359375 0.0953125
1 0.878125 0.58984375 0.03515625 0.12734375
0 0.66953125 0.484375 0.03515625 0.1203125
0 0.16953125 0.43828125 0.0359375 0.11484375
1 0.04453125 0.8 0.0390625 0.184375
0 0.759375 0.4875 0.040625 0.08359375
0 0.2640625 0.465625 0.03125 0.12421875
0 0.47578125 0.46328125 0.03203125 0.11875
0 0.6953125 0.48203125 0.03359375 0.10859375
0 0.48125 0.51640625 0.034375 0.11875
0 0.71640625 0.4375 0.03046875 0.10859375
0 0.63828125 0.49296875 0.03515625 0.134375
0 0.728125 0.503125 0.0421875 0.07265625
0 0.88515625 0.4359375 0.03203125 0.10859375
0 0.42265625 0.4703125 0.03359375 0.11171875
0 0.634375 0.43515625 0.03359375 0.09609375
0 0.64921875 0.42421875 0.0328125 0.09609375
0 0.75390625 0.49453125 0.04140625 0.08125