0 0.53359375 0.4046875 0.04140625 0.11015625
0 0.775 0.63125 0.05078125 0.1453125
0 0.0109375 0.65625 0.021875 0.159375
0 0.11640625 0.4796875 0.04296875 0.14609375
0 0.3765625 0.60546875 0.04921875 0.146875
1 0.1515625 0.603125 0.03203125 0.16796875
0 0.8328125 0.41640625 0.03671875 0.12421875
0 0.45 0.3390625 0.028125 0.0984375
0 0.40390625 0.62578125 0.04765625 0.1421875
0 0.5078125 0.571875 0.04765625 0.13828125
0 0.66015625 0.6609375 0.04921875 0.16328125
1 0.23359375 0.9171875 0.0546875 0.165625
0 0.615625 0.64921875 0.0515625 0.1453125
0 0.503125 0.525 0.04765625 0.12109375
0 0.5484375 0.68359375 0.0640625 0.15703125
0 0.68984375 0.34765625 0.03671875 0.09921875
1 0.0734375 0.24921875 0.0234375 0.08515625
0 0.58359375 0.6171875 0.05078125 0.1328125
1 0.8265625 0.2984375 0.028125 0.09609375
0 0.64765625 0.6046875 0.04375 0.128125
0 0.56328125 0.58984375 0.04609375 0.13671875
0 0.6609375 0.54609375 0.05078125 0.1265625
0 0.5859375 0.56171875 0.04609375 0.103125
0 0.67421875 0.5484375 0.04921875 0.12734375
0 0.5671875 0.571875 0.021875 0.1296875
0 0.53359375 0.66015625 0.0515625 0.1328125