0 0.90546875 0.64375 0.05859375 0.190625
0 0.146875 0.67109375 0.053125 0.20078125
0 0.3234375 0.3578125 0.03515625 0.11796875
0 0.54921875 0.51875 0.05390625 0.153125
0 0.16328125 0.40234375 0.04140625 0.15078125
0 0.2796875 0.49296875 0.04453125 0.14375
0 0.5875 0.52890625 0.03984375 0.1765625
0 0.46171875 0.53359375 0.07421875 0.10625
0 0.67265625 0.40546875 0.03984375 0.1296875
0 0.08046875 0.4515625 0.040625 0.159375
1 0.46875 0.35078125 0.034375 0.1296875
0 0.22734375 0.315625 0.03828125 0.128125
0 0.090625 0.3328125 0.03359375 0.125
0 0.8546875 0.4328125 0.03828125 0.14140625
0 0.53984375 0.44921875 0.04609375 0.1296875
0 0.0453125 0.45859375 0.03828125 0.14296875
0 0.04921875 0.35859375 0.03515625 0.13671875
0 0.4203125 0.57265625 0.05703125 0.07109375
0 0.01484375 0.44296875 0.02890625 0.1515625
1 0.38828125 0.15703125 0.02421875 0.078125
0 0.0109375 0.4046875 0.021875 0.109375
0 0.8546875 0.40859375 0.03515625 0.1234375