0 0.884375 0.48984375 0.04765625 0.17890625
0 0.5609375 0.409375 0.04296875 0.17734375
1 0.9734375 0.8234375 0.05234375 0.23203125
0 0.734375 0.46875 0.04765625 0.18046875
0 0.3359375 0.715625 0.0484375 0.221875
0 0.515625 0.3859375 0.0359375 0.1703125
0 0.65 0.440625 0.0453125 0.17421875
1 0.7765625 0.121875 0.028125 0.11328125
0 0.478125 0.27890625 0.03203125 0.13984375
1 0.6421875 0.45859375 0.0359375 0.175
0 0.7546875 0.37734375 0.0296875 0.1578125
0 0.75234375 0.3171875 0.0328125 0.13515625
1 0.1859375 0.1734375 0.0375 0.12265625
0 0.5015625 0.31875 0.0390625 0.15390625
0 0.61953125 0.4296875 0.03125 0.17265625
0 0.75546875 0.42734375 0.03984375 0.16796875
0 0.2359375 0.425 0.03125 0.17265625
0 0.2109375 0.4015625 0.0375 0.14921875
0 0.18828125 0.43671875 0.0328125 0.1421875
0 0.1875 0.446875 0.03046875 0.18125
0 0.16171875 0.4296875 0.0359375 0.16015625
0 0.16484375 0.403125 0.03828125 0.1671875
0 0.13515625 0.478125 0.0328125 0.18515625
0 0.11484375 0.4765625 0.028125 0.19609375
0 0.08203125 0.46953125 0.0328125 0.16484375