0 0.7265625 0.62109375 0.05078125 0.14140625
0 0.80703125 0.63203125 0.034375 0.14296875
0 0.75546875 0.62109375 0.05625 0.15078125
0 0.6671875 0.54375 0.04609375 0.13203125
1 0.24921875 0.76328125 0.03671875 0.1890625
0 0.64921875 0.66484375 0.07578125 0.103125
0 0.47109375 0.6296875 0.05625 0.13671875
0 0.53671875 0.61796875 0.04609375 0.14921875
0 0.140625 0.50546875 0.0421875 0.11953125
0 0.0734375 0.5140625 0.0390625 0.10625
0 0.38984375 0.7125 0.03359375 0.1453125
0 0.29453125 0.6171875 0.0640625 0.09296875
0 0.453125 0.575 0.05546875 0.11484375
0 0.334375 0.6078125 0.046875 0.14140625
0 0.48671875 0.56015625 0.046875 0.10390625
1 0.11875 0.37421875 0.02578125 0.09609375
0 0.3671875 0.61796875 0.05234375 0.11875
0 0.546875 0.571875 0.03515625 0.11484375
0 0.55859375 0.55625 0.04296875 0.121875
0 0.39453125 0.64921875 0.0484375 0.13671875
0 0.32578125 0.603125 0.04296875 0.14140625
0 0.38359375 0.5890625 0.01640625 0.07265625
0 0.40546875 0.615625 0.03125 0.05390625