0 0.87734375 0.56484375 0.0765625 0.32265625
1 0.63125 0.56953125 0.06484375 0.3125
0 0.7859375 0.5078125 0.06640625 0.32109375
0 0.51484375 0.06328125 0.04765625 0.1265625
1 0.29296875 0.846875 0.0828125 0.30625
0 0.7203125 0.7984375 0.10234375 0.36015625
0 0.5671875 0.82578125 0.084375 0.3484375
0 0.51875 0.6328125 0.07578125 0.31953125
0 0.40078125 0.79375 0.0796875 0.36953125
0 0.26328125 0.66484375 0.075 0.371875
0 0.3109375 0.41875 0.06796875 0.14140625
0 0.3109375 0.5875 0.0578125 0.296875
0 0.3390625 0.653125 0.06015625 0.30234375
0 0.45 0.52578125 0.04765625 0.1328125
0 0.58046875 0.48515625 0.0640625 0.1671875
0 0.471875 0.86484375 0.06875 0.26953125
0 0.58046875 0.6390625 0.06171875 0.15078125
0 0.51328125 0.68203125 0.078125 0.0734375
0 0.43671875 0.73515625 0.23125 0.05234375
0 0.45546875 0.628125 0.05234375 0.1484375
0 0.41328125 0.5578125 0.053125 0.21171875