0 0.8234375 0.41171875 0.02109375 0.09140625
0 0.96328125 0.459375 0.0296875 0.10703125
0 0.3828125 0.46484375 0.0328125 0.0984375
1 0.840625 0.759375 0.06328125 0.21796875
0 0.49609375 0.53125 0.0359375 0.12890625
0 0.63046875 0.42578125 0.028125 0.03984375
0 0.2640625 0.50625 0.034375 0.115625
1 0.77578125 0.44609375 0.02578125 0.09453125
0 0.540625 0.415625 0.0234375 0.08671875
0 0.51328125 0.42265625 0.021875 0.07734375
1 0.41875 0.38828125 0.02265625 0.0859375
0 0.734375 0.428125 0.02421875 0.08828125
0 0.5921875 0.4609375 0.03359375 0.0625
0 0.62734375 0.446875 0.0359375 0.06796875
0 0.696875 0.41171875 0.021875 0.0828125
0 0.546875 0.48125 0.03515625 0.10859375
0 0.71875 0.40703125 0.02109375 0.0828125
0 0.56484375 0.415625 0.021875 0.08203125
0 0.57890625 0.440625 0.0296875 0.05625
0 0.6609375 0.44140625 0.03125 0.06640625
0 0.6453125 0.4265625 0.02578125 0.0515625
1 0.86484375 0.36328125 0.01796875 0.07890625
0 0.6828125 0.440625 0.02734375 0.0921875
0 0.55625 0.4484375 0.02578125 0.065625
1 0.040625 0.559375 0.03046875 0.12578125
0 0.6625 0.4046875 0.0234375 0.03671875
0 0.6109375 0.43359375 0.028125 0.059375