0 0.94609375 0.559375 0.0828125 0.340625
0 0.8578125 0.51953125 0.084375 0.31328125
0 0.51328125 0.0828125 0.0484375 0.165625
1 0.99296875 0.02734375 0.0140625 0.0546875
0 0.64921875 0.82890625 0.0734375 0.3421875
0 0.2890625 0.84296875 0.11171875 0.31328125
0 0.25546875 0.72734375 0.0875 0.39453125
0 0.21953125 0.63046875 0.06015625 0.31484375
0 0.31875 0.42890625 0.06875 0.14296875
0 0.31875 0.5796875 0.05234375 0.3078125
0 0.3703125 0.51875 0.05 0.121875
0 0.6 0.5953125 0.04765625 0.25859375
0 0.6171875 0.55625 0.06640625 0.3203125
0 0.5421875 0.73125 0.08046875 0.365625
0 0.5171875 0.45078125 0.0515625 0.09609375
0 0.47578125 0.64375 0.0578125 0.33671875
0 0.4609375 0.528125 0.04296875 0.1734375
0 0.528125 0.58671875 0.0515625 0.17890625
0 0.478125 0.74375 0.20703125 0.06171875
1 0.36015625 0.82421875 0.06796875 0.3515625
0 0.3578125 0.64140625 0.06796875 0.2046875
1 0.58828125 0.57421875 0.08125 0.29140625