0 0.26875 0.57265625 0.07578125 0.16171875
0 0.39296875 0.74921875 0.0828125 0.19765625
0 0.5875 0.5625 0.04375 0.16171875
0 0.54921875 0.2921875 0.03984375 0.1109375
0 0.7640625 0.74921875 0.046875 0.2046875
0 0.90625 0.42890625 0.0375 0.14609375
0 0.51953125 0.38359375 0.040625 0.13359375
0 0.43359375 0.47109375 0.06328125 0.09765625
0 0.13671875 0.41015625 0.0421875 0.13359375
0 0.55078125 0.41328125 0.03828125 0.12578125
1 0.73828125 0.4171875 0.03515625 0.1453125
1 0.5078125 0.95546875 0.06640625 0.0890625
0 0.32421875 0.40703125 0.04296875 0.0984375
0 0.1765625 0.43203125 0.04296875 0.14609375
0 0.4078125 0.41796875 0.0515625 0.0890625
0 0.18515625 0.38984375 0.040625 0.13046875
0 0.56796875 0.4484375 0.03828125 0.15625
1 0.34765625 0.2421875 0.0328125 0.1171875
0 0.34375 0.34140625 0.0375 0.10390625
0 0.3484375 0.415625 0.05 0.07109375
0 0.328125 0.36796875 0.0421875 0.065625
0 0.43125 0.425 0.05234375 0.078125
0 0.35859375 0.434375 0.05546875 0.0921875
0 0.340625 0.4484375 0.046875 0.09453125
0 0.3390625 0.46328125 0.04921875 0.10625