0 0.63359375 0.784375 0.05390625 0.15546875
0 0.48046875 0.571875 0.04921875 0.0953125
0 0.8921875 0.73984375 0.06328125 0.159375
0 0.40859375 0.60703125 0.04296875 0.11015625
0 0.2859375 0.72734375 0.04765625 0.1375
1 0.2140625 0.603125 0.03125 0.140625
0 0.52578125 0.603125 0.0546875 0.0890625
0 0.26484375 0.5921875 0.04140625 0.11875
0 0.61875 0.61015625 0.0421875 0.08984375
0 0.69375 0.559375 0.03828125 0.115625
0 0.77734375 0.64765625 0.05234375 0.1390625
0 0.0140625 0.56953125 0.02734375 0.11875
0 0.43046875 0.53046875 0.04140625 0.1140625
0 0.8 0.53671875 0.03828125 0.11640625
0 0.16796875 0.4703125 0.034375 0.1015625
1 0.25625 0.41484375 0.03046875 0.1046875
0 0.37421875 0.4375 0.03359375 0.103125
0 0.59609375 0.64296875 0.0453125 0.12578125
0 0.55625 0.61484375 0.05078125 0.090625
0 0.57890625 0.5875 0.04375 0.07890625
0 0.54453125 0.5546875 0.0453125 0.06875
0 0.50703125 0.53984375 0.04375 0.07890625
0 0.55390625 0.384375 0.02890625 0.0921875
0 0.578125 0.56015625 0.040625 0.06328125
0 0.53125 0.5390625 0.04296875 0.0640625
0 0.57265625 0.60078125 0.0453125 0.0828125