0 0.21640625 0.51875 0.03203125 0.1078125
0 0.11484375 0.5953125 0.0375 0.1578125
1 0.53984375 0.31171875 0.0234375 0.09296875
0 0.71328125 0.384375 0.02265625 0.11015625
0 0.72421875 0.43203125 0.0234375 0.1125
1 0.4484375 0.43984375 0.0265625 0.1171875
1 0.8640625 0.3390625 0.03359375 0.1046875
1 0.07890625 0.5625 0.034375 0.15234375
0 0.7875 0.36328125 0.02578125 0.1046875
0 0.74375 0.39453125 0.0234375 0.10546875
1 0.759375 0.4671875 0.028125 0.1109375
0 0.83125 0.346875 0.0234375 0.0984375
0 0.46953125 0.4578125 0.021875 0.11640625
0 0.484375 0.42578125 0.01953125 0.1234375
0 0.50078125 0.44453125 0.02109375 0.115625
0 0.5046875 0.45078125 0.02265625 0.11171875
0 0.53125 0.4484375 0.025 0.125
0 0.5609375 0.4640625 0.028125 0.090625
0 0.584375 0.43984375 0.02578125 0.11796875
0 0.55703125 0.47421875 0.03203125 0.05625