0 0.628125 0.59765625 0.0546875 0.18203125
0 0.02421875 0.45 0.0484375 0.1609375
0 0.28828125 0.403125 0.0484375 0.15859375
0 0.20859375 0.46484375 0.0484375 0.159375
0 0.1328125 0.45 0.05078125 0.15859375
0 0.5671875 0.45625 0.04765625 0.165625
0 0.4953125 0.56484375 0.05078125 0.1765625
0 0.3234375 0.33984375 0.04921875 0.134375
0 0.203125 0.32734375 0.04296875 0.14609375
0 0.4875 0.41875 0.04765625 0.14609375
0 0.353125 0.5875 0.06171875 0.2
0 0.46171875 0.52734375 0.0515625 0.1625
0 0.44375 0.5890625 0.05234375 0.175
1 0.1796875 0.2359375 0.0375 0.10859375
0 0.4203125 0.5828125 0.053125 0.18203125
0 0.4109375 0.471875 0.0484375 0.14140625
0 0.346875 0.4796875 0.0515625 0.1734375
0 0.3921875 0.4359375 0.05078125 0.121875
0 0.4140625 0.5078125 0.04921875 0.165625