0 0.125 0.52109375 0.0578125 0.18046875
0 0.44140625 0.44140625 0.04296875 0.17734375
1 0.03125 0.846875 0.0625 0.23125
0 0.278125 0.5 0.0515625 0.184375
0 0.65703125 0.72734375 0.0484375 0.221875
0 0.49375 0.4140625 0.0359375 0.1703125
0 0.35859375 0.47734375 0.0453125 0.17421875
0 0.92421875 0.5046875 0.0453125 0.17890625
1 0.23125 0.1515625 0.034375 0.11796875
0 0.52734375 0.30625 0.040625 0.14140625
1 0.38125 0.4890625 0.0359375 0.175
0 0.76953125 0.46953125 0.05390625 0.15546875
0 0.81796875 0.47890625 0.0390625 0.16015625
0 0.2546875 0.42890625 0.04453125 0.17109375
0 0.871875 0.51640625 0.03203125 0.19140625
0 0.2515625 0.346875 0.04140625 0.13828125
1 0.8203125 0.2109375 0.0375 0.12265625
0 0.77578125 0.403125 0.0484375 0.12109375
0 0.503125 0.353125 0.0390625 0.15390625
0 0.38671875 0.4421875 0.04609375 0.13828125
0 0.49765625 0.390625 0.046875 0.1296875
0 0.825 0.43671875 0.02890625 0.1734375
0 0.25625 0.46171875 0.0421875 0.17421875
0 0.884375 0.50703125 0.05234375 0.14375
0 0.88984375 0.5078125 0.03984375 0.1828125
0 0.85078125 0.4578125 0.03125 0.16328125