0 0.0140625 0.75234375 0.028125 0.1703125
0 0.1359375 0.71953125 0.059375 0.14375
0 0.22890625 0.75546875 0.0515625 0.1640625
0 0.159375 0.56484375 0.040625 0.12890625
0 0.1 0.57421875 0.05546875 0.12734375
0 0.384375 0.51484375 0.0375 0.115625
0 0.27265625 0.809375 0.06015625 0.16640625
1 0.253125 0.53828125 0.03828125 0.12578125
0 0.3171875 0.85390625 0.078125 0.16484375
0 0.28984375 0.525 0.03828125 0.115625
0 0.684375 0.5203125 0.0484375 0.115625
0 0.0703125 0.49140625 0.046875 0.115625
0 0.47421875 0.525 0.04296875 0.121875
0 0.51171875 0.5265625 0.04296875 0.1234375
1 0.73203125 0.43359375 0.03046875 0.11015625
1 0.22421875 0.40234375 0.02734375 0.103125
0 0.5765625 0.5203125 0.021875 0.0984375
0 0.7234375 0.51953125 0.05 0.12890625
0 0.53125 0.47890625 0.03828125 0.11484375
0 0.72109375 0.4859375 0.04296875 0.1234375
0 0.53671875 0.4828125 0.03125 0.10703125
0 0.4890625 0.51796875 0.03828125 0.10859375
0 0.54609375 0.515625 0.034375 0.0859375
0 0.578125 0.5125 0.02265625 0.09140625