0 0.66171875 0.503125 0.02578125 0.10390625
0 0.6890625 0.4328125 0.02890625 0.07890625
0 0.53828125 0.41953125 0.021875 0.07421875
0 0.50234375 0.45859375 0.0328125 0.04765625
0 0.46484375 0.46875 0.0203125 0.07109375
0 0.54296875 0.44375 0.01796875 0.07421875
0 0.78828125 0.42265625 0.03203125 0.0671875
0 0.41328125 0.44921875 0.02578125 0.07734375
0 0.3234375 0.4890625 0.02890625 0.0921875
1 0.3265625 0.35859375 0.015625 0.053125
1 0.0875 0.40546875 0.02265625 0.06640625
0 0.31953125 0.43984375 0.01953125 0.06953125
0 0.4546875 0.4875 0.0359375 0.0515625
0 0.4328125 0.4890625 0.028125 0.0859375
0 0.44296875 0.44765625 0.0203125 0.07265625
0 0.7546875 0.46796875 0.02578125 0.06796875
0 0.7609375 0.4265625 0.02578125 0.06328125
0 0.73984375 0.4484375 0.021875 0.06015625
0 0.453125 0.465625 0.02109375 0.07734375
0 0.5828125 0.47109375 0.0375 0.0859375
0 0.7484375 0.4421875 0.01953125 0.053125
0 0.48046875 0.46640625 0.0171875 0.07421875
0 0.6859375 0.4234375 0.01953125 0.05390625
0 0.64140625 0.4046875 0.015625 0.0515625