0 0.0390625 0.61328125 0.0703125 0.23359375
0 0.7265625 0.53984375 0.05625 0.209375
0 0.10625 0.5765625 0.0703125 0.20703125
1 0.5515625 0.63515625 0.05390625 0.24296875
0 0.1875 0.50546875 0.08671875 0.14140625
0 0.25546875 0.503125 0.06640625 0.21171875
0 0.2328125 0.64453125 0.06484375 0.24296875
0 0.86171875 0.72734375 0.0625 0.24140625
0 0.84140625 0.6171875 0.06015625 0.21171875
0 0.5125 0.47421875 0.0515625 0.17578125
0 0.30625 0.6515625 0.0671875 0.253125
1 0.53671875 0.34375 0.0484375 0.19453125
0 0.6015625 0.72265625 0.06640625 0.11953125
0 0.47109375 0.48671875 0.059375 0.17890625