0 0.2546875 0.38515625 0.03515625 0.146875
0 0.5171875 0.4015625 0.0359375 0.14609375
0 0.13515625 0.434375 0.03828125 0.159375
0 0.6671875 0.51015625 0.03984375 0.15234375
0 0.1890625 0.4140625 0.03828125 0.15
0 0.16640625 0.43671875 0.0390625 0.16015625
0 0.6953125 0.4328125 0.03359375 0.14765625
0 0.5453125 0.42890625 0.0359375 0.1515625
0 0.5875 0.39375 0.03046875 0.1390625
0 0.9890625 0.46015625 0.021875 0.15625
1 0.58828125 0.221875 0.02734375 0.09765625
0 0.828125 0.434375 0.0375 0.15
0 0.62890625 0.42734375 0.0390625 0.1515625
1 0.653125 0.3859375 0.03125 0.128125
0 0.76953125 0.4421875 0.03671875 0.15234375
0 0.36640625 0.36328125 0.03671875 0.1328125
0 0.815625 0.4046875 0.03359375 0.146875
0 0.30703125 0.40703125 0.0375 0.1390625
0 0.31953125 0.41796875 0.03984375 0.14375
0 0.33125 0.33671875 0.0390625 0.10703125
0 0.34921875 0.38046875 0.03984375 0.1375
0 0.32265625 0.3828125 0.03671875 0.11953125
0 0.3421875 0.390625 0.03828125 0.13203125
0 0.321875 0.3421875 0.0390625 0.1046875