1 0.52421875 0.43359375 0.021875 0.09609375
1 0.11171875 0.8625 0.03125 0.19921875
0 0.10546875 0.56953125 0.02265625 0.1171875
1 0.77734375 0.6328125 0.03046875 0.1296875
0 0.4859375 0.59609375 0.01953125 0.13046875
0 0.23984375 0.55859375 0.0296875 0.12265625
0 0.8421875 0.55703125 0.03046875 0.1171875
0 0.35390625 0.5765625 0.03828125 0.1296875
0 0.68359375 0.60625 0.03203125 0.0453125
0 0.45625 0.61171875 0.03125 0.14453125
1 0.8453125 0.4703125 0.02578125 0.10859375
0 0.61640625 0.54296875 0.01875 0.11640625
0 0.53125 0.57890625 0.02109375 0.13046875
0 0.55859375 0.54765625 0.03359375 0.11953125
1 0.65 0.56015625 0.03125 0.115625
0 0.68046875 0.584375 0.0359375 0.09140625
0 0.60234375 0.49140625 0.0109375 0.03203125
0 0.709375 0.559375 0.028125 0.128125
0 0.578125 0.57890625 0.02109375 0.1109375
0 0.65703125 0.515625 0.03203125 0.1125
0 0.5921875 0.53359375 0.0171875 0.090625
0 0.51484375 0.60078125 0.02421875 0.13984375
0 0.5046875 0.56015625 0.0171875 0.13359375
0 0.7203125 0.565625 0.02734375 0.13203125
0 0.6078125 0.58828125 0.02890625 0.13359375