0 0.7609375 0.3859375 0.06015625 0.22890625
0 0.7015625 0.375 0.053125 0.21015625
0 0.290625 0.5578125 0.06171875 0.23984375
1 0.8171875 0.33671875 0.05703125 0.1875
0 0.05234375 0.35234375 0.0515625 0.19609375
0 0.321875 0.23984375 0.05390625 0.19296875
0 0.37421875 0.35625 0.0421875 0.215625
0 0.18203125 0.40625 0.05 0.21328125
1 0.459375 0.36875 0.05234375 0.22265625
0 0.415625 0.4578125 0.06796875 0.16015625
0 0.33671875 0.36484375 0.046875 0.190625
1 0.225 0.07421875 0.05625 0.1484375
0 0.49765625 0.29296875 0.05078125 0.17578125
0 0.47421875 0.4828125 0.0671875 0.15078125
0 0.54375 0.4828125 0.06328125 0.21015625
0 0.1703125 0.35703125 0.05 0.19765625
0 0.56640625 0.34765625 0.046875 0.21171875
0 0.5375 0.33203125 0.05078125 0.1578125
1 0.521875 0.453125 0.07421875 0.26953125
0 0.55390625 0.44140625 0.05390625 0.1875
0 0.21796875 0.1140625 0.02890625 0.16875
0 0.38125 0.34296875 0.05 0.19765625