1 0.434375 0.853125 0.05546875 0.18984375
0 0.771875 0.6765625 0.03125 0.134375
1 0.940625 0.59921875 0.03359375 0.11953125
1 0.465625 0.603125 0.028125 0.11953125
0 0.49609375 0.70234375 0.02890625 0.15
1 0.73671875 0.565625 0.02734375 0.103125
0 0.22421875 0.69140625 0.01953125 0.13359375
0 0.2375 0.69765625 0.02109375 0.1359375
0 0.3203125 0.6171875 0.01953125 0.05703125
0 0.29921875 0.6640625 0.0234375 0.134375
0 0.22578125 0.66640625 0.02734375 0.13359375
0 0.31484375 0.6921875 0.0265625 0.13359375
0 0.328125 0.70703125 0.02734375 0.14453125
0 0.34375 0.6703125 0.0359375 0.10390625
0 0.34765625 0.65703125 0.02734375 0.1484375
0 0.36328125 0.66171875 0.0171875 0.13828125
0 0.3734375 0.65625 0.0171875 0.14296875
0 0.39375 0.66796875 0.02578125 0.146875
0 0.3921875 0.653125 0.021875 0.1546875
0 0.40390625 0.65390625 0.0171875 0.1328125
0 0.421875 0.66640625 0.03515625 0.140625
0 0.44140625 0.67421875 0.02578125 0.1421875
0 0.4453125 0.60234375 0.021875 0.06015625
0 0.4578125 0.67890625 0.02890625 0.15625