0 0.6390625 0.525 0.02578125 0.1
0 0.40859375 0.47578125 0.034375 0.07421875
0 0.590625 0.46796875 0.0203125 0.08046875
0 0.33203125 0.50859375 0.02734375 0.09375
0 0.35703125 0.43984375 0.025 0.07421875
0 0.7421875 0.465625 0.0234375 0.07890625
0 0.39609375 0.44375 0.0203125 0.06953125
1 0.0546875 0.4078125 0.02578125 0.0640625
0 0.43828125 0.45703125 0.028125 0.0453125
0 0.484375 0.47109375 0.01484375 0.071875
0 0.47578125 0.4859375 0.02734375 0.0703125
0 0.71640625 0.446875 0.01875 0.06875
0 0.42421875 0.5015625 0.025 0.090625
0 0.47265625 0.43515625 0.01640625 0.06015625
1 0.94375 0.3984375 0.01796875 0.05546875
0 0.77109375 0.41796875 0.01796875 0.065625
0 0.66953125 0.43203125 0.01953125 0.05703125
1 0.29375 0.365625 0.0125 0.05
0 0.7140625 0.4421875 0.01953125 0.06875
0 0.71171875 0.4265625 0.01796875 0.06875
0 0.6640625 0.428125 0.01875 0.06015625
0 0.42421875 0.4796875 0.0296875 0.0734375
0 0.21015625 0.44609375 0.03359375 0.06796875
0 0.47421875 0.46953125 0.01328125 0.06171875
0 0.4515625 0.43515625 0.01484375 0.059375