0 0.53203125 0.55390625 0.028125 0.09609375
0 0.709375 0.45625 0.01875 0.05703125
0 0.434375 0.496875 0.0265625 0.0765625
1 0.01328125 0.4265625 0.01484375 0.05390625
0 0.58828125 0.50859375 0.03125 0.065625
0 0.62109375 0.4875 0.0265625 0.06640625
0 0.68046875 0.45078125 0.01875 0.0546875
0 0.28359375 0.4359375 0.015625 0.0484375
0 0.26640625 0.46015625 0.01953125 0.0546875
0 0.03359375 0.4578125 0.021875 0.0609375
0 0.72109375 0.546875 0.03984375 0.0953125
0 0.2375 0.4484375 0.01953125 0.053125
0 0.3421875 0.43203125 0.0171875 0.05
0 0.565625 0.44765625 0.01796875 0.053125
0 0.54765625 0.4625 0.021875 0.06015625
0 0.57890625 0.4421875 0.01640625 0.04765625
0 0.7328125 0.4296875 0.021875 0.053125
0 0.5953125 0.434375 0.0140625 0.046875
0 0.58984375 0.4953125 0.02421875 0.0640625
0 0.17265625 0.43125 0.0140625 0.04921875
1 0.22734375 0.39375 0.009375 0.04140625
0 0.6765625 0.421875 0.0125 0.03359375
1 0.9421875 0.46328125 0.0203125 0.0609375
0 0.7015625 0.41796875 0.015625 0.03359375