0 0.12890625 0.5078125 0.05 0.14375
0 0.3203125 0.4609375 0.04296875 0.128125
0 0.6421875 0.51328125 0.05703125 0.1078125
0 0.28515625 0.38515625 0.03671875 0.13515625
0 0.35703125 0.52265625 0.0515625 0.146875
1 0.1640625 0.4421875 0.03203125 0.15234375
0 0.684375 0.48125 0.04765625 0.1046875
0 0.3609375 0.421875 0.0421875 0.128125
1 0.01015625 0.25703125 0.01953125 0.1171875
0 0.65859375 0.3609375 0.053125 0.115625
1 0.63359375 0.3125 0.040625 0.12734375
0 0.49296875 0.390625 0.04375 0.11328125
0 0.42265625 0.33046875 0.03515625 0.121875
0 0.41796875 0.52421875 0.059375 0.0859375
0 0.425 0.49921875 0.059375 0.0828125
0 0.453125 0.46484375 0.053125 0.071875
0 0.46640625 0.44453125 0.0546875 0.07265625
0 0.4671875 0.54765625 0.053125 0.09765625
0 0.48671875 0.528125 0.0484375 0.11328125
0 0.5015625 0.5140625 0.04921875 0.09765625
0 0.49765625 0.484375 0.0484375 0.08046875
0 0.52421875 0.47109375 0.03515625 0.08984375
0 0.5359375 0.446875 0.046875 0.0859375
0 0.5640625 0.43046875 0.0453125 0.084375