0 0.46484375 0.646875 0.05703125 0.1421875
1 0.42734375 0.47421875 0.0375 0.121875
0 0.12578125 0.5625 0.04375 0.1328125
0 0.51796875 0.43359375 0.03984375 0.090625
0 0.5171875 0.621875 0.04375 0.1296875
1 0.16484375 0.7453125 0.0453125 0.17421875
0 0.65859375 0.54921875 0.0421875 0.11171875
0 0.5625 0.55546875 0.03359375 0.10703125
0 0.7296875 0.56875 0.0375 0.10859375
1 0.73125 0.26015625 0.0234375 0.08359375
0 0.5265625 0.54609375 0.0328125 0.0953125
0 0.7546875 0.55 0.0359375 0.11953125
0 0.70234375 0.50390625 0.03515625 0.115625
0 0.60859375 0.5765625 0.0375 0.11015625
0 0.7328125 0.50078125 0.02890625 0.09921875
0 0.54921875 0.534375 0.034375 0.08984375
0 0.70546875 0.415625 0.0265625 0.0875
0 0.63515625 0.52109375 0.03203125 0.103125
0 0.7375 0.475 0.021875 0.0890625
0 0.68671875 0.459375 0.028125 0.08984375
0 0.60390625 0.5015625 0.02734375 0.109375
0 0.625 0.56953125 0.03359375 0.10703125
0 0.57421875 0.54140625 0.0296875 0.09375
0 0.6515625 0.52109375 0.028125 0.11328125
0 0.721875 0.47734375 0.0140625 0.0828125