0 0.67265625 0.71328125 0.0296875 0.1234375
1 0.8515625 0.634375 0.028125 0.1171875
0 0.1453125 0.728125 0.04140625 0.12890625
0 0.33046875 0.69921875 0.0390625 0.0859375
0 0.296875 0.6890625 0.040625 0.10625
0 0.2640625 0.7453125 0.03828125 0.09453125
1 0.69609375 0.60703125 0.02734375 0.11640625
0 0.47421875 0.73984375 0.0390625 0.1015625
0 0.5328125 0.728125 0.0453125 0.07578125
0 0.521875 0.65703125 0.03203125 0.11015625
0 0.60546875 0.721875 0.04140625 0.12890625
0 0.35546875 0.70078125 0.03828125 0.09140625
0 0.496875 0.715625 0.03984375 0.08203125
0 0.3828125 0.69609375 0.0359375 0.103125
0 0.47109375 0.6578125 0.03359375 0.09140625
1 0.62109375 0.6875 0.03671875 0.1171875
0 0.384375 0.6484375 0.03359375 0.1015625
0 0.41953125 0.70703125 0.03984375 0.0875
0 0.56640625 0.70703125 0.03671875 0.11640625
0 0.603125 0.66953125 0.03359375 0.09921875
0 0.58046875 0.57265625 0.02890625 0.1015625
0 0.4421875 0.71328125 0.0390625 0.0890625
0 0.4609375 0.715625 0.0390625 0.0875
0 0.58203125 0.71171875 0.0359375 0.11484375
0 0.43125 0.6921875 0.03984375 0.065625