1 0.62734375 0.440625 0.025 0.1421875
1 0.20546875 0.2859375 0.01875 0.08984375
1 0.75546875 0.2671875 0.01640625 0.071875
1 0.49921875 0.796875 0.0609375 0.271875
0 0.88125 0.575 0.046875 0.203125
0 0.91640625 0.40703125 0.03671875 0.1171875
0 0.478125 0.33125 0.03046875 0.096875
0 0.41796875 0.36171875 0.02578125 0.11484375
0 0.30390625 0.36640625 0.02890625 0.1203125
0 0.325 0.340625 0.015625 0.09375
0 0.50078125 0.62421875 0.08515625 0.2234375
0 0.23671875 0.45859375 0.05234375 0.12890625
0 0.1859375 0.44765625 0.0421875 0.1125
0 0.15078125 0.4640625 0.04609375 0.125
0 0.08359375 0.45859375 0.025 0.153125
0 0.2421875 0.48828125 0.04296875 0.14296875
0 0.2734375 0.51875 0.0546875 0.1234375
0 0.3171875 0.5265625 0.071875 0.17890625
0 0.3296875 0.51796875 0.03515625 0.1625
0 0.34296875 0.48671875 0.04921875 0.15546875
0 0.35078125 0.490625 0.05703125 0.1328125
0 0.42734375 0.47890625 0.03984375 0.11328125
0 0.4703125 0.5015625 0.040625 0.1296875
0 0.471875 0.55390625 0.0625 0.13125
0 0.48515625 0.52109375 0.0375 0.11328125