0 0.01640625 0.4859375 0.02578125 0.134375
0 0.54296875 0.70078125 0.0359375 0.1734375
0 0.609375 0.59921875 0.03984375 0.15390625
0 0.45234375 0.609375 0.03203125 0.15234375
0 0.25390625 0.459375 0.0265625 0.128125
0 0.21015625 0.54375 0.0328125 0.14921875
0 0.5984375 0.45 0.0203125 0.128125
1 0.440625 0.471875 0.0265625 0.121875
0 0.228125 0.48984375 0.0296875 0.1296875
0 0.45703125 0.4109375 0.02109375 0.09765625
0 0.484375 0.43515625 0.03359375 0.065625
0 0.28828125 0.5046875 0.0375 0.14375
1 0.53203125 0.36640625 0.02109375 0.1109375
0 0.58203125 0.4375 0.0203125 0.109375
0 0.290625 0.55546875 0.04140625 0.14375
0 0.4875 0.4125 0.01796875 0.115625
0 0.45546875 0.42421875 0.0203125 0.1
0 0.56484375 0.4171875 0.021875 0.11875