0 0.11953125 0.53125 0.03984375 0.1375
0 0.525 0.496875 0.03828125 0.12734375
0 0.60078125 0.4953125 0.0375 0.13046875
0 0.54921875 0.51796875 0.040625 0.13203125
1 0.82734375 0.51484375 0.03125 0.11484375
0 0.6875 0.4703125 0.034375 0.1171875
0 0.49765625 0.48828125 0.0375 0.121875
1 0.40546875 0.36484375 0.0328125 0.1
1 0.90625 0.359375 0.02578125 0.0984375
0 0.43125 0.5234375 0.03984375 0.12890625
0 0.19140625 0.59140625 0.05234375 0.1390625
0 0.46640625 0.5328125 0.02734375 0.1171875
0 0.30625 0.51484375 0.04375 0.09296875
0 0.4890625 0.4375 0.0234375 0.10703125
0 0.640625 0.40859375 0.0328125 0.11328125
1 0.15703125 0.48359375 0.03515625 0.1234375
0 0.3421875 0.5078125 0.0265625 0.08984375
0 0.3984375 0.50234375 0.03125 0.115625
0 0.4640625 0.49453125 0.02890625 0.11640625
0 0.19765625 0.5078125 0.03828125 0.1203125
0 0.26640625 0.5296875 0.04765625 0.09765625
0 0.28671875 0.47109375 0.02578125 0.109375
0 0.371875 0.509375 0.028125 0.07890625
0 0.42421875 0.478125 0.028125 0.0796875
0 0.44609375 0.4796875 0.0296875 0.0734375