0 0.153125 0.69296875 0.03515625 0.13359375
0 0.2296875 0.62109375 0.03828125 0.11015625
0 0.31484375 0.52109375 0.03046875 0.0921875
0 0.196875 0.65546875 0.03984375 0.1171875
0 0.68828125 0.70625 0.03046875 0.12734375
0 0.2796875 0.571875 0.034375 0.090625
0 0.66796875 0.634375 0.03515625 0.10390625
0 0.33984375 0.49609375 0.0265625 0.08671875
1 0.171875 0.91015625 0.04921875 0.15703125
0 0.67109375 0.5453125 0.0265625 0.08828125
1 0.23203125 0.4921875 0.0234375 0.08046875
0 0.37734375 0.46484375 0.0265625 0.0765625
0 0.6703125 0.46875 0.02734375 0.071875
0 0.303125 0.475 0.025 0.0765625
0 0.40390625 0.4390625 0.021875 0.071875
0 0.39140625 0.4484375 0.0234375 0.0671875
1 0.66015625 0.42578125 0.01875 0.06328125