0 0.6859375 0.46171875 0.0375 0.15703125
0 0.95234375 0.521875 0.0484375 0.16796875
0 0.928125 0.36484375 0.03515625 0.12890625
0 0.72734375 0.528125 0.04375 0.1625
0 0.36875 0.309375 0.03046875 0.11640625
0 0.7890625 0.43515625 0.03671875 0.13203125
0 0.60703125 0.58359375 0.053125 0.16640625
0 0.646875 0.521875 0.04296875 0.1640625
0 0.61640625 0.734375 0.0546875 0.18046875
0 0.4859375 0.46640625 0.04609375 0.146875
0 0.67421875 0.628125 0.0484375 0.178125
0 0.29921875 0.590625 0.046875 0.159375
0 0.7109375 0.2984375 0.0296875 0.10546875
0 0.93515625 0.675 0.0578125 0.1890625
1 0.5515625 0.4171875 0.03515625 0.13203125
0 0.69921875 0.67890625 0.0578125 0.19453125
1 0.134375 0.1328125 0.02421875 0.07109375
0 0.25234375 0.609375 0.0484375 0.18046875
0 0.796875 0.634375 0.04296875 0.16796875
1 0.678125 0.15078125 0.0203125 0.0765625
0 0.6125 0.4640625 0.03984375 0.14140625
0 0.60625 0.43046875 0.03671875 0.13046875
0 0.58671875 0.32734375 0.034375 0.1125
0 0.7421875 0.7171875 0.05234375 0.19296875
0 0.9 0.7109375 0.04609375 0.1640625
0 0.7984375 0.74453125 0.053125 0.16640625