0 0.34453125 0.615625 0.0734375 0.19296875
1 0.0296875 0.52890625 0.0578125 0.2375
0 0.09921875 0.3109375 0.05 0.17734375
0 0.57734375 0.47265625 0.05703125 0.2109375
0 0.38671875 0.53359375 0.0734375 0.21640625
0 0.43515625 0.57421875 0.065625 0.2046875
0 0.41484375 0.1734375 0.04296875 0.15
1 0.75546875 0.90546875 0.0671875 0.18828125
0 0.5078125 0.76328125 0.06953125 0.24921875
1 0.078125 0.08125 0.03828125 0.140625
0 0.646875 0.69765625 0.06484375 0.23125
0 0.50859375 0.47890625 0.06640625 0.16796875
0 0.05546875 0.90546875 0.06640625 0.1890625
0 0.525 0.621875 0.090625 0.146875
0 0.684375 0.64609375 0.08359375 0.1546875
0 0.5015625 0.56796875 0.053125 0.19140625
0 0.46953125 0.62890625 0.06171875 0.13203125
0 0.0984375 0.92109375 0.07265625 0.1578125
0 0.54375 0.72109375 0.03515625 0.20546875
0 0.46796875 0.58203125 0.03515625 0.18125
0 0.4203125 0.6109375 0.06484375 0.13203125