0 0.8078125 0.6453125 0.04375 0.1375
0 0.565625 0.64609375 0.05390625 0.1578125
0 0.14296875 0.5171875 0.0359375 0.13203125
1 0.25390625 0.7859375 0.0421875 0.1875
0 0.69765625 0.56796875 0.03515625 0.12421875
0 0.73984375 0.63515625 0.0546875 0.1640625
0 0.071875 0.5234375 0.03671875 0.10703125
0 0.50703125 0.653125 0.05 0.153125
0 0.4140625 0.75078125 0.0453125 0.171875
1 0.11015625 0.3828125 0.02890625 0.1015625
0 0.7203125 0.63515625 0.05625 0.15390625
0 0.36484375 0.61640625 0.04921875 0.12265625
0 0.4265625 0.6125 0.05234375 0.08828125
0 0.665625 0.690625 0.071875 0.1078125
0 0.31953125 0.63515625 0.05625 0.1234375
0 0.3453125 0.64765625 0.05078125 0.13125
0 0.3046875 0.59921875 0.0546875 0.1296875
0 0.46171875 0.590625 0.0546875 0.1265625
0 0.471875 0.59609375 0.0515625 0.13515625
0 0.55625 0.58046875 0.05390625 0.11953125
0 0.53046875 0.5765625 0.05390625 0.10546875
0 0.546875 0.55390625 0.04765625 0.090625