1 0.01171875 0.44609375 0.0234375 0.11328125
0 0.14453125 0.5125 0.03359375 0.13125
0 0.80234375 0.42109375 0.025 0.0984375
0 0.07890625 0.58359375 0.03203125 0.15390625
1 0.584375 0.31328125 0.01796875 0.08828125
0 0.54765625 0.45625 0.028125 0.09296875
1 0.340625 0.421875 0.01953125 0.10859375
0 0.75625 0.371875 0.025 0.09453125
0 0.76953125 0.38046875 0.01640625 0.0984375
0 0.828125 0.340625 0.02578125 0.090625
0 0.52890625 0.4453125 0.040625 0.08359375
0 0.59140625 0.45 0.0234375 0.1140625
1 0.921875 0.47578125 0.0375 0.1125
0 0.64453125 0.42890625 0.03984375 0.11015625
0 0.8828125 0.33515625 0.02109375 0.0984375
0 0.61171875 0.45390625 0.04296875 0.08515625
0 0.56015625 0.44296875 0.021875 0.0921875