0 0.4015625 0.79609375 0.08203125 0.203125
0 0.29453125 0.50546875 0.0453125 0.134375
0 0.5328125 0.8046875 0.0640625 0.1703125
0 0.38984375 0.59921875 0.05 0.1296875
0 0.84921875 0.4921875 0.03671875 0.15546875
0 0.44140625 0.42890625 0.04296875 0.12578125
0 0.5984375 0.61484375 0.05625 0.1359375
0 0.6265625 0.48828125 0.04296875 0.12578125
0 0.6734375 0.52578125 0.04453125 0.14296875
1 0.80390625 0.5078125 0.0390625 0.15859375
0 0.68203125 0.38359375 0.04140625 0.1296875
0 0.54765625 0.58359375 0.06953125 0.1296875
1 0.0140625 0.3765625 0.028125 0.128125
0 0.5890625 0.453125 0.04921875 0.09453125
0 0.56484375 0.50546875 0.06015625 0.1
0 0.44765625 0.5703125 0.0484375 0.1375
0 0.61171875 0.38515625 0.03828125 0.1125
1 0.58359375 0.26015625 0.03125 0.103125
1 0.37578125 0.96875 0.05078125 0.0625
0 0.50234375 0.5265625 0.05546875 0.10390625
0 0.4921875 0.43515625 0.0453125 0.10390625
0 0.465625 0.47265625 0.040625 0.12265625
0 0.48359375 0.459375 0.0421875 0.115625
0 0.546875 0.55546875 0.0625 0.103125
0 0.46875 0.5328125 0.04453125 0.11171875