1 0.678125 0.80234375 0.0484375 0.18828125
0 0.7359375 0.7 0.04609375 0.17578125
0 0.521875 0.46796875 0.03046875 0.1234375
0 0.6359375 0.565625 0.03984375 0.14375
0 0.29765625 0.67265625 0.04140625 0.165625
0 0.63671875 0.4890625 0.0375 0.1140625
1 0.590625 0.3015625 0.021875 0.0796875
1 0.0265625 0.35 0.025 0.10390625
0 0.37890625 0.70546875 0.04453125 0.17890625
0 0.0125 0.32578125 0.021875 0.0984375
0 0.5109375 0.63046875 0.03671875 0.1234375
0 0.41796875 0.721875 0.04609375 0.17421875
0 0.296875 0.6140625 0.0359375 0.15546875
0 0.61484375 0.7390625 0.03046875 0.18359375
0 0.59375 0.678125 0.02890625 0.1625
0 0.57421875 0.67265625 0.02265625 0.1734375
0 0.553125 0.73515625 0.04453125 0.19140625
0 0.56796875 0.73515625 0.04296875 0.1796875
0 0.56640625 0.63359375 0.02421875 0.0953125
0 0.53828125 0.63984375 0.03125 0.13203125
0 0.46875 0.76171875 0.04296875 0.19296875
0 0.4609375 0.71640625 0.03671875 0.18125
0 0.49921875 0.734375 0.03125 0.190625
0 0.52734375 0.72734375 0.021875 0.18515625
1 0.5078125 0.63203125 0.02265625 0.08203125