1 0.47890625 0.8125 0.06875 0.28046875
1 0.1953125 0.27734375 0.01875 0.0984375
1 0.7671875 0.2578125 0.01953125 0.0875
1 0.6375 0.4390625 0.02734375 0.14140625
0 0.1171875 0.4765625 0.04375 0.15546875
0 0.15703125 0.4765625 0.028125 0.15
0 0.221875 0.47109375 0.05078125 0.125
0 0.26796875 0.4734375 0.0421875 0.14140625
0 0.246875 0.4140625 0.02890625 0.075
0 0.2328125 0.35859375 0.04609375 0.11640625
0 0.259375 0.3265625 0.02109375 0.10859375
0 0.35078125 0.471875 0.03125 0.1484375
0 0.3515625 0.528125 0.04296875 0.1640625
0 0.3546875 0.64140625 0.08046875 0.21640625
0 0.38828125 0.50703125 0.0515625 0.16640625
0 0.34375 0.5109375 0.02890625 0.15
0 0.5296875 0.56171875 0.08359375 0.17109375
0 0.4765625 0.49765625 0.03203125 0.140625
0 0.45625 0.453125 0.03125 0.1234375
0 0.4203125 0.3578125 0.02421875 0.12109375
0 0.440625 0.32578125 0.01953125 0.1015625
0 0.8546875 0.59375 0.05234375 0.20390625
0 0.9359375 0.4015625 0.03671875 0.13046875