0 0.23828125 0.471875 0.05234375 0.14453125
0 0.4078125 0.43046875 0.0453125 0.14453125
0 0.64140625 0.74765625 0.078125 0.2234375
0 0.775 0.628125 0.0484375 0.15859375
0 0.1109375 0.53671875 0.05390625 0.16796875
1 0.09609375 0.6828125 0.04453125 0.20078125
0 0.4140625 0.73359375 0.05078125 0.203125
0 0.35703125 0.62265625 0.075 0.175
0 0.6390625 0.45234375 0.04921875 0.13203125
0 0.7515625 0.56171875 0.05234375 0.1546875
1 0.64921875 0.93515625 0.0609375 0.1296875
0 0.58125 0.5875 0.06484375 0.1234375
0 0.34609375 0.5609375 0.06015625 0.15546875
0 0.50703125 0.65703125 0.06640625 0.178125
1 0.48125 0.21875 0.0296875 0.103125
0 0.5078125 0.45703125 0.05078125 0.1140625
0 0.50546875 0.53671875 0.06796875 0.1046875
0 0.63203125 0.59296875 0.06171875 0.109375
0 0.640625 0.64296875 0.059375 0.1390625
0 0.61328125 0.53671875 0.05859375 0.09140625
0 0.60859375 0.49453125 0.05703125 0.09375
0 0.5171875 0.5890625 0.0671875 0.12578125
0 0.59765625 0.48359375 0.05390625 0.0890625