0 0.62578125 0.61875 0.046875 0.15703125
0 0.4640625 0.74609375 0.03515625 0.18515625
0 0.7765625 0.56953125 0.025 0.15390625
0 0.31015625 0.61953125 0.03984375 0.1609375
0 0.69921875 0.55703125 0.028125 0.15859375
0 0.52421875 0.43359375 0.01796875 0.12109375
0 0.3890625 0.47890625 0.02265625 0.13125
0 0.76953125 0.46484375 0.02734375 0.10859375
0 0.61875 0.51796875 0.02734375 0.1359375
0 0.79609375 0.48515625 0.02890625 0.12734375
1 0.4515625 0.38515625 0.02578125 0.1125
0 0.4 0.465625 0.025 0.115625
0 0.49453125 0.41640625 0.02578125 0.1171875
0 0.4375 0.4265625 0.0203125 0.1265625
1 0.478125 0.44609375 0.028125 0.11875
0 0.46796875 0.4328125 0.0234375 0.09296875
0 0.49921875 0.440625 0.0234375 0.11875