1 0.378125 0.29375 0.040625 0.15
1 0.68984375 0.57578125 0.0484375 0.15546875
1 0.95625 0.2328125 0.03125 0.12578125
0 0.17109375 0.55546875 0.05859375 0.18125
0 0.35 0.55859375 0.0453125 0.18515625
0 0.40390625 0.675 0.0578125 0.196875
0 0.47578125 0.52734375 0.04921875 0.178125
0 0.50390625 0.5078125 0.03671875 0.16328125
0 0.56328125 0.5984375 0.046875 0.16875
0 0.525 0.5828125 0.04375 0.1703125
0 0.55078125 0.5046875 0.05 0.1671875
0 0.5984375 0.575 0.04609375 0.1796875
0 0.64296875 0.48984375 0.03515625 0.17578125
0 0.70703125 0.47734375 0.03828125 0.16328125
0 0.73125 0.459375 0.040625 0.1765625
0 0.73125 0.52578125 0.04609375 0.17578125
0 0.7609375 0.40546875 0.02578125 0.13828125
0 0.76171875 0.51640625 0.03828125 0.17421875
0 0.76640625 0.53828125 0.03828125 0.16796875
0 0.79453125 0.56640625 0.046875 0.20390625
0 0.85390625 0.575 0.046875 0.18359375
0 0.88828125 0.55078125 0.03046875 0.19296875
0 0.9109375 0.54140625 0.04375 0.19296875