0 0.31640625 0.3453125 0.0546875 0.165625
0 0.165625 0.546875 0.06640625 0.1984375
0 0.26640625 0.22890625 0.05 0.1390625
0 0.5734375 0.3890625 0.05234375 0.171875
0 0.340625 0.51015625 0.0640625 0.2125
0 0.3265625 0.25625 0.0484375 0.14609375
0 0.4515625 0.58046875 0.0625 0.1859375
0 0.5234375 0.2171875 0.0390625 0.12890625
0 0.63828125 0.3171875 0.04375 0.15390625
0 0.1921875 0.1953125 0.04375 0.13203125
0 0.61328125 0.375 0.0484375 0.1609375
0 0.603125 0.6765625 0.06328125 0.228125
0 0.4 0.5671875 0.07265625 0.20703125
0 0.15078125 0.403125 0.0515625 0.15390625
0 0.5046875 0.5828125 0.05546875 0.1765625
0 0.5671875 0.6546875 0.06796875 0.1875
0 0.1203125 0.3328125 0.0578125 0.14609375
0 0.0828125 0.41171875 0.06015625 0.165625
0 0.49375 0.478125 0.05703125 0.1875
1 0.1984375 0.0515625 0.03203125 0.09140625
0 0.06640625 0.315625 0.05 0.134375
0 0.084375 0.359375 0.05390625 0.13359375