0 0.36484375 0.546875 0.03984375 0.153125
0 0.73203125 0.44765625 0.04453125 0.11796875
0 0.4328125 0.3859375 0.04453125 0.10703125
0 0.40234375 0.4265625 0.03984375 0.1109375
1 0.30703125 0.446875 0.03359375 0.1296875
0 0.478125 0.45703125 0.03984375 0.11484375
0 0.5953125 0.46796875 0.04765625 0.09609375
0 0.8703125 0.5484375 0.04609375 0.13828125
0 0.35234375 0.37890625 0.03828125 0.10390625
0 0.6453125 0.48203125 0.04296875 0.11640625
0 0.8984375 0.515625 0.0453125 0.13984375
0 0.5265625 0.4375 0.0484375 0.0953125
0 0.56015625 0.421875 0.046875 0.0953125
0 0.08125 0.4140625 0.0328125 0.11640625
0 0.6078125 0.37890625 0.03984375 0.08515625
0 0.61640625 0.43828125 0.04453125 0.08203125
0 0.65078125 0.45078125 0.0421875 0.09140625
0 0.4671875 0.415625 0.0453125 0.090625
0 0.5828125 0.4078125 0.0390625 0.0859375
0 0.5078125 0.39296875 0.0390625 0.07890625
0 0.52734375 0.396875 0.03984375 0.06953125
1 0.103125 0.26953125 0.02265625 0.08046875
0 0.51640625 0.35859375 0.03671875 0.065625
0 0.54609375 0.41796875 0.02578125 0.07421875