0 0.77578125 0.4609375 0.04765625 0.15859375
0 0.16328125 0.634375 0.07109375 0.18984375
1 0.0203125 0.61796875 0.03984375 0.17109375
0 0.36640625 0.60234375 0.05390625 0.15390625
0 0.32421875 0.5296875 0.0640625 0.17265625
0 0.1953125 0.64375 0.065625 0.21171875
1 0.5140625 0.91875 0.071875 0.1625
0 0.39765625 0.46484375 0.05546875 0.153125
0 0.73828125 0.6609375 0.071875 0.1671875
1 0.4734375 0.18828125 0.028125 0.1046875
0 0.62109375 0.4953125 0.05546875 0.1515625
0 0.55 0.46484375 0.0625 0.171875
0 0.31171875 0.4296875 0.04453125 0.153125
0 0.6828125 0.6 0.0609375 0.17265625
0 0.51171875 0.52578125 0.05859375 0.18046875
0 0.47890625 0.521875 0.0578125 0.15859375
0 0.425 0.603125 0.05703125 0.165625
0 0.7296875 0.60859375 0.0625 0.14140625
0 0.4234375 0.47734375 0.05390625 0.134375
0 0.44609375 0.54921875 0.06171875 0.13984375
0 0.6578125 0.55703125 0.0546875 0.14375
0 0.52890625 0.5140625 0.059375 0.17578125
0 0.41015625 0.59453125 0.0546875 0.15859375