0 0.696875 0.4078125 0.03828125 0.15625
0 0.9296875 0.321875 0.021875 0.13125
0 0.93359375 0.46328125 0.03203125 0.153125
0 0.31328125 0.3375 0.0578125 0.1359375
0 0.85234375 0.43203125 0.0515625 0.15078125
0 0.86953125 0.365625 0.05078125 0.14375
0 0.51953125 0.35625 0.0515625 0.12890625
0 0.403125 0.3703125 0.03984375 0.15078125
0 0.90859375 0.39140625 0.03671875 0.1421875
0 0.396875 0.334375 0.04296875 0.16796875
0 0.446875 0.33359375 0.04296875 0.14296875
0 0.34921875 0.325 0.03828125 0.146875
0 0.49765625 0.3359375 0.04921875 0.14921875
0 0.41796875 0.29453125 0.0234375 0.134375
1 0.6671875 0.39609375 0.03203125 0.14453125
1 0.19453125 0.75 0.065625 0.1890625
0 0.5484375 0.234375 0.0234375 0.1234375
0 0.2453125 0.33515625 0.0515625 0.15703125
0 0.76875 0.39453125 0.0390625 0.1
1 0.7953125 0.1421875 0.03359375 0.08671875
0 0.14921875 0.28125 0.04609375 0.140625