1 0.65625 0.50390625 0.0375 0.12890625
0 0.46640625 0.60703125 0.0390625 0.13125
0 0.14296875 0.4875 0.03984375 0.12265625
1 0.725 0.38046875 0.02578125 0.1015625
0 0.3609375 0.609375 0.0375 0.14453125
0 0.996875 0.47109375 0.00546875 0.1125
0 0.115625 0.484375 0.03984375 0.12890625
1 0.17109375 0.42109375 0.03125 0.11015625
0 0.42265625 0.5 0.03671875 0.1375
0 0.25859375 0.4375 0.02734375 0.1015625
0 0.46484375 0.51171875 0.03203125 0.1171875
0 0.228125 0.46796875 0.0359375 0.11015625
0 0.21484375 0.50546875 0.0453125 0.1140625
0 0.44609375 0.49765625 0.03359375 0.11875
0 0.209375 0.45390625 0.03203125 0.11171875