0 0.12109375 0.33125 0.08046875 0.25
1 0.1234375 0.50859375 0.0796875 0.321875
0 0.66796875 0.46875 0.0609375 0.3109375
1 0.84140625 0.91328125 0.0765625 0.1734375
0 0.73671875 0.578125 0.07734375 0.3515625
0 0.45625 0.0609375 0.04765625 0.121875
0 0.18125 0.91484375 0.071875 0.1703125
0 0.3703125 0.90234375 0.09375 0.1953125
0 0.30546875 0.88125 0.08828125 0.2328125
0 0.53203125 0.83046875 0.0890625 0.3359375
0 0.6109375 0.48203125 0.07578125 0.21796875
0 0.60859375 0.6875 0.06484375 0.328125
0 0.58828125 0.53671875 0.07109375 0.1296875
0 0.54375 0.62734375 0.059375 0.07578125
0 0.4125 0.565625 0.06953125 0.31328125
0 0.45546875 0.62578125 0.09140625 0.32578125
0 0.453125 0.67109375 0.09140625 0.1359375
0 0.49765625 0.6765625 0.05234375 0.14140625
0 0.578125 0.62578125 0.0421875 0.07421875
0 0.60390625 0.7078125 0.15390625 0.0796875