0 0.1140625 0.51484375 0.046875 0.14140625
0 0.6359375 0.5171875 0.0578125 0.11171875
0 0.33671875 0.5328125 0.05625 0.13984375
0 0.30625 0.4703125 0.04453125 0.1171875
0 0.6734375 0.4875 0.05 0.10546875
0 0.6546875 0.371875 0.05390625 0.10390625
1 0.14375 0.44765625 0.034375 0.153125
0 0.39921875 0.33671875 0.04453125 0.1125
0 0.31328125 0.37890625 0.03671875 0.11015625
0 0.3515625 0.43203125 0.046875 0.115625
1 0.621875 0.31015625 0.0390625 0.12890625
0 0.40625 0.528125 0.0546875 0.08984375
0 0.41953125 0.49609375 0.0484375 0.07109375
0 0.446875 0.4609375 0.04921875 0.06171875
0 0.46171875 0.4453125 0.0421875 0.07578125
0 0.48828125 0.4015625 0.053125 0.096875
0 0.5578125 0.4296875 0.0515625 0.09453125
0 0.46015625 0.55859375 0.05078125 0.10859375
0 0.4796875 0.52734375 0.0515625 0.1
0 0.49375 0.5203125 0.05234375 0.0796875
0 0.49921875 0.48203125 0.0625 0.06171875
0 0.5171875 0.4390625 0.03359375 0.1015625