0 0.55625 0.66953125 0.0625 0.1515625
0 0.25546875 0.6171875 0.0609375 0.15859375
0 0.65859375 0.61015625 0.0515625 0.14453125
1 0.8625 0.590625 0.03359375 0.1671875
0 0.97890625 0.65 0.04140625 0.16640625
0 0.22265625 0.5765625 0.05 0.17578125
0 0.625 0.5640625 0.04296875 0.14296875
0 0.521875 0.49453125 0.0421875 0.12265625
0 0.884375 0.4546875 0.03671875 0.1359375
0 0.3265625 0.54609375 0.03984375 0.12734375
0 0.4453125 0.40078125 0.034375 0.115625
0 0.49921875 0.33515625 0.034375 0.09453125
0 0.2125 0.4234375 0.03671875 0.115625
1 0.77734375 0.91015625 0.0546875 0.1796875
0 0.51796875 0.6109375 0.053125 0.1203125
0 0.46953125 0.55859375 0.05234375 0.13046875
1 0.9359375 0.23359375 0.0234375 0.09296875
0 0.2046875 0.35390625 0.04609375 0.10078125
0 0.4421875 0.51484375 0.04453125 0.09921875
1 0.17578125 0.28046875 0.0296875 0.0953125
0 0.37734375 0.56875 0.03046875 0.1375
0 0.3984375 0.53359375 0.03671875 0.140625
0 0.43203125 0.54921875 0.0390625 0.08515625
0 0.42109375 0.59765625 0.05859375 0.13671875
0 0.43203125 0.640625 0.05234375 0.140625
0 0.46171875 0.665625 0.04140625 0.140625