0 0.959375 0.4328125 0.0453125 0.1546875
0 0.9296875 0.29296875 0.0328125 0.13359375
0 0.84140625 0.41484375 0.05390625 0.1578125
1 0.18125 0.76875 0.05859375 0.225
0 0.696875 0.3875 0.0421875 0.16171875
0 0.8640625 0.37734375 0.028125 0.1203125
0 0.51171875 0.3296875 0.0515625 0.140625
0 0.3375 0.29921875 0.0359375 0.14296875
0 0.38515625 0.24765625 0.02578125 0.08984375
0 0.4703125 0.31015625 0.0484375 0.15625
1 0.6171875 0.37109375 0.0375 0.159375
0 0.37109375 0.353125 0.02890625 0.14921875
0 0.88671875 0.3296875 0.03359375 0.134375
0 0.1765625 0.30390625 0.0515625 0.15234375
0 0.090625 0.259375 0.04296875 0.14140625
0 0.28046875 0.31796875 0.04375 0.14765625
0 0.7171875 0.35546875 0.0375 0.10859375
0 0.2796875 0.25859375 0.02734375 0.07265625
0 0.49296875 0.2078125 0.040625 0.12734375
0 0.36171875 0.3296875 0.0375 0.1421875
1 0.7671875 0.10234375 0.03203125 0.08984375