1 0.846875 0.94375 0.03203125 0.11015625
0 0.4953125 0.80703125 0.02734375 0.06953125
0 0.86796875 0.76640625 0.0265625 0.06015625
0 0.12578125 0.8109375 0.02265625 0.06953125
1 0.946875 0.70390625 0.01796875 0.06328125
0 0.8859375 0.80546875 0.028125 0.06953125
0 0.54453125 0.75859375 0.02265625 0.0625
0 0.553125 0.6734375 0.0234375 0.0546875
0 0.90859375 0.85859375 0.03203125 0.08203125
0 0.56015625 0.7078125 0.02109375 0.05625
0 0.18828125 0.65625 0.01484375 0.0546875
0 0.82421875 0.6984375 0.02265625 0.0546875
0 0.35546875 0.640625 0.01484375 0.04296875
1 0.6953125 0.63359375 0.01484375 0.05078125
0 0.84765625 0.734375 0.02265625 0.05859375
0 0.78203125 0.65 0.0171875 0.03984375
1 0.04375 0.73515625 0.01796875 0.0671875
0 0.8015625 0.66484375 0.01875 0.05625
0 0.565625 0.6421875 0.01875 0.0484375
0 0.8390625 0.7109375 0.0203125 0.04765625
0 0.81328125 0.671875 0.01953125 0.0515625
0 0.809375 0.6828125 0.01953125 0.05390625
0 0.8421875 0.7171875 0.01953125 0.0515625
0 0.8046875 0.67265625 0.01953125 0.05703125
0 0.5609375 0.65078125 0.01953125 0.0453125
0 0.5828125 0.621875 0.015625 0.04140625
0 0.8140625 0.6890625 0.01953125 0.0515625