0 0.95859375 0.39375 0.07890625 0.28984375
0 0.45 0.090625 0.05546875 0.18046875
1 0.1359375 0.31796875 0.05546875 0.2421875
0 0.71796875 0.35859375 0.0546875 0.27578125
0 0.13359375 0.55 0.06171875 0.2921875
1 0.9796875 0.02890625 0.0375 0.0578125
0 0.06875 0.7234375 0.07578125 0.3171875
0 0.821875 0.64140625 0.07734375 0.28046875
0 0.80234375 0.87109375 0.0703125 0.2578125
0 0.7390625 0.571875 0.0609375 0.3109375
0 0.63828125 0.61796875 0.084375 0.3296875
0 0.5984375 0.5265625 0.05546875 0.3203125
0 0.553125 0.5609375 0.06796875 0.34375
0 0.496875 0.63359375 0.05546875 0.33671875
0 0.3234375 0.49296875 0.05703125 0.30703125
0 0.35078125 0.45078125 0.04765625 0.12734375
0 0.32421875 0.5890625 0.0625 0.3234375
0 0.44375 0.45078125 0.05859375 0.103125
0 0.44375 0.65546875 0.053125 0.3453125
0 0.4015625 0.7546875 0.08828125 0.415625
0 0.365625 0.6125 0.084375 0.31484375
0 0.42421875 0.5046875 0.025 0.02421875
1 0.5390625 0.5890625 0.04296875 0.3234375