0 0.01953125 0.59375 0.0390625 0.1875
0 0.01875 0.409375 0.0375 0.16953125
0 0.1609375 0.34921875 0.03984375 0.1375
0 0.52890625 0.3046875 0.034375 0.13125
0 0.625 0.31015625 0.03125 0.13515625
0 0.13515625 0.596875 0.04453125 0.16328125
0 0.57890625 0.3796875 0.0296875 0.1390625
0 0.67421875 0.27109375 0.02890625 0.12265625
1 0.2515625 0.34765625 0.03125 0.13515625
0 0.08515625 0.234375 0.025 0.1
0 0.48515625 0.37578125 0.03125 0.15546875
0 0.77890625 0.25625 0.021875 0.13125
0 0.8 0.265625 0.0234375 0.11953125
1 0.90390625 0.659375 0.05078125 0.1984375
0 0.73046875 0.2515625 0.02734375 0.125
0 0.61875 0.68125 0.0703125 0.1421875
1 0.7546875 0.1625 0.0328125 0.115625
0 0.715625 0.215625 0.0265625 0.12421875
0 0.49375 0.3015625 0.0265625 0.13515625
0 0.77890625 0.26796875 0.025 0.125
1 0.1546875 0.1 0.01640625 0.078125
0 0.6625 0.72109375 0.0390625 0.08125
0 0.690625 0.74140625 0.05859375 0.08359375