1 0.67890625 0.79375 0.0484375 0.2015625
0 0.5140625 0.4609375 0.04453125 0.13046875
0 0.28125 0.66796875 0.04609375 0.17265625
0 0.76015625 0.69140625 0.0421875 0.18828125
0 0.30234375 0.60859375 0.04140625 0.16328125
0 0.64375 0.55625 0.04140625 0.15234375
1 0.5953125 0.28515625 0.02421875 0.08359375
0 0.6421875 0.4875 0.03828125 0.121875
1 0.0203125 0.340625 0.025 0.10390625
0 0.62734375 0.734375 0.0421875 0.18203125
0 0.38671875 0.70546875 0.0453125 0.18046875
0 0.42109375 0.7140625 0.04140625 0.19140625
0 0.45546875 0.7078125 0.0453125 0.16953125
0 0.4828125 0.76015625 0.04609375 0.19296875
0 0.5 0.7203125 0.034375 0.184375
0 0.5296875 0.7171875 0.0296875 0.18046875
0 0.55859375 0.73828125 0.03203125 0.1875
0 0.58203125 0.728125 0.040625 0.16953125
0 0.6125 0.68203125 0.02734375 0.19453125
0 0.58046875 0.62734375 0.03203125 0.12890625
0 0.559375 0.63046875 0.02109375 0.0640625
0 0.5390625 0.6140625 0.0234375 0.1015625
0 0.53203125 0.5765625 0.0203125 0.04609375
1 0.51171875 0.6265625 0.02734375 0.0921875