0 0.103125 0.59140625 0.0796875 0.33359375
1 0.35703125 0.59609375 0.0671875 0.32265625
0 0.196875 0.53203125 0.06875 0.33125
0 0.4765625 0.06953125 0.04921875 0.13828125
1 0.70703125 0.8625 0.08671875 0.275
0 0.2640625 0.82265625 0.10546875 0.35390625
0 0.4234375 0.840625 0.08671875 0.31796875
0 0.47265625 0.6609375 0.078125 0.33046875
0 0.59453125 0.81796875 0.08203125 0.36328125
0 0.73671875 0.69453125 0.07734375 0.384375
0 0.6875 0.440625 0.06953125 0.14609375
0 0.6875 0.61484375 0.06015625 0.30703125
0 0.65859375 0.68203125 0.06171875 0.3125
0 0.54453125 0.55078125 0.04921875 0.13671875
0 0.409375 0.509375 0.065625 0.17265625
0 0.52109375 0.88046875 0.0703125 0.2390625
0 0.40859375 0.66796875 0.06328125 0.15625
0 0.47890625 0.71171875 0.08046875 0.07578125
0 0.5578125 0.7671875 0.2390625 0.05390625
0 0.53828125 0.65703125 0.0546875 0.153125
0 0.58203125 0.584375 0.05546875 0.21796875