0 0.7359375 0.68671875 0.065625 0.27421875
0 0.6078125 0.71875 0.0515625 0.2703125
0 0.80625 0.65625 0.06015625 0.24921875
0 0.53671875 0.64296875 0.059375 0.27578125
0 0.88046875 0.646875 0.04921875 0.23203125
0 0.41171875 0.64609375 0.06015625 0.2578125
0 0.58984375 0.59375 0.04609375 0.2171875
0 0.44296875 0.596875 0.0640625 0.21640625
1 0.54921875 0.47734375 0.0359375 0.215625
0 0.56484375 0.51015625 0.03828125 0.2421875
0 0.88046875 0.60859375 0.04140625 0.2375
0 0.29765625 0.5953125 0.07421875 0.228125
0 0.909375 0.85625 0.0671875 0.28671875
0 0.10703125 0.57734375 0.0453125 0.25
0 0.2140625 0.51484375 0.06484375 0.23125
0 0.35390625 0.5984375 0.07265625 0.23125
0 0.5890625 0.55 0.04296875 0.22578125
0 0.3234375 0.4875 0.03984375 0.23359375
0 0.45 0.49296875 0.03046875 0.21875