0 0.60625 0.65703125 0.06171875 0.14140625
0 0.83359375 0.653125 0.034375 0.15
0 0.590625 0.50859375 0.0390625 0.11953125
1 0.21796875 0.7578125 0.046875 0.178125
0 0.7625 0.6296875 0.04453125 0.140625
0 0.05625 0.53515625 0.0375 0.11875
0 0.3328125 0.66484375 0.04296875 0.1484375
0 0.09453125 0.52421875 0.04453125 0.1234375
0 0.28984375 0.58828125 0.0359375 0.1
0 0.41484375 0.6 0.0484375 0.12734375
0 0.5328125 0.56640625 0.04375 0.13828125
0 0.7859375 0.6203125 0.03125 0.15703125
0 0.37421875 0.6015625 0.0453125 0.10859375
1 0.08984375 0.3765625 0.021875 0.0921875
0 0.32578125 0.58828125 0.0421875 0.1234375
0 0.56328125 0.5625 0.04765625 0.1234375
0 0.453125 0.58984375 0.0203125 0.1015625
0 0.3453125 0.57109375 0.04296875 0.05390625
0 0.40625 0.609375 0.071875 0.05
0 0.58359375 0.58203125 0.04921875 0.075
0 0.471875 0.59140625 0.034375 0.1671875
0 0.5203125 0.534375 0.0265625 0.0796875