0 0.54609375 0.71796875 0.05390625 0.15859375
0 0.3203125 0.62578125 0.04140625 0.1375
0 0.58828125 0.6546875 0.05390625 0.10390625
0 0.58984375 0.8515625 0.05703125 0.16640625
0 0.85078125 0.83203125 0.08046875 0.175
0 0.6609375 0.71171875 0.059375 0.1109375
0 0.29765625 0.46484375 0.03515625 0.11328125
0 0.440625 0.54765625 0.0453125 0.11875
0 0.746875 0.5953125 0.0453125 0.15234375
0 0.53203125 0.453125 0.03828125 0.1140625
0 0.89765625 0.59765625 0.0328125 0.1328125
0 0.18359375 0.58515625 0.0421875 0.13515625
0 0.628125 0.665625 0.04609375 0.1078125
1 0.1171875 0.64296875 0.0453125 0.1703125
0 0.3609375 0.6984375 0.046875 0.15234375
0 0.46640625 0.6078125 0.053125 0.09296875
0 0.4953125 0.65859375 0.071875 0.11328125
0 0.3765625 0.36796875 0.03515625 0.1
0 0.2828125 0.3703125 0.0265625 0.1
0 0.5453125 0.62109375 0.05 0.08671875
1 0.30390625 0.3125 0.02421875 0.103125
0 0.54296875 0.5625 0.04765625 0.04296875
1 0.79296875 0.92578125 0.0546875 0.1484375
0 0.4890625 0.63203125 0.05625 0.09765625
0 0.54765625 0.58515625 0.04375 0.04296875