0 0.69140625 0.403125 0.0390625 0.159375
0 0.92890625 0.31484375 0.021875 0.134375
0 0.9328125 0.459375 0.0328125 0.15625
0 0.3 0.33125 0.059375 0.1390625
0 0.85 0.428125 0.05234375 0.15390625
0 0.86796875 0.359375 0.0515625 0.146875
0 0.51015625 0.35 0.05234375 0.13203125
0 0.39140625 0.3640625 0.040625 0.15390625
0 0.90703125 0.3859375 0.0375 0.1453125
0 0.38515625 0.328125 0.04375 0.17109375
0 0.4359375 0.32734375 0.04453125 0.14609375
0 0.3359375 0.31796875 0.0390625 0.15078125
0 0.48828125 0.32890625 0.05078125 0.15234375
0 0.40703125 0.28671875 0.02421875 0.1375
1 0.6609375 0.390625 0.03203125 0.1484375
1 0.17890625 0.753125 0.0671875 0.19296875
0 0.53984375 0.22578125 0.02421875 0.12578125
0 0.23046875 0.328125 0.05234375 0.1609375
0 0.76484375 0.3890625 0.03984375 0.10234375
1 0.7921875 0.13125 0.034375 0.08828125
0 0.13203125 0.27421875 0.046875 0.14375