0 0.83671875 0.4484375 0.046875 0.146875
0 0.771875 0.47265625 0.03515625 0.1375
0 0.67578125 0.44375 0.034375 0.14609375
0 0.5421875 0.403125 0.03515625 0.134375
0 0.61484375 0.38671875 0.03125 0.1265625
1 0.7875 0.36171875 0.0359375 0.1125
0 0.47265625 0.37265625 0.0265625 0.13203125
1 0.4609375 0.459375 0.034375 0.140625
0 0.23046875 0.36875 0.0265625 0.10390625
1 0.2234375 0.315625 0.02421875 0.0875
0 0.4484375 0.36875 0.03046875 0.10390625
0 0.77265625 0.43984375 0.034375 0.1125
0 0.2640625 0.41171875 0.03046875 0.1015625
0 0.44375 0.4046875 0.03359375 0.10703125
0 0.2796875 0.3890625 0.025 0.11640625
0 0.2703125 0.33984375 0.02109375 0.05390625
0 0.31015625 0.365625 0.021875 0.1109375
0 0.32421875 0.38359375 0.021875 0.11953125
0 0.33359375 0.34140625 0.0140625 0.05
0 0.34765625 0.38359375 0.025 0.1140625
0 0.37109375 0.4 0.0390625 0.04453125
0 0.4 0.40703125 0.01875 0.05546875
0 0.4140625 0.40546875 0.028125 0.0359375
0 0.384375 0.3546875 0.028125 0.10390625
0 0.4359375 0.40703125 0.0171875 0.053125