1 0.82265625 0.6234375 0.028125 0.11875
0 0.125 0.71796875 0.0484375 0.12734375
0 0.23828125 0.73515625 0.03984375 0.09609375
0 0.64296875 0.70390625 0.0328125 0.11875
0 0.30703125 0.684375 0.0421875 0.096875
0 0.27578125 0.675 0.04609375 0.1125
1 0.66875 0.596875 0.0296875 0.1171875
0 0.334375 0.68203125 0.04140625 0.11015625
0 0.496875 0.65390625 0.0359375 0.12109375
0 0.45 0.728125 0.0390625 0.1015625
0 0.5578125 0.71796875 0.04140625 0.10703125
0 0.41953125 0.7078125 0.040625 0.08984375
0 0.359375 0.640625 0.03671875 0.10390625
0 0.4453125 0.646875 0.03671875 0.096875
0 0.58515625 0.67265625 0.03515625 0.12578125
0 0.38671875 0.7 0.04296875 0.09453125
0 0.39453125 0.67109375 0.0390625 0.0828125
0 0.496875 0.69609375 0.03828125 0.0984375
0 0.534375 0.7046875 0.03828125 0.10390625
0 0.45703125 0.70390625 0.0421875 0.09140625
0 0.54765625 0.75625 0.03515625 0.12109375
0 0.44609375 0.6921875 0.03828125 0.0875
0 0.553125 0.5703125 0.02890625 0.1140625
1 0.59609375 0.68046875 0.03046875 0.11015625
0 0.36171875 0.68203125 0.04140625 0.0984375
0 0.428125 0.709375 0.0375 0.0984375
0 0.51171875 0.69453125 0.0359375 0.10859375