0 0.8015625 0.6296875 0.05390625 0.13203125
0 0.4109375 0.634375 0.04453125 0.11640625
0 0.5140625 0.5328125 0.04296875 0.0875
0 0.3390625 0.53203125 0.0375 0.096875
0 0.325 0.665625 0.04140625 0.15546875
0 0.659375 0.5640625 0.04453125 0.11953125
0 0.8890625 0.70234375 0.0609375 0.14609375
0 0.70625 0.7859375 0.05546875 0.153125
0 0.58125 0.48671875 0.03671875 0.1234375
0 0.41875 0.528125 0.04453125 0.08359375
0 0.0875 0.521875 0.040625 0.1234375
0 0.54609375 0.54609375 0.0390625 0.0859375
0 0.3703125 0.509375 0.04296875 0.08359375
0 0.459375 0.55859375 0.05078125 0.09140625
0 0.34765625 0.44140625 0.0375 0.1
0 0.5453125 0.48203125 0.03515625 0.09453125
1 0.66640625 0.4203125 0.028125 0.0984375
1 0.2375 0.40234375 0.02578125 0.09609375
0 0.1515625 0.446875 0.03359375 0.1109375
0 0.4421875 0.4984375 0.0375 0.071875
0 0.25 0.49609375 0.0375 0.10546875
0 0.234375 0.5671875 0.0421875 0.1125
0 0.475 0.52109375 0.03984375 0.078125
1 0.221875 0.5484375 0.0390625 0.096875
0 0.4640625 0.50546875 0.03671875 0.06953125