0 0.16015625 0.5546875 0.0515625 0.15078125
0 0.38359375 0.4640625 0.0375 0.13984375
0 0.25625 0.43046875 0.028125 0.14375
0 0.678125 0.52265625 0.0296875 0.16171875
0 0.55078125 0.3890625 0.0375 0.13046875
0 0.528125 0.446875 0.0296875 0.1359375
0 0.60078125 0.371875 0.028125 0.1265625
0 0.7484375 0.37890625 0.0296875 0.128125
0 0.08125 0.50546875 0.03359375 0.15859375
0 0.37578125 0.4296875 0.03359375 0.0765625
1 0.92734375 0.25390625 0.0203125 0.0859375
0 0.43671875 0.42578125 0.03203125 0.0859375
0 0.90234375 0.43828125 0.0265625 0.13515625
0 0.47578125 0.37578125 0.03515625 0.04140625
0 0.484375 0.35 0.01796875 0.09609375
0 0.41015625 0.46875 0.03203125 0.08984375
0 0.3828125 0.36171875 0.025 0.09921875
0 0.478125 0.43828125 0.046875 0.0921875
0 0.40859375 0.3875 0.02578125 0.11875
0 0.4890625 0.36953125 0.03046875 0.0921875
0 0.45 0.375 0.04296875 0.02578125
1 0.6203125 0.42421875 0.028125 0.13359375
0 0.60546875 0.4109375 0.02421875 0.134375
0 0.34375 0.4421875 0.0390625 0.08046875