1 0.825 0.62578125 0.02734375 0.115625
0 0.1453125 0.7171875 0.046875 0.1234375
0 0.25546875 0.734375 0.0390625 0.09296875
0 0.65 0.703125 0.03203125 0.115625
0 0.321875 0.684375 0.04140625 0.09453125
0 0.2921875 0.67578125 0.04453125 0.109375
1 0.675 0.6 0.02890625 0.1140625
0 0.34921875 0.6828125 0.040625 0.10703125
0 0.5078125 0.6546875 0.03515625 0.11796875
0 0.4609375 0.72734375 0.03828125 0.0984375
0 0.56640625 0.7171875 0.040625 0.10390625
0 0.43125 0.7078125 0.03984375 0.0875
0 0.3734375 0.6421875 0.0359375 0.1015625
0 0.45703125 0.6484375 0.0359375 0.09453125
0 0.59296875 0.6734375 0.034375 0.121875
0 0.4 0.7 0.0421875 0.09140625
0 0.4078125 0.671875 0.03828125 0.08046875
0 0.50703125 0.696875 0.0375 0.09609375
0 0.54375 0.7046875 0.0375 0.1015625
0 0.46875 0.70390625 0.04140625 0.0890625
0 0.55625 0.7546875 0.034375 0.11796875
0 0.4578125 0.6921875 0.0375 0.084375
0 0.56171875 0.5734375 0.028125 0.1109375
1 0.60390625 0.68125 0.0296875 0.10703125
0 0.37578125 0.6828125 0.040625 0.09609375
0 0.440625 0.709375 0.03671875 0.09609375
0 0.521875 0.69453125 0.03515625 0.10546875