1 0.87890625 0.596875 0.05234375 0.20625
0 0.37734375 0.46953125 0.03046875 0.190625
1 0.34921875 0.278125 0.04375 0.16796875
0 0.67578125 0.465625 0.04140625 0.19296875
1 0.83671875 0.321875 0.03515625 0.14453125
0 0.428125 0.43828125 0.034375 0.18671875
0 0.44296875 0.4890625 0.0453125 0.14453125
0 0.46953125 0.42578125 0.0484375 0.1453125
0 0.6453125 0.45546875 0.0421875 0.19609375
0 0.4703125 0.51171875 0.0453125 0.1625
1 0.5109375 0.4171875 0.0328125 0.146875
0 0.5109375 0.46015625 0.03203125 0.0703125
0 0.5515625 0.45859375 0.0375 0.1875
0 0.48671875 0.4453125 0.0265625 0.18046875
0 0.559375 0.47421875 0.05078125 0.19609375
0 0.61484375 0.4375 0.0234375 0.19609375
0 0.6234375 0.43125 0.028125 0.21484375
0 0.59375 0.44140625 0.02265625 0.20390625
0 0.5828125 0.359375 0.01953125 0.065625
0 0.56640625 0.3640625 0.03203125 0.06875
0 0.52734375 0.51328125 0.03671875 0.0765625
0 0.58359375 0.4453125 0.0296875 0.18515625