1 0.446875 0.8578125 0.05546875 0.18671875
0 0.2453125 0.67421875 0.04453125 0.14140625
0 0.1640625 0.7921875 0.03984375 0.15390625
0 0.05078125 0.66328125 0.03203125 0.13203125
1 0.65546875 0.584375 0.0328125 0.1078125
0 0.103125 0.709375 0.0390625 0.13671875
0 0.52578125 0.725 0.040625 0.15234375
0 0.3125 0.75546875 0.034375 0.1515625
0 0.42109375 0.759375 0.0390625 0.1671875
0 0.1359375 0.6875 0.0359375 0.1390625
0 0.47734375 0.76875 0.0421875 0.14453125
0 0.203125 0.65234375 0.0390625 0.13359375
1 0.84296875 0.6234375 0.02734375 0.109375
0 0.1828125 0.6796875 0.04140625 0.13203125
0 0.09765625 0.62734375 0.0296875 0.11953125
0 0.38046875 0.85234375 0.040625 0.17421875
0 0.1484375 0.65390625 0.03828125 0.14296875
0 0.346875 0.8203125 0.0375 0.17578125
1 0.20625 0.603125 0.0203125 0.1234375
0 0.23515625 0.8703125 0.0359375 0.17109375
0 0.37109375 0.68515625 0.021875 0.121875
1 0.41484375 0.6359375 0.03203125 0.128125
0 0.4671875 0.690625 0.03515625 0.1359375
0 0.07734375 0.65390625 0.03203125 0.12734375
0 0.38984375 0.68828125 0.02890625 0.1375
0 0.01171875 0.671875 0.0234375 0.1375
0 0.40234375 0.640625 0.0421875 0.115625