0 0.209375 0.63828125 0.05 0.12890625
0 0.4109375 0.69609375 0.040625 0.14140625
0 0.8390625 0.575 0.02734375 0.1359375
0 0.3875 0.54296875 0.04453125 0.1
0 0.42578125 0.5328125 0.03671875 0.08515625
1 0.66484375 0.53359375 0.028125 0.121875
0 0.5421875 0.51171875 0.0359375 0.08359375
0 0.5828125 0.5421875 0.0265625 0.121875
0 0.6203125 0.515625 0.03046875 0.103125
0 0.4984375 0.54296875 0.04921875 0.09140625
0 0.9015625 0.478125 0.02734375 0.11953125
0 0.58046875 0.47890625 0.04140625 0.10546875
0 0.6015625 0.41484375 0.03515625 0.07734375
0 0.6515625 0.39140625 0.03359375 0.0875
0 0.7609375 0.43203125 0.025 0.08515625
0 0.3046875 0.484375 0.03984375 0.12578125
0 0.88125 0.409375 0.0171875 0.09765625
0 0.49375 0.4890625 0.03828125 0.06796875
1 0.25625 0.40859375 0.021875 0.1
1 0.75390625 0.36796875 0.02109375 0.084375
0 0.45234375 0.5484375 0.03984375 0.10859375
0 0.4703125 0.51796875 0.0390625 0.07421875
0 0.29921875 0.48125 0.0296875 0.09140625
0 0.45234375 0.53515625 0.040625 0.078125
0 0.60234375 0.43203125 0.03359375 0.08515625