0 0.76171875 0.47578125 0.0296875 0.1375
1 0.98671875 0.46171875 0.0265625 0.1328125
1 0.82734375 0.3359375 0.0265625 0.08046875
0 0.25390625 0.428125 0.0265625 0.1171875
0 0.33671875 0.4546875 0.03046875 0.125
0 0.38203125 0.44765625 0.03125 0.12578125
0 0.34765625 0.42265625 0.0265625 0.11015625
0 0.40625 0.4296875 0.0265625 0.1109375
1 0.4203125 0.4375 0.025 0.10859375
0 0.42578125 0.44375 0.02578125 0.1203125
0 0.48515625 0.4734375 0.03046875 0.13359375
0 0.46953125 0.45390625 0.02421875 0.1296875
0 0.5078125 0.453125 0.0265625 0.1203125
0 0.525 0.4421875 0.02109375 0.128125
0 0.55 0.44921875 0.02890625 0.125
0 0.49921875 0.38984375 0.01640625 0.06171875
0 0.5203125 0.3921875 0.01953125 0.05234375
0 0.5359375 0.43125 0.01875 0.10703125
0 0.565625 0.43359375 0.0265625 0.1046875
0 0.5703125 0.39921875 0.0203125 0.05546875
0 0.5875 0.4609375 0.0328125 0.12890625
0 0.6015625 0.45859375 0.02265625 0.12265625
0 0.60625 0.421875 0.0203125 0.06171875
0 0.5875 0.40625 0.01953125 0.0515625
0 0.5734375 0.3734375 0.0234375 0.05859375
0 0.5015625 0.42578125 0.01796875 0.09921875