0 0.2890625 0.6328125 0.06796875 0.1953125
0 0.09375 0.31796875 0.04296875 0.14296875
1 0.02421875 0.5484375 0.0484375 0.215625
0 0.41171875 0.209375 0.034375 0.13125
0 0.53671875 0.5984375 0.059375 0.16953125
0 0.56015625 0.47265625 0.06015625 0.17109375
1 0.08359375 0.11953125 0.03671875 0.13359375
1 0.7390625 0.90390625 0.07578125 0.1921875
0 0.40078125 0.6203125 0.04140625 0.10078125
0 0.40078125 0.5171875 0.0515625 0.19375
0 0.696875 0.63671875 0.11328125 0.15
0 0.678125 0.721875 0.06875 0.1953125
0 0.46484375 0.5515625 0.03515625 0.06328125
0 0.51484375 0.6640625 0.05546875 0.18359375
0 0.46328125 0.4953125 0.03828125 0.06640625
0 0.03359375 0.8921875 0.0671875 0.215625
0 0.51328125 0.75078125 0.0515625 0.22890625
0 0.4859375 0.58828125 0.04375 0.21328125
0 0.503125 0.4859375 0.03828125 0.11796875
0 0.08515625 0.88828125 0.046875 0.2234375