0 0.415625 0.3515625 0.0359375 0.1296875
0 0.5296875 0.340625 0.03203125 0.1375
0 0.7703125 0.35 0.04296875 0.140625
0 0.0484375 0.421875 0.04921875 0.146875
0 0.98125 0.284375 0.0375 0.14375
0 0.3640625 0.39296875 0.04375 0.15703125
0 0.928125 0.33125 0.03203125 0.16640625
0 0.13515625 0.3015625 0.03203125 0.13203125
0 0.61796875 0.22578125 0.0296875 0.125
0 0.165625 0.35 0.06640625 0.14453125
0 0.5953125 0.325 0.03671875 0.15625
1 0.803125 0.796875 0.04296875 0.20859375
0 0.278125 0.3328125 0.02578125 0.1484375
0 0.6875 0.34921875 0.0453125 0.15078125
0 0.8328125 0.31640625 0.03984375 0.15859375
0 0.7625 0.3078125 0.0265625 0.12265625
0 0.68515625 0.2890625 0.0421875 0.1328125
0 0.23203125 0.3421875 0.03125 0.0859375
1 0.4921875 0.37890625 0.034375 0.14921875
0 0.7203125 0.3328125 0.0328125 0.15234375
0 0.25 0.42265625 0.03203125 0.165625
0 0.26875 0.3671875 0.03046875 0.15546875
0 0.70546875 0.37265625 0.0421875 0.15546875
1 0.32109375 0.125 0.03046875 0.09921875