0 0.8 0.48515625 0.03984375 0.1375
1 0.8828125 0.33125 0.02734375 0.08515625
1 0.421875 0.4390625 0.0234375 0.1171875
0 0.36484375 0.45703125 0.03203125 0.1328125
0 0.475 0.44375 0.02890625 0.12734375
0 0.27265625 0.43125 0.02421875 0.12265625
0 0.37578125 0.41953125 0.0265625 0.11484375
0 0.4328125 0.44609375 0.02734375 0.13125
0 0.4484375 0.42890625 0.02109375 0.11484375
0 0.51640625 0.46484375 0.03046875 0.13828125
0 0.5125 0.4265625 0.0234375 0.07109375
0 0.5390625 0.45390625 0.0265625 0.1265625
0 0.55703125 0.4578125 0.03671875 0.09609375
0 0.5640625 0.43046875 0.0203125 0.11640625
0 0.53046875 0.38515625 0.021875 0.06484375
0 0.54140625 0.39375 0.028125 0.05859375
0 0.578125 0.4453125 0.03125 0.12578125
0 0.60546875 0.44140625 0.02890625 0.1234375
0 0.5921875 0.46171875 0.0296875 0.128125
0 0.6265625 0.4625 0.02890625 0.13359375
0 0.63515625 0.4390625 0.025 0.128125
0 0.61328125 0.4265625 0.0265625 0.12265625
0 0.60625 0.37734375 0.02421875 0.07421875