0 0.07890625 0.5515625 0.08046875 0.328125
0 0.1640625 0.51328125 0.08125 0.3015625
0 0.49609375 0.08671875 0.046875 0.1734375
1 0.025 0.03359375 0.0328125 0.06484375
0 0.00859375 0.26328125 0.01640625 0.20078125
0 0.36640625 0.82109375 0.0703125 0.346875
0 0.7125 0.8375 0.1078125 0.325
0 0.74453125 0.71328125 0.084375 0.3796875
0 0.77890625 0.61953125 0.0578125 0.303125
0 0.68359375 0.42578125 0.06640625 0.1375
0 0.68359375 0.57109375 0.05078125 0.29609375
0 0.63359375 0.5125 0.0484375 0.11796875
0 0.4125 0.5859375 0.04609375 0.2484375
0 0.39609375 0.5484375 0.0640625 0.30859375
0 0.46796875 0.7171875 0.07734375 0.3515625
0 0.4921875 0.446875 0.05 0.09296875
0 0.53203125 0.6328125 0.05546875 0.32421875
0 0.54609375 0.52109375 0.04140625 0.16640625
0 0.48203125 0.578125 0.05 0.171875
0 0.5296875 0.7296875 0.19921875 0.059375
1 0.64375 0.81875 0.065625 0.3625
0 0.64609375 0.63046875 0.065625 0.196875
1 0.4234375 0.56640625 0.078125 0.28046875