0 0.3390625 0.4421875 0.03359375 0.14765625
0 0.1921875 0.3765625 0.021875 0.11953125
1 0.2125 0.32421875 0.025 0.1015625
0 0.59453125 0.403125 0.02890625 0.1375
0 0.42109375 0.36640625 0.028125 0.12734375
1 0.51875 0.36796875 0.028125 0.10859375
1 0.8515625 0.8046875 0.06015625 0.28046875
0 0.3828125 0.33984375 0.0171875 0.1140625
1 0.7265625 0.29296875 0.0203125 0.08671875
0 0.46484375 0.33515625 0.02109375 0.1109375
0 0.67890625 0.33515625 0.021875 0.10390625
0 0.6921875 0.34140625 0.0390625 0.0765625
0 0.3546875 0.37890625 0.02109375 0.12265625
0 0.29375 0.3359375 0.01953125 0.1078125
0 0.503125 0.3390625 0.028125 0.10703125
0 0.31015625 0.3375 0.021875 0.10546875
0 0.40625 0.328125 0.02734375 0.1078125
0 0.55546875 0.3328125 0.02265625 0.10234375
0 0.58984375 0.3765625 0.021875 0.121875
0 0.628125 0.33125 0.015625 0.10546875
0 0.59921875 0.33125 0.01953125 0.0734375
0 0.36953125 0.34609375 0.01640625 0.11875
0 0.63671875 0.32890625 0.02109375 0.11015625