0 0.28984375 0.459375 0.0359375 0.13203125
0 0.83671875 0.4390625 0.053125 0.10859375
0 0.403125 0.41171875 0.028125 0.109375
0 0.87890625 0.43515625 0.03515625 0.1125
0 0.4546875 0.43515625 0.0296875 0.1140625
0 0.4421875 0.38203125 0.03125 0.0875
0 0.80703125 0.39296875 0.0328125 0.08984375
0 0.60390625 0.41484375 0.0390625 0.10625
1 0.0078125 0.36640625 0.015625 0.09453125
0 0.5421875 0.4453125 0.04375 0.1125
0 0.6984375 0.43828125 0.040625 0.1234375
0 0.37890625 0.38359375 0.0359375 0.084375
0 0.7578125 0.43671875 0.03671875 0.11328125
1 0.2828125 0.30234375 0.015625 0.065625
0 0.646875 0.38125 0.0296875 0.09296875
0 0.5640625 0.41328125 0.021875 0.09140625
0 0.5625 0.4453125 0.0328125 0.11484375
0 0.6734375 0.409375 0.03203125 0.0859375
0 0.67265625 0.43125 0.02734375 0.1015625
0 0.64140625 0.46484375 0.059375 0.11015625
0 0.61484375 0.44453125 0.0359375 0.10625
0 0.63203125 0.39375 0.0390625 0.08671875
0 0.68046875 0.40703125 0.0265625 0.096875
0 0.7890625 0.40859375 0.04375 0.05234375