0 0.603125 0.62890625 0.040625 0.15859375
0 0.9859375 0.7390625 0.028125 0.178125
0 0.47109375 0.51171875 0.028125 0.125
0 0.69453125 0.571875 0.0265625 0.14921875
0 0.375 0.6046875 0.04453125 0.0828125
0 0.54609375 0.59921875 0.0359375 0.16328125
0 0.4015625 0.55078125 0.03203125 0.09296875
0 0.43515625 0.6234375 0.02734375 0.15703125
0 0.1984375 0.58125 0.03359375 0.1484375
0 0.26875 0.53984375 0.0359375 0.140625
0 0.4890625 0.58984375 0.040625 0.13671875
0 0.615625 0.56171875 0.0296875 0.12734375
0 0.22109375 0.51796875 0.040625 0.1171875
0 0.459375 0.6484375 0.03125 0.1625
0 0.36015625 0.5140625 0.03359375 0.13203125
0 0.32578125 0.590625 0.0546875 0.078125
0 0.2046875 0.3953125 0.0265625 0.11328125
0 0.64296875 0.803125 0.06328125 0.19453125
1 0.57578125 0.48046875 0.02578125 0.12890625
0 0.2375 0.6171875 0.02734375 0.159375
1 0.8859375 0.8359375 0.034375 0.18203125
0 0.40859375 0.62578125 0.0484375 0.09296875
0 0.33359375 0.47578125 0.03125 0.12421875
1 0.03671875 0.70078125 0.0328125 0.1625
1 0.24453125 0.27578125 0.03046875 0.09296875
0 0.31640625 0.590625 0.02890625 0.15