1 0.728125 0.63671875 0.03984375 0.21484375
1 0.8125 0.26875 0.01953125 0.08359375
1 0.3296875 0.2890625 0.01953125 0.09375
1 0.08046875 0.51171875 0.03828125 0.1859375
1 0.565625 0.43984375 0.02734375 0.1375
0 0.59453125 0.45234375 0.03203125 0.153125
0 0.6 0.41328125 0.0203125 0.13984375
0 0.575 0.38359375 0.0234375 0.1328125
0 0.4609375 0.359375 0.02265625 0.11015625
0 0.52421875 0.440625 0.01953125 0.14375
0 0.5046875 0.43671875 0.01796875 0.14375
0 0.490625 0.4375 0.028125 0.15
0 0.4859375 0.48359375 0.028125 0.15390625
0 0.453125 0.49609375 0.03203125 0.16953125
0 0.42734375 0.48203125 0.0359375 0.1625
0 0.4 0.478125 0.03515625 0.07734375
0 0.39765625 0.4203125 0.0265625 0.15625
0 0.34765625 0.46640625 0.03671875 0.1578125
0 0.31171875 0.47421875 0.04375 0.1203125
0 0.28046875 0.4484375 0.02421875 0.1640625
0 0.3203125 0.4328125 0.0359375 0.1234375
0 0.6453125 0.53359375 0.04765625 0.19609375
0 0.490625 0.396875 0.01875 0.1
0 0.4578125 0.440625 0.0234375 0.13125