0 0.48515625 0.75859375 0.02265625 0.06875
0 0.634375 0.70390625 0.021875 0.06484375
0 0.578125 0.74921875 0.02109375 0.06875
0 0.31796875 0.69765625 0.01953125 0.05859375
0 0.2921875 0.64375 0.01640625 0.04765625
0 0.7578125 0.67734375 0.01796875 0.0546875
0 0.1875 0.70703125 0.01875 0.05390625
1 0.2015625 0.634375 0.0171875 0.05859375
0 0.54140625 0.7125 0.025 0.06484375
0 0.41484375 0.6328125 0.0171875 0.04921875
0 0.70703125 0.71875 0.01953125 0.0625
0 0.51328125 0.6453125 0.0171875 0.05078125
0 0.4796875 0.709375 0.01953125 0.06328125
1 0.9515625 0.63671875 0.01875 0.04765625
0 0.68046875 0.6453125 0.021875 0.04765625
1 0.39609375 0.590625 0.01484375 0.04453125
0 0.346875 0.7234375 0.01875 0.0609375
0 0.71015625 0.653125 0.01953125 0.05
0 0.67421875 0.6890625 0.01953125 0.05234375
0 0.66640625 0.67421875 0.0203125 0.05234375
0 0.703125 0.68046875 0.01875 0.05546875
0 0.57421875 0.675 0.0203125 0.05546875
0 0.35 0.71484375 0.01875 0.05234375
0 0.71484375 0.69140625 0.01953125 0.059375
0 0.6953125 0.6359375 0.01875 0.046875
0 0.57890625 0.68828125 0.01953125 0.05859375
0 0.57890625 0.6765625 0.0203125 0.059375