0 0.7390625 0.60859375 0.04765625 0.15859375
0 0.19921875 0.5734375 0.03828125 0.1546875
0 0.83828125 0.7625 0.04375 0.17421875
0 0.6828125 0.596875 0.0375 0.14453125
1 0.90703125 0.9109375 0.0515625 0.17734375
0 0.60390625 0.56640625 0.0359375 0.14140625
1 0.096875 0.4203125 0.02734375 0.09765625
0 0.23046875 0.48515625 0.0359375 0.11796875
1 0.9328125 0.51484375 0.0375 0.17265625
0 0.440625 0.55703125 0.040625 0.14453125
0 0.4921875 0.57109375 0.0375 0.1421875
0 0.4734375 0.62109375 0.0390625 0.1515625
0 0.2515625 0.58828125 0.03671875 0.13671875
1 0.3859375 0.590625 0.034375 0.140625
0 0.409375 0.57421875 0.03515625 0.146875
0 0.28828125 0.5890625 0.0359375 0.13125
0 0.3484375 0.6015625 0.0359375 0.13125
0 0.4921875 0.59140625 0.02421875 0.1484375
0 0.40625 0.5609375 0.02578125 0.140625
0 0.31015625 0.6125 0.0296875 0.1453125
0 0.328125 0.59453125 0.03046875 0.14296875
0 0.33203125 0.5546875 0.03046875 0.12109375
0 0.34140625 0.640625 0.04140625 0.0453125