0 0.20703125 0.62734375 0.04296875 0.13515625
0 0.44453125 0.628125 0.05234375 0.1546875
0 0.8578125 0.5015625 0.03515625 0.12890625
1 0.74921875 0.76484375 0.04140625 0.18359375
0 0.31484375 0.5515625 0.034375 0.12109375
0 0.27421875 0.6171875 0.053125 0.1609375
0 0.92734375 0.50859375 0.0359375 0.10546875
0 0.5015625 0.63515625 0.04921875 0.15
0 0.5921875 0.73046875 0.04453125 0.16875
1 0.88984375 0.3703125 0.028125 0.09921875
0 0.29296875 0.6171875 0.0546875 0.15078125
0 0.640625 0.59921875 0.0484375 0.11953125
0 0.58046875 0.5953125 0.0515625 0.0859375
0 0.34609375 0.671875 0.0703125 0.10546875
0 0.684375 0.6171875 0.0546875 0.12109375
0 0.659375 0.6296875 0.05 0.128125
0 0.69921875 0.58203125 0.05390625 0.12734375
0 0.54609375 0.57421875 0.05390625 0.1234375
0 0.5359375 0.57890625 0.05078125 0.13203125
0 0.45390625 0.5640625 0.05234375 0.1171875
0 0.47890625 0.56015625 0.05234375 0.103125
0 0.46328125 0.53828125 0.046875 0.0890625