0 0.6046875 0.67734375 0.05 0.17109375
0 0.47734375 0.71484375 0.0515625 0.1484375
0 0.128125 0.56484375 0.04296875 0.1375
0 0.5859375 0.553125 0.03671875 0.1359375
0 0.41015625 0.571875 0.0515625 0.1265625
0 0.57265625 0.45234375 0.0453125 0.12890625
0 0.6796875 0.5328125 0.0421875 0.14609375
0 0.5171875 0.5375 0.046875 0.14453125
1 0.3125 0.5328125 0.03671875 0.14609375
0 0.46171875 0.54375 0.05625 0.14296875
0 0.70546875 0.471875 0.0421875 0.14140625
0 0.2859375 0.48515625 0.0375 0.1234375
1 0.78046875 0.39296875 0.0328125 0.11953125
1 0.215625 0.34296875 0.03203125 0.10859375
0 0.24765625 0.40546875 0.0359375 0.10546875
0 0.4078125 0.48125 0.02421875 0.12109375
0 0.29453125 0.4265625 0.0375 0.10546875
0 0.27265625 0.39921875 0.0359375 0.0984375
0 0.353125 0.36875 0.0296875 0.0875
0 0.4421875 0.496875 0.04765625 0.1234375
0 0.43125 0.4875 0.04296875 0.11953125
0 0.5 0.5296875 0.03671875 0.140625
0 0.4984375 0.53515625 0.04296875 0.13203125
0 0.59375 0.52890625 0.034375 0.1109375
0 0.1390625 0.4015625 0.0515625 0.11953125