0 0.915625 0.61953125 0.06484375 0.19375
0 0.59921875 0.55859375 0.04609375 0.18515625
0 0.0328125 0.31328125 0.03359375 0.12578125
0 0.2234375 0.371875 0.03984375 0.146875
0 0.42734375 0.54453125 0.04296875 0.16171875
0 0.8765625 0.46953125 0.04375 0.15625
0 0.3078125 0.4015625 0.04921875 0.1515625
0 0.2015625 0.4609375 0.04296875 0.171875
0 0.14921875 0.4796875 0.04375 0.1515625
0 0.52265625 0.5125 0.04375 0.17109375
0 0.290625 0.31328125 0.03671875 0.11953125
0 0.19375 0.36171875 0.03828125 0.134375
0 0.18671875 0.69921875 0.04609375 0.190625
0 0.6109375 0.478125 0.04140625 0.16171875
1 0.55 0.36875 0.03671875 0.13671875
0 0.30859375 0.328125 0.0390625 0.128125
0 0.1515625 0.39609375 0.040625 0.128125
0 0.1609375 0.43359375 0.04140625 0.1484375
0 0.5234375 0.478125 0.0390625 0.15078125
0 0.43984375 0.40859375 0.03671875 0.121875
1 0.44375 0.428125 0.03828125 0.134375
0 0.45546875 0.51953125 0.04375 0.13046875
1 0.29453125 0.771875 0.04296875 0.1546875
0 0.46328125 0.53828125 0.04765625 0.13828125