0 0.7984375 0.4890625 0.03203125 0.1359375
1 0.8765625 0.34765625 0.02421875 0.07734375
1 0.43515625 0.446875 0.02421875 0.11015625
0 0.2890625 0.44375 0.02421875 0.1171875
0 0.3859375 0.4640625 0.0296875 0.121875
0 0.39609375 0.428125 0.025 0.109375
0 0.56796875 0.475 0.02890625 0.07734375
0 0.5453125 0.4671875 0.0265625 0.1078125
0 0.51796875 0.46328125 0.03125 0.11484375
0 0.51875 0.46875 0.03203125 0.12421875
0 0.590625 0.47265625 0.034375 0.11171875
0 0.58984375 0.45078125 0.021875 0.12109375
0 0.6328125 0.46171875 0.034375 0.1125
0 0.64296875 0.44921875 0.02734375 0.10859375
0 0.665625 0.45546875 0.02265625 0.12421875
0 0.4515625 0.45234375 0.021875 0.121875
0 0.4640625 0.43828125 0.02421875 0.109375
0 0.49453125 0.45546875 0.0265625 0.121875
0 0.55234375 0.4375 0.02890625 0.1125
0 0.55390625 0.39609375 0.01875 0.0609375
0 0.61640625 0.44296875 0.0328125 0.13125
0 0.60234375 0.396875 0.021875 0.08359375