0 0.390625 0.81796875 0.08203125 0.2046875
0 0.52421875 0.8265625 0.065625 0.17265625
0 0.28203125 0.52421875 0.04453125 0.13515625
0 0.37890625 0.61796875 0.05078125 0.13203125
0 0.43125 0.4453125 0.04375 0.12734375
0 0.590625 0.634375 0.05625 0.1375
0 0.846875 0.51015625 0.0359375 0.15390625
0 0.66796875 0.54140625 0.04296875 0.14375
0 0.540625 0.60546875 0.07109375 0.12734375
1 0.8 0.5265625 0.03828125 0.1609375
0 0.67421875 0.40078125 0.04296875 0.13203125
1 0.00546875 0.39296875 0.0109375 0.13046875
0 0.62109375 0.5046875 0.04375 0.125
0 0.4375 0.58828125 0.05 0.1390625
0 0.58125 0.4671875 0.04921875 0.096875
0 0.55546875 0.52265625 0.05703125 0.09453125
1 0.57578125 0.2734375 0.03125 0.103125
0 0.6046875 0.40078125 0.0375 0.11484375
1 0.3640625 0.9796875 0.053125 0.040625
0 0.49296875 0.54375 0.05546875 0.1046875
0 0.4828125 0.44921875 0.04453125 0.1015625
0 0.5359375 0.56953125 0.05859375 0.0984375
0 0.47421875 0.4796875 0.04375 0.11875
0 0.45546875 0.48515625 0.040625 0.121875
0 0.459375 0.54765625 0.04453125 0.10703125