0 0.28515625 0.66875 0.05625 0.18984375
0 0.37421875 0.5046875 0.05 0.17734375
1 0.98984375 0.48359375 0.0203125 0.1453125
0 0.6671875 0.55703125 0.04921875 0.1453125
0 0.34375 0.47578125 0.04609375 0.17890625
0 0.26796875 0.50859375 0.0421875 0.1640625
0 0.02421875 0.43125 0.040625 0.13671875
0 0.83515625 0.5421875 0.0453125 0.17109375
0 0.2359375 0.35703125 0.03671875 0.1328125
1 0.00625 0.46796875 0.0125 0.13984375
0 0.21796875 0.4453125 0.0484375 0.12109375
0 0.01875 0.55390625 0.0375 0.1671875
0 0.20859375 0.51640625 0.03984375 0.1515625
0 0.14296875 0.58828125 0.0359375 0.1703125
0 0.1484375 0.6296875 0.07890625 0.06953125
0 0.08515625 0.55546875 0.03515625 0.16015625
0 0.084375 0.51875 0.03203125 0.15859375
0 0.109375 0.49921875 0.0234375 0.16015625
0 0.0984375 0.43671875 0.01953125 0.08046875
0 0.084375 0.3953125 0.03046875 0.12265625
0 0.14765625 0.521875 0.04140625 0.1703125