0 0.4609375 0.4390625 0.05703125 0.16640625
0 0.6 0.33046875 0.05859375 0.16640625
0 0.93515625 0.3578125 0.0578125 0.165625
0 0.8375 0.3265625 0.046875 0.13359375
0 0.0390625 0.525 0.078125 0.18359375
0 0.92421875 0.14921875 0.0515625 0.10703125
0 0.875 0.20546875 0.02890625 0.15546875
0 0.0875 0.215625 0.046875 0.1359375
0 0.84609375 0.20234375 0.04375 0.12890625
1 0.734375 0.78046875 0.053125 0.1359375
0 0.3984375 0.3859375 0.05703125 0.1390625
0 0.059375 0.215625 0.03203125 0.1390625
1 0.203125 0.4296875 0.04140625 0.1515625
0 0.359375 0.4421875 0.0515625 0.1125
0 0.359375 0.303125 0.02578125 0.128125
0 0.39375 0.30078125 0.03671875 0.09296875
0 0.378125 0.325 0.03203125 0.096875
0 0.178125 0.27109375 0.071875 0.13359375