0 0.78671875 0.45546875 0.03125 0.14375
1 0.8546875 0.31015625 0.02734375 0.084375
0 0.25625 0.40625 0.02734375 0.12265625
0 0.34296875 0.43359375 0.03203125 0.13046875
0 0.38984375 0.4265625 0.0328125 0.13125
0 0.35390625 0.40078125 0.02734375 0.11484375
0 0.41484375 0.4078125 0.028125 0.11640625
1 0.4296875 0.41640625 0.02578125 0.11328125
0 0.43515625 0.421875 0.0265625 0.125
0 0.49765625 0.45390625 0.03125 0.13984375
0 0.48125 0.43359375 0.025 0.13515625
0 0.52109375 0.43203125 0.028125 0.125
0 0.5390625 0.42109375 0.02265625 0.13359375
0 0.56484375 0.428125 0.03046875 0.13046875
0 0.5125 0.36640625 0.0171875 0.0640625
0 0.534375 0.36875 0.0203125 0.0546875
0 0.55078125 0.409375 0.01953125 0.11171875
0 0.58125 0.41171875 0.02734375 0.10859375
0 0.58671875 0.3765625 0.02109375 0.0578125
0 0.60390625 0.43984375 0.034375 0.134375
0 0.61875 0.43828125 0.0234375 0.128125
0 0.62421875 0.4 0.02109375 0.0640625
0 0.6046875 0.38359375 0.0203125 0.05390625
0 0.58984375 0.34921875 0.025 0.0609375
0 0.51484375 0.403125 0.01875 0.10390625