1 0.71796875 0.28984375 0.03828125 0.1421875
1 0.1734375 0.23046875 0.0296875 0.11875
1 0.02109375 0.86484375 0.04140625 0.2515625
0 0.85234375 0.53671875 0.0515625 0.18203125
0 0.80078125 0.55234375 0.0484375 0.1734375
0 0.7421875 0.62890625 0.0390625 0.175
0 0.68125 0.55 0.03828125 0.16484375
0 0.66875 0.5015625 0.040625 0.15703125
0 0.63046875 0.5234375 0.05859375 0.1734375
0 0.61875 0.49765625 0.03671875 0.16875
0 0.571875 0.56015625 0.05390625 0.165625
0 0.47578125 0.57421875 0.04140625 0.17578125
0 0.47734375 0.48671875 0.0328125 0.121875
0 0.48046875 0.44609375 0.0375 0.121875
1 0.42265625 0.53515625 0.040625 0.14609375
0 0.33046875 0.52578125 0.0328125 0.171875
0 0.34765625 0.5078125 0.025 0.178125
0 0.36796875 0.4859375 0.02890625 0.17109375
0 0.4 0.48359375 0.03359375 0.1671875
0 0.3828125 0.42265625 0.03359375 0.15078125
0 0.4 0.38359375 0.0296875 0.134375
0 0.20078125 0.5421875 0.04453125 0.16640625
0 0.23125 0.515625 0.0328125 0.15703125
0 0.19765625 0.50078125 0.04296875 0.16640625
0 0.18046875 0.46796875 0.05625 0.17421875
0 0.02109375 0.44921875 0.0328125 0.159375