0 0.29375 0.521875 0.0421875 0.115625
0 0.5203125 0.61796875 0.05234375 0.125
0 0.4609375 0.634375 0.04765625 0.121875
0 0.2546875 0.57109375 0.0421875 0.11953125
0 0.065625 0.5421875 0.0453125 0.11796875
0 0.5546875 0.51875 0.0359375 0.115625
0 0.13046875 0.5125 0.0421875 0.11953125
0 0.4828125 0.51484375 0.04609375 0.115625
0 0.34765625 0.5640625 0.04375 0.11640625
0 0.4015625 0.51796875 0.04453125 0.128125
0 0.43515625 0.565625 0.0421875 0.128125
0 0.415625 0.4515625 0.04296875 0.10546875
0 0.1046875 0.51171875 0.040625 0.11796875
0 0.465625 0.55078125 0.04375 0.1265625
0 0.340625 0.49765625 0.04140625 0.10390625
0 0.3546875 0.53046875 0.04140625 0.103125
0 0.434375 0.53671875 0.0390625 0.10703125
1 0.55859375 0.4 0.028125 0.1