0 0.1625 0.65 0.04609375 0.14609375
0 0.42734375 0.6234375 0.05625 0.09609375
0 0.76875 0.70078125 0.04765625 0.1609375
0 0.11171875 0.6265625 0.0484375 0.13359375
1 0.29375 0.76875 0.04296875 0.18828125
0 0.3078125 0.46328125 0.04609375 0.13359375
0 0.6921875 0.71328125 0.05078125 0.13359375
0 0.2328125 0.71640625 0.0421875 0.165625
0 0.490625 0.66796875 0.06015625 0.1015625
0 0.09140625 0.48828125 0.03515625 0.1203125
0 0.37734375 0.6640625 0.04140625 0.134375
1 0.984375 0.503125 0.03125 0.153125
0 0.62578125 0.78671875 0.04453125 0.159375
0 0.38515625 0.57109375 0.04296875 0.13203125
0 0.546875 0.69921875 0.06953125 0.12421875
0 0.6796875 0.61640625 0.04296875 0.1234375
0 0.5953125 0.628125 0.02890625 0.146875
0 0.6375 0.69609375 0.0546875 0.1109375
0 0.503125 0.5921875 0.0484375 0.08828125
0 0.540625 0.61328125 0.04609375 0.08203125
1 0.071875 0.37109375 0.02578125 0.0984375
0 0.6125 0.66171875 0.05390625 0.10859375
0 0.55625 0.653125 0.05234375 0.0890625
0 0.59140625 0.57734375 0.03515625 0.11484375