0 0.83046875 0.478125 0.0453125 0.2
0 0.61171875 0.37265625 0.040625 0.190625
0 0.35625 0.465625 0.0421875 0.215625
0 0.67890625 0.41328125 0.034375 0.1765625
0 0.38984375 0.62734375 0.0828125 0.2109375
1 0.3046875 0.38828125 0.04375 0.16796875
1 0.378125 0.06015625 0.0234375 0.1125
0 0.4140625 0.48515625 0.06328125 0.20390625
0 0.5625 0.62890625 0.053125 0.2140625
1 0.26640625 0.821875 0.08125 0.29375
0 0.2875 0.6359375 0.06328125 0.221875
0 0.54765625 0.44453125 0.0328125 0.175
0 0.415625 0.646875 0.08359375 0.21640625
1 0.90234375 0.0890625 0.028125 0.11640625
0 0.534375 0.640625 0.06875 0.22890625
0 0.41875 0.3640625 0.053125 0.18359375
0 0.2921875 0.54375 0.06015625 0.19609375
0 0.4359375 0.38125 0.04453125 0.1875
0 0.4671875 0.6421875 0.0765625 0.209375
0 0.6703125 0.378125 0.03671875 0.1609375
0 0.546875 0.5234375 0.05546875 0.1890625
0 0.49375 0.60546875 0.0671875 0.2015625
0 0.43984375 0.590625 0.0671875 0.17109375