0 0.3390625 0.60625 0.07265625 0.18984375
1 0.0296875 0.52109375 0.05703125 0.23359375
0 0.09765625 0.30625 0.04921875 0.17421875
0 0.56796875 0.465625 0.05625 0.20703125
0 0.38046875 0.52578125 0.07265625 0.21328125
0 0.428125 0.565625 0.0640625 0.20078125
0 0.4078125 0.171875 0.0421875 0.146875
1 0.74375 0.8984375 0.06640625 0.1984375
0 0.5 0.7515625 0.06796875 0.2453125
1 0.0765625 0.08125 0.03828125 0.13828125
0 0.63671875 0.68671875 0.06328125 0.228125
0 0.50078125 0.471875 0.065625 0.16484375
0 0.05546875 0.8984375 0.06484375 0.20078125
0 0.5171875 0.6125 0.08984375 0.14453125
0 0.6734375 0.6359375 0.08203125 0.1515625
0 0.49375 0.559375 0.05234375 0.18828125
0 0.46171875 0.61953125 0.0609375 0.1296875
0 0.096875 0.9125 0.071875 0.16640625
0 0.53515625 0.709375 0.034375 0.20234375
0 0.4609375 0.5734375 0.034375 0.17890625
0 0.4140625 0.6015625 0.0640625 0.1296875