1 0.7359375 0.8984375 0.06640625 0.203125
0 0.81328125 0.74140625 0.059375 0.2171875
0 0.5234375 0.5640625 0.046875 0.17109375
0 0.8375 0.55859375 0.0484375 0.178125
0 0.578125 0.43828125 0.0234375 0.15390625
0 0.43125 0.5296875 0.0421875 0.171875
0 0.65390625 0.72421875 0.0546875 0.203125
1 0.25390625 0.4421875 0.05 0.16875
0 0.6625 0.3734375 0.03515625 0.15
0 0.80078125 0.49296875 0.04765625 0.17578125
0 0.71015625 0.415625 0.046875 0.1546875
0 0.43203125 0.43359375 0.03125 0.16015625
0 0.61640625 0.43984375 0.0484375 0.12890625
1 0.60859375 0.28828125 0.03359375 0.125
0 0.77890625 0.28984375 0.03125 0.1125
0 0.6890625 0.45234375 0.04765625 0.14375
0 0.5921875 0.35390625 0.01953125 0.059375
0 0.8140625 0.384375 0.0328125 0.12890625
0 0.678125 0.38828125 0.040625 0.1453125
0 0.803125 0.4171875 0.03125 0.1390625
0 0.440625 0.39609375 0.02578125 0.14921875
0 0.59140625 0.42890625 0.01875 0.15234375
0 0.571875 0.38515625 0.02421875 0.153125
0 0.578125 0.32421875 0.0171875 0.04296875
1 0.6953125 0.41328125 0.03984375 0.1453125