1 0.0078125 0.5015625 0.01484375 0.1484375
0 0.23671875 0.6546875 0.0390625 0.14453125
0 0.38203125 0.684375 0.046875 0.159375
1 0.95 0.3625 0.02421875 0.0953125
0 0.403125 0.63515625 0.03828125 0.13671875
0 0.40546875 0.59375 0.0265625 0.09765625
0 0.41328125 0.64296875 0.04921875 0.1546875
0 0.434375 0.63203125 0.03359375 0.14296875
0 0.43203125 0.56484375 0.03046875 0.0609375
0 0.44609375 0.6203125 0.04453125 0.115625
0 0.4671875 0.68359375 0.0546875 0.15
0 0.46640625 0.8203125 0.053125 0.16328125
0 0.51328125 0.62109375 0.034375 0.14140625
0 0.5265625 0.57890625 0.02890625 0.096875
0 0.565625 0.58671875 0.03828125 0.1203125
0 0.5921875 0.57109375 0.03515625 0.10546875
0 0.74609375 0.703125 0.040625 0.14921875
0 0.78203125 0.6328125 0.04609375 0.1453125
0 0.77578125 0.4671875 0.04453125 0.11640625
0 0.8875 0.60859375 0.065625 0.13046875
0 0.96875 0.48359375 0.04453125 0.11171875
0 0.6125 0.6125 0.0421875 0.12734375
1 0.7578125 0.79453125 0.04765625 0.1921875
0 0.6203125 0.59296875 0.0515625 0.12578125