0 0.4140625 0.5375 0.04609375 0.14453125
0 0.22734375 0.4984375 0.0421875 0.15
1 0.3640625 0.478125 0.04296875 0.11953125
0 0.2859375 0.52734375 0.03828125 0.14296875
0 0.49140625 0.49296875 0.04375 0.146875
0 0.49921875 0.5890625 0.0484375 0.15859375
0 0.8171875 0.53046875 0.04765625 0.14453125
0 0.53359375 0.4515625 0.0375 0.14140625
0 0.48046875 0.721875 0.046875 0.1890625
0 0.7984375 0.5765625 0.04921875 0.146875
0 0.65234375 0.40390625 0.0375 0.128125
0 0.59921875 0.5328125 0.053125 0.09296875
0 0.7265625 0.47421875 0.05 0.1125
0 0.678125 0.428125 0.04765625 0.1234375
0 0.5625 0.559375 0.06484375 0.10859375
0 0.6375 0.59609375 0.05546875 0.1140625
0 0.6765625 0.584375 0.05859375 0.146875
1 0.4 0.24453125 0.02421875 0.09453125
0 0.60703125 0.49609375 0.05 0.08359375
1 0.31484375 0.853125 0.06171875 0.23203125
1 0.85390625 0.27109375 0.0328125 0.103125
0 0.69453125 0.5171875 0.05234375 0.08359375
0 0.71640625 0.49453125 0.04765625 0.0890625
0 0.6625 0.528125 0.04765625 0.09609375
0 0.66171875 0.5578125 0.05546875 0.09609375
0 0.70390625 0.51484375 0.0328125 0.15859375