0 0.55 0.59140625 0.040625 0.12265625
0 0.61328125 0.57265625 0.04609375 0.12109375
1 0.7828125 0.72265625 0.04765625 0.15390625
0 0.7796875 0.53203125 0.04765625 0.11640625
0 0.9 0.575 0.04453125 0.1265625
0 0.34609375 0.70625 0.053125 0.15390625
0 0.740625 0.521875 0.03828125 0.12109375
0 0.67421875 0.709375 0.04375 0.15
0 0.66796875 0.56484375 0.03671875 0.09765625
0 0.66640625 0.68671875 0.04296875 0.140625
0 0.003125 0.728125 0.00625 0.1625
0 0.315625 0.70625 0.05234375 0.140625
0 0.29609375 0.6671875 0.05234375 0.1484375
0 0.36640625 0.546875 0.04375 0.125
1 0.1953125 0.5140625 0.03671875 0.09921875