0 0.26875 0.39453125 0.05703125 0.1515625
0 0.1359375 0.5046875 0.0328125 0.15546875
0 0.46875 0.33515625 0.04296875 0.1234375
0 0.534375 0.321875 0.0515625 0.13359375
0 0.29140625 0.2328125 0.034375 0.125
0 0.5140625 0.3640625 0.04296875 0.1390625
0 0.6734375 0.2765625 0.04140625 0.13671875
1 0.0671875 0.4078125 0.03671875 0.15703125
0 0.17421875 0.4390625 0.0578125 0.16484375
0 0.4796875 0.2921875 0.03359375 0.10390625
0 0.0453125 0.3265625 0.040625 0.1234375
0 0.371875 0.28984375 0.0234375 0.06328125
0 0.32890625 0.36484375 0.03359375 0.1375
0 0.40078125 0.328125 0.0265625 0.153125
0 0.01328125 0.41875 0.0265625 0.04453125
0 0.08046875 0.3640625 0.0453125 0.128125
0 0.35546875 0.33984375 0.03359375 0.14453125
1 0.78828125 0.6890625 0.0328125 0.13984375
1 0.0359375 0.12421875 0.03125 0.0984375
0 0.38515625 0.35234375 0.03671875 0.15078125