0 0.81171875 0.62109375 0.0421875 0.18125
0 0.39453125 0.48984375 0.03671875 0.1359375
1 0.50546875 0.3296875 0.02578125 0.109375
0 0.86640625 0.575 0.03984375 0.10625
0 0.6578125 0.4890625 0.03828125 0.140625
0 0.26796875 0.45078125 0.03046875 0.1375
1 0.36484375 0.48828125 0.02734375 0.13125
1 0.9078125 0.58046875 0.03671875 0.1734375
0 0.3625 0.4125 0.02109375 0.11953125
1 0.23046875 0.384375 0.028125 0.1390625
0 0.440625 0.48125 0.028125 0.1375
0 0.2109375 0.409375 0.028125 0.121875
0 0.50078125 0.50390625 0.03984375 0.103125
0 0.465625 0.49375 0.03515625 0.0984375
0 0.471875 0.5078125 0.02890625 0.06484375
0 0.56171875 0.45546875 0.0296875 0.13828125
0 0.4984375 0.48359375 0.025 0.1328125
0 0.5203125 0.44453125 0.0265625 0.1359375
0 0.51171875 0.47421875 0.028125 0.12734375
1 0.53203125 0.48984375 0.03515625 0.10234375
0 0.16171875 0.3609375 0.028125 0.11640625