0 0.70703125 0.465625 0.02421875 0.1359375
0 0.23515625 0.4359375 0.0265625 0.1203125
1 0.8234375 0.44921875 0.03046875 0.128125
1 0.7765625 0.33125 0.02421875 0.07421875
0 0.55703125 0.4578125 0.02578125 0.13515625
0 0.29765625 0.4515625 0.02265625 0.13046875
0 0.334375 0.4234375 0.021875 0.11171875
0 0.62109375 0.384375 0.021875 0.10625
0 0.4 0.4421875 0.028125 0.09453125
0 0.5390625 0.440625 0.0328125 0.115625
0 0.42265625 0.4546875 0.0203125 0.1375
0 0.46484375 0.4625 0.0265625 0.134375
0 0.48046875 0.4578125 0.0234375 0.128125
0 0.5 0.45625 0.021875 0.1265625
0 0.43984375 0.428125 0.0234375 0.11953125
0 0.4234375 0.43359375 0.02265625 0.11953125
0 0.56328125 0.396875 0.01796875 0.1125
0 0.51875 0.415625 0.02109375 0.11484375
0 0.4765625 0.41328125 0.0328125 0.109375
0 0.46171875 0.39609375 0.01796875 0.0671875
0 0.50859375 0.421875 0.0234375 0.0984375
0 0.5515625 0.39140625 0.01953125 0.05703125