0 0.2125 0.6078125 0.05234375 0.18125
0 0.45 0.475 0.046875 0.1546875
0 0.92421875 0.52734375 0.04921875 0.17421875
0 0.91640625 0.38359375 0.03984375 0.140625
0 0.25 0.59140625 0.05625 0.17109375
0 0.340625 0.3078125 0.034375 0.1203125
0 0.79296875 0.44375 0.040625 0.1359375
1 0.534375 0.43125 0.03828125 0.1375
0 0.646875 0.5203125 0.0390625 0.16484375
0 0.6140625 0.5890625 0.04375 0.16953125
0 0.68984375 0.6359375 0.046875 0.1765625
0 0.884375 0.678125 0.06015625 0.19140625
0 0.69765625 0.3046875 0.03125 0.11015625
0 0.5859375 0.48671875 0.04296875 0.15078125
0 0.65 0.68515625 0.04921875 0.19296875
0 0.7875 0.74609375 0.053125 0.2
0 0.68984375 0.46484375 0.0375 0.1421875
1 0.7171875 0.7359375 0.0453125 0.19453125
0 0.5859375 0.3265625 0.0328125 0.10859375
1 0.09140625 0.12734375 0.02421875 0.075
0 0.60703125 0.7359375 0.05 0.203125
0 0.578125 0.43515625 0.0390625 0.12734375
0 0.79453125 0.64296875 0.0453125 0.16953125
1 0.659375 0.1484375 0.02265625 0.0828125
0 0.69140625 0.55 0.0421875 0.1640625