0 0.90859375 0.309375 0.05078125 0.1203125
1 0.9828125 0.40234375 0.034375 0.1484375
0 0.7890625 0.6609375 0.0671875 0.1703125
1 0.0109375 0.3890625 0.02109375 0.15078125
0 0.38671875 0.3171875 0.046875 0.1484375
0 0.7984375 0.3734375 0.06640625 0.13671875
1 0.0875 0.66796875 0.05546875 0.17421875
0 0.4828125 0.553125 0.05859375 0.15859375
0 0.45078125 0.3671875 0.04609375 0.15390625
0 0.5546875 0.428125 0.0546875 0.15546875
0 0.503125 0.3984375 0.0546875 0.1453125
0 0.8828125 0.4578125 0.05234375 0.1484375
0 0.5921875 0.3484375 0.06015625 0.14609375
0 0.6015625 0.253125 0.04140625 0.1390625
0 0.67109375 0.40390625 0.05859375 0.13125
0 0.7078125 0.3359375 0.04453125 0.11953125
0 0.6484375 0.3484375 0.0546875 0.1453125
1 0.978125 0.125 0.03125 0.09609375
0 0.68359375 0.40546875 0.03203125 0.09375
0 0.48046875 0.36015625 0.05078125 0.1421875
0 0.54453125 0.32421875 0.04609375 0.10859375
0 0.48125 0.346875 0.05234375 0.1375
0 0.71484375 0.41015625 0.04296875 0.1078125
0 0.85 0.46640625 0.06015625 0.159375