0 0.89765625 0.303125 0.0546875 0.125
1 0.0484375 0.40078125 0.0421875 0.153125
0 0.7953125 0.49453125 0.06484375 0.16328125
0 0.58359375 0.36015625 0.05859375 0.1359375
0 0.553125 0.28671875 0.05625 0.14296875
1 0.13046875 0.653125 0.05234375 0.175
0 0.653125 0.36015625 0.05078125 0.1421875
0 0.35234375 0.57734375 0.0640625 0.16953125
0 0.4828125 0.4390625 0.0546875 0.1359375
0 0.61484375 0.38203125 0.0546875 0.12734375
0 0.4578125 0.40625 0.0578125 0.1390625
0 0.72109375 0.46015625 0.06015625 0.1515625
0 0.678125 0.41875 0.04921875 0.14453125
0 0.70390625 0.425 0.0578125 0.1390625
0 0.5109375 0.39453125 0.05390625 0.13359375
0 0.7140625 0.3359375 0.0484375 0.0875
0 0.68203125 0.3421875 0.053125 0.1203125
0 0.47578125 0.3671875 0.0484375 0.121875
0 0.48515625 0.32421875 0.040625 0.12734375
0 0.6640625 0.71328125 0.07265625 0.18125