0 0.23125 0.303125 0.03671875 0.1359375
0 0.16484375 0.44453125 0.04609375 0.16796875
0 0.6140625 0.371875 0.04140625 0.159375
0 0.39765625 0.52421875 0.04609375 0.171875
0 0.79375 0.36875 0.0390625 0.15625
0 0.67890625 0.5203125 0.04609375 0.1859375
0 0.7390625 0.4234375 0.0453125 0.16484375
0 0.31328125 0.46640625 0.0515625 0.16796875
0 0.89375 0.44375 0.04609375 0.18203125
0 0.4140625 0.253125 0.03359375 0.125
0 0.5484375 0.42890625 0.0390625 0.1734375
0 0.42109375 0.54765625 0.04296875 0.16796875
0 0.51171875 0.475 0.046875 0.16796875
1 0.37421875 0.15703125 0.02890625 0.1078125
0 0.46484375 0.44375 0.0453125 0.1390625
1 0.4265625 0.4265625 0.04453125 0.134375
0 0.471875 0.34765625 0.04140625 0.12734375
0 0.74453125 0.39296875 0.03671875 0.1359375
0 0.52421875 0.3875 0.0390625 0.14453125
0 0.48515625 0.4453125 0.04375 0.134375
0 0.4953125 0.37421875 0.0390625 0.13203125
0 0.4796875 0.390625 0.0421875 0.1390625
0 0.45390625 0.46953125 0.0203125 0.06328125