0 0.51953125 0.68828125 0.0515625 0.15234375
0 0.30234375 0.6 0.03984375 0.13203125
0 0.56015625 0.62734375 0.0515625 0.1
0 0.56171875 0.81796875 0.05546875 0.16015625
0 0.81328125 0.7984375 0.07734375 0.16875
0 0.6296875 0.6828125 0.05703125 0.10703125
0 0.28046875 0.44453125 0.03359375 0.109375
0 0.41796875 0.52421875 0.04375 0.11484375
0 0.7125 0.5703125 0.04375 0.146875
0 0.50625 0.43359375 0.03671875 0.109375
0 0.85859375 0.57265625 0.03125 0.128125
0 0.1703125 0.5609375 0.040625 0.13046875
0 0.5984375 0.63828125 0.04375 0.1046875
1 0.10625 0.61640625 0.04375 0.1640625
0 0.34140625 0.6703125 0.0453125 0.146875
0 0.44296875 0.5828125 0.0515625 0.08984375
0 0.4703125 0.63125 0.06953125 0.109375
0 0.35703125 0.35078125 0.034375 0.09609375
0 0.26640625 0.353125 0.02578125 0.096875
0 0.51875 0.59453125 0.0484375 0.08359375
1 0.28671875 0.29765625 0.0234375 0.1
0 0.51640625 0.5390625 0.0453125 0.04140625
1 0.75703125 0.90859375 0.0546875 0.1828125
0 0.46484375 0.60546875 0.05390625 0.09375
0 0.52109375 0.5609375 0.0421875 0.04140625