0 0.81484375 0.5125 0.046875 0.1421875
0 0.21875 0.421875 0.02109375 0.10859375
1 0.6234375 0.428125 0.0296875 0.11484375
0 0.93046875 0.5921875 0.0359375 0.15625
1 0.00390625 0.3296875 0.00703125 0.0890625
0 0.24375 0.3765625 0.021875 0.103125
0 0.23046875 0.38359375 0.02109375 0.10390625
1 0.128125 0.47578125 0.034375 0.109375
0 0.18359375 0.3484375 0.02265625 0.0953125
0 0.1203125 0.34375 0.021875 0.0984375
0 0.3921875 0.45234375 0.0390625 0.103125
0 0.41875 0.4671875 0.028125 0.0921875
0 0.434375 0.45390625 0.0203125 0.1109375
0 0.42734375 0.41953125 0.02109375 0.09140625
0 0.4046875 0.440625 0.03515625 0.08671875
0 0.45859375 0.45859375 0.04140625 0.08515625
1 0.42109375 0.3140625 0.01875 0.0875