0 0.56953125 0.67109375 0.0515625 0.125
0 0.05625 0.5765625 0.04453125 0.11171875
0 0.62578125 0.7234375 0.059375 0.1515625
1 0.29140625 0.4109375 0.03046875 0.10078125
1 0.28359375 0.5859375 0.03984375 0.13203125
0 0.50546875 0.790625 0.046875 0.15
0 0.21328125 0.73125 0.0484375 0.1390625
0 0.38984375 0.57109375 0.0359375 0.11328125
0 0.62109375 0.58828125 0.046875 0.1328125
0 0.1390625 0.478125 0.0390625 0.1015625
0 0.671875 0.5671875 0.0484375 0.12578125
0 0.46875 0.56328125 0.03984375 0.11171875
0 0.71171875 0.53203125 0.03515625 0.1078125
0 0.57109375 0.559375 0.046875 0.121875
0 0.5015625 0.553125 0.04296875 0.12421875
0 0.534375 0.571875 0.04453125 0.11328125
0 0.25234375 0.46484375 0.03046875 0.09140625
0 0.6453125 0.52578125 0.04140625 0.1109375
0 0.6015625 0.525 0.03828125 0.1171875
0 0.4703125 0.5171875 0.0375 0.10390625
1 0.578125 0.38203125 0.02734375 0.090625
0 0.53125 0.5390625 0.040625 0.09296875
0 0.49140625 0.5171875 0.0375 0.09296875
0 0.509375 0.5203125 0.03671875 0.084375