0 0.20078125 0.45859375 0.04296875 0.1546875
0 0.54375 0.53984375 0.04609375 0.16328125
0 0.48515625 0.459375 0.04296875 0.15703125
0 0.50703125 0.44375 0.04296875 0.15703125
0 0.340625 0.428125 0.03984375 0.15859375
0 0.88359375 0.515625 0.04296875 0.16640625
0 0.78515625 0.53046875 0.04609375 0.15703125
0 0.10703125 0.45859375 0.03828125 0.15625
0 0.58125 0.41796875 0.04140625 0.15625
0 0.31171875 0.44375 0.0421875 0.153125
0 0.5609375 0.4640625 0.0484375 0.16953125
0 0.340625 0.40703125 0.0390625 0.16328125
0 0.64296875 0.4890625 0.05390625 0.1640625
0 0.77890625 0.471875 0.04296875 0.153125
1 0.965625 0.26796875 0.03203125 0.1
0 0.61640625 0.48359375 0.0390625 0.15859375
0 0.88671875 0.4890625 0.040625 0.1390625
0 0.61015625 0.4375 0.02734375 0.1546875
1 0.628125 0.4609375 0.0234375 0.16015625
0 0.42890625 0.3703125 0.01796875 0.1296875
0 0.43828125 0.3875 0.01875 0.14609375
0 0.44296875 0.40234375 0.02890625 0.1484375
0 0.41875 0.41484375 0.02578125 0.14453125
0 0.39375 0.4265625 0.03515625 0.1515625