0 0.41171875 0.634375 0.04375 0.11640625
0 0.5140625 0.53359375 0.04296875 0.0859375
0 0.8015625 0.63046875 0.05390625 0.13046875
0 0.3390625 0.53203125 0.0375 0.096875
0 0.659375 0.56484375 0.04453125 0.11796875
0 0.32578125 0.665625 0.0421875 0.15546875
0 0.8890625 0.7015625 0.06015625 0.146875
0 0.58125 0.4859375 0.03671875 0.121875
0 0.70625 0.7859375 0.05390625 0.153125
0 0.41875 0.528125 0.04453125 0.08359375
0 0.0875 0.521875 0.040625 0.1234375
0 0.54609375 0.54609375 0.0390625 0.0859375
0 0.3703125 0.51015625 0.04296875 0.08203125
0 0.459375 0.55859375 0.0515625 0.09140625
0 0.34765625 0.44140625 0.0375 0.1
1 0.2375 0.4015625 0.0265625 0.096875
0 0.5453125 0.48359375 0.0359375 0.09453125
1 0.66640625 0.42109375 0.028125 0.1
0 0.4421875 0.4984375 0.03671875 0.071875
0 0.15234375 0.446875 0.0328125 0.1109375
0 0.25078125 0.49609375 0.0375 0.10546875
0 0.23359375 0.56796875 0.0421875 0.1140625
0 0.475 0.521875 0.03984375 0.0765625
1 0.221875 0.5484375 0.03984375 0.096875
0 0.46328125 0.50390625 0.0359375 0.06640625