0 0.91484375 0.61875 0.05390625 0.14140625
0 0.8546875 0.64296875 0.0515625 0.1546875
0 0.45078125 0.696875 0.07265625 0.11484375
0 0.70703125 0.446875 0.0515625 0.13515625
0 0.77578125 0.71484375 0.04921875 0.17265625
0 0.21875 0.7015625 0.04921875 0.159375
0 0.57890625 0.61640625 0.0578125 0.096875
1 0.72265625 0.77265625 0.05 0.19609375
0 0.51015625 0.6609375 0.06640625 0.1046875
0 0.31328125 0.6109375 0.046875 0.12734375
0 0.62109375 0.6578125 0.04765625 0.13515625
0 0.621875 0.5609375 0.0484375 0.1328125
0 0.9203125 0.47265625 0.03828125 0.1234375
0 0.3640625 0.7859375 0.04609375 0.16328125
0 0.359375 0.7125 0.04140625 0.1703125
0 0.3796875 0.65234375 0.0515625 0.10703125
0 0.40703125 0.55625 0.04140625 0.09765625
0 0.3015625 0.71640625 0.05625 0.11640625
0 0.496875 0.57890625 0.05 0.09140625
0 0.44453125 0.64453125 0.05703125 0.090625
1 0.9515625 0.35078125 0.02890625 0.10078125
0 0.459375 0.60546875 0.04921875 0.08671875
1 0.475 0.02265625 0.0203125 0.0453125
0 0.409375 0.61328125 0.034375 0.14375
0 0.34921875 0.6859375 0.04296875 0.10625