0 0.42109375 0.66484375 0.05 0.1203125
0 0.91640625 0.57421875 0.04296875 0.10703125
0 0.3671875 0.71484375 0.05703125 0.14609375
1 0.6890625 0.4140625 0.0296875 0.096875
1 0.696875 0.5828125 0.03828125 0.1265625
0 0.48359375 0.7796875 0.04453125 0.14453125
0 0.76484375 0.72265625 0.046875 0.134375
0 0.59453125 0.56875 0.03515625 0.109375
0 0.371875 0.58515625 0.0453125 0.128125
0 0.83671875 0.47890625 0.0375 0.0984375
0 0.3234375 0.5640625 0.04609375 0.12109375
0 0.51875 0.5609375 0.03828125 0.10703125
0 0.284375 0.53046875 0.03359375 0.10390625
0 0.4203125 0.55703125 0.04453125 0.11796875
0 0.48671875 0.5515625 0.04140625 0.11953125
0 0.45546875 0.56953125 0.04296875 0.109375
0 0.72734375 0.46640625 0.0296875 0.08828125
0 0.3484375 0.52421875 0.03984375 0.10625
0 0.390625 0.52421875 0.03671875 0.11328125
0 0.5171875 0.51640625 0.0359375 0.1
1 0.41328125 0.3859375 0.02578125 0.08671875
0 0.45859375 0.5375 0.0390625 0.08984375
0 0.496875 0.51640625 0.0359375 0.08984375
0 0.47890625 0.51953125 0.03515625 0.08125