0 0.1796875 0.45 0.040625 0.16640625
0 0.84921875 0.25078125 0.03203125 0.115625
0 0.76796875 0.2265625 0.03203125 0.11484375
1 0.82578125 0.3828125 0.0328125 0.1390625
1 0.6859375 0.16484375 0.0296875 0.103125
1 0.140625 0.90390625 0.046875 0.1921875
0 0.79765625 0.409375 0.03515625 0.13515625
0 0.4953125 0.559375 0.03828125 0.17421875
0 0.59453125 0.43984375 0.053125 0.15234375
0 0.59921875 0.4453125 0.07109375 0.084375
0 0.55625 0.46484375 0.0234375 0.09140625
0 0.56484375 0.359375 0.0265625 0.11015625
0 0.4328125 0.43125 0.01953125 0.0796875
0 0.4546875 0.39921875 0.02109375 0.14609375
0 0.4671875 0.44921875 0.02421875 0.14765625
0 0.48046875 0.4296875 0.0171875 0.1171875
0 0.48984375 0.36875 0.0125 0.0625
0 0.5078125 0.36171875 0.02890625 0.06796875
0 0.51875 0.4046875 0.0375 0.08671875
0 0.5296875 0.546875 0.0390625 0.175
0 0.5375 0.37578125 0.02890625 0.0390625