0 0.44765625 0.5921875 0.06875 0.21796875
0 0.01953125 0.54765625 0.0390625 0.1765625
0 0.5390625 0.434375 0.05 0.175
0 0.1328125 0.65859375 0.07109375 0.2140625
0 0.525 0.225 0.0421875 0.14453125
0 0.1953125 0.3390625 0.05 0.16953125
1 0.94296875 0.54609375 0.05 0.1890625
0 0.696875 0.415625 0.04921875 0.16953125
0 0.27109375 0.2484375 0.05 0.15546875
0 0.353125 0.66640625 0.0609375 0.23046875
0 0.31015625 0.6015625 0.0625 0.221875
0 0.1265625 0.234375 0.05078125 0.153125
0 0.67578125 0.34765625 0.0453125 0.1625
0 0.2109375 0.2671875 0.04453125 0.14609375
1 0.1984375 0.0234375 0.03046875 0.04453125
0 0.2671875 0.7078125 0.06875 0.2015625