0 0.2234375 0.53359375 0.0328125 0.12890625
0 0.30390625 0.484375 0.03515625 0.109375
0 0.46171875 0.5890625 0.0375 0.1484375
0 0.26484375 0.45625 0.03828125 0.11796875
0 0.6671875 0.5921875 0.0296875 0.15703125
0 0.584375 0.5453125 0.0328125 0.14921875
1 0.9109375 0.75078125 0.053125 0.1859375
0 0.40234375 0.55078125 0.040625 0.0890625
0 0.37578125 0.5234375 0.04140625 0.0921875
0 0.51328125 0.55546875 0.03515625 0.08125
0 0.23671875 0.4765625 0.03125 0.13046875
0 0.43515625 0.56015625 0.0421875 0.109375
0 0.50703125 0.453125 0.02421875 0.12890625
0 0.48046875 0.57578125 0.034375 0.12734375
0 0.5875 0.490625 0.028125 0.11875
0 0.3609375 0.46796875 0.0421875 0.08671875
0 0.4015625 0.49375 0.046875 0.0796875
0 0.3109375 0.39765625 0.0234375 0.11171875
0 0.70234375 0.4796875 0.03515625 0.12890625
0 0.34453125 0.50390625 0.02578125 0.13515625
0 0.45546875 0.52734375 0.04296875 0.09375
0 0.51875 0.4171875 0.02421875 0.10625
1 0.6921875 0.4609375 0.0234375 0.11796875
1 0.34296875 0.2328125 0.01875 0.08515625
0 0.32890625 0.50625 0.028125 0.08671875