0 0.79375 0.53359375 0.03828125 0.1046875
1 0.1640625 0.35390625 0.03125 0.1078125
0 0.8859375 0.60234375 0.04296875 0.159375
1 0.46875 0.31796875 0.02421875 0.0984375
0 0.29375 0.44296875 0.02890625 0.1125
0 0.43046875 0.446875 0.028125 0.11796875
0 0.2984375 0.39609375 0.02578125 0.115625
0 0.44921875 0.4703125 0.040625 0.09453125
1 0.9171875 0.56328125 0.034375 0.1625
0 0.54921875 0.465625 0.0296875 0.11640625
1 0.26640625 0.4765625 0.0328125 0.1109375
0 0.26640625 0.40546875 0.02421875 0.1109375
0 0.5203125 0.42734375 0.02265625 0.128125
1 0.54375 0.45078125 0.03359375 0.115625
0 0.21875 0.36875 0.02421875 0.10625
0 0.47734375 0.471875 0.03984375 0.09765625
0 0.50234375 0.45390625 0.0265625 0.12421875
0 0.484375 0.43203125 0.034375 0.0921875
0 0.4765625 0.45859375 0.02578125 0.13046875
0 0.18046875 0.35078125 0.025 0.10390625