0 0.5609375 0.2984375 0.0515625 0.1390625
0 0.3578125 0.415625 0.05390625 0.15859375
0 0.4796875 0.39296875 0.04609375 0.15
0 0.7515625 0.228125 0.04453125 0.12890625
0 0.703125 0.290625 0.04609375 0.1484375
0 0.2609375 0.37109375 0.0453125 0.15546875
0 0.1828125 0.48125 0.06015625 0.15390625
1 0.2796875 0.0890625 0.03359375 0.11640625
0 0.72265625 0.3109375 0.0484375 0.15546875
0 0.2234375 0.49375 0.06015625 0.1484375
0 0.98046875 0.37578125 0.0390625 0.1453125
1 0.6125 0.8453125 0.0609375 0.19296875
0 0.8453125 0.421875 0.07109375 0.15546875
1 0.0125 0.53515625 0.02421875 0.165625
0 0.8296875 0.38984375 0.05703125 0.11796875
0 0.29921875 0.375 0.03125 0.15
0 0.9359375 0.41328125 0.034375 0.16796875
0 0.9109375 0.37265625 0.04609375 0.1515625