0 0.23828125 0.3953125 0.03671875 0.1609375
0 0.95703125 0.6453125 0.06328125 0.1984375
0 0.37734375 0.5203125 0.04296875 0.16484375
0 0.86484375 0.4640625 0.0453125 0.14921875
0 0.60859375 0.54296875 0.04296875 0.16953125
0 0.1390625 0.45546875 0.0421875 0.16875
1 0.5140625 0.353125 0.034375 0.13125
0 0.3984375 0.4 0.03984375 0.15703125
0 0.5421875 0.50859375 0.0421875 0.165625
0 0.446875 0.51875 0.0484375 0.12578125
0 0.07890625 0.44375 0.046875 0.1640625
0 0.62734375 0.4859375 0.03984375 0.171875
0 0.4671875 0.58203125 0.071875 0.09296875
0 0.275 0.31953125 0.0375 0.12890625
0 0.10546875 0.45234375 0.04140625 0.16015625
0 0.27734375 0.28125 0.03359375 0.11015625
0 0.60703125 0.44375 0.03984375 0.1453125
0 0.15546875 0.69453125 0.05859375 0.20390625
0 0.14140625 0.371875 0.0359375 0.14453125
0 0.1390625 0.34140625 0.03359375 0.13984375
0 0.54375 0.46171875 0.03984375 0.11875