0 0.35859375 0.62109375 0.0453125 0.15078125
0 0.51328125 0.7421875 0.03359375 0.17734375
0 0.2140625 0.5734375 0.02421875 0.14765625
0 0.66171875 0.62109375 0.03828125 0.1546875
0 0.28828125 0.5609375 0.02734375 0.1515625
0 0.45625 0.44375 0.0171875 0.115625
0 0.5859375 0.48671875 0.021875 0.12578125
1 0.990625 0.43671875 0.01796875 0.10078125
0 0.22109375 0.4734375 0.0265625 0.10390625
0 0.365625 0.52421875 0.02578125 0.13046875
0 0.1953125 0.4921875 0.02734375 0.121875
1 0.52578125 0.396875 0.025 0.1078125
0 0.575 0.4734375 0.02421875 0.1109375
0 0.484375 0.42734375 0.02421875 0.11171875
0 0.53984375 0.43671875 0.01953125 0.12109375
1 0.50078125 0.45546875 0.0265625 0.1140625
0 0.51015625 0.44296875 0.02265625 0.0890625
0 0.48046875 0.45 0.02265625 0.1140625