1 0.10625 0.52265625 0.0359375 0.16484375
1 0.9203125 0.4625 0.0328125 0.13125
0 0.28984375 0.45234375 0.0265625 0.12578125
0 0.6546875 0.45703125 0.0203125 0.1171875
0 0.6953125 0.46875 0.03125 0.1296875
1 0.87890625 0.35078125 0.02734375 0.078125
0 0.81171875 0.44375 0.0265625 0.1203125
0 0.6203125 0.478125 0.03359375 0.1328125
0 0.63125 0.403125 0.02109375 0.1046875
0 0.5265625 0.49609375 0.03359375 0.134375
0 0.59765625 0.3984375 0.0171875 0.0671875
0 0.39375 0.465625 0.03046875 0.12734375
0 0.4765625 0.4484375 0.028125 0.1171875
0 0.40390625 0.43125 0.03046875 0.11015625
0 0.57890625 0.46875 0.03125 0.121875
0 0.4546875 0.45078125 0.0328125 0.1203125
0 0.4953125 0.43828125 0.02578125 0.12421875
0 0.5546875 0.44453125 0.03125 0.11953125
0 0.5453125 0.43828125 0.0203125 0.11953125
0 0.525 0.44921875 0.02734375 0.10390625
0 0.6109375 0.4484375 0.025 0.12109375
0 0.59296875 0.45625 0.01875 0.1171875
0 0.52265625 0.4453125 0.0296875 0.07109375
0 0.57578125 0.4578125 0.03359375 0.10625