1 0.05078125 0.45859375 0.03046875 0.13671875
0 0.2484375 0.48046875 0.03359375 0.13046875
1 0.1703125 0.32890625 0.0234375 0.08125
0 0.7671875 0.44140625 0.0234375 0.12890625
0 0.66796875 0.45859375 0.03515625 0.13125
0 0.62109375 0.45 0.03515625 0.13046875
0 0.51484375 0.46953125 0.0328125 0.08984375
0 0.66796875 0.4203125 0.0265625 0.1109375
0 0.58203125 0.4265625 0.0203125 0.1171875
0 0.57109375 0.45859375 0.02578125 0.134375
1 0.62578125 0.43515625 0.02890625 0.11640625
0 0.55390625 0.46875 0.02265625 0.059375
0 0.54140625 0.45546875 0.02578125 0.13125
0 0.46640625 0.45703125 0.0390625 0.1234375
0 0.4890625 0.46953125 0.04296875 0.0796875
0 0.43984375 0.45546875 0.0359375 0.08515625
0 0.4203125 0.44609375 0.02265625 0.125
0 0.4109375 0.4546875 0.034375 0.0640625
0 0.38203125 0.42890625 0.034375 0.12734375
0 0.46796875 0.4390625 0.02734375 0.11796875
0 0.51796875 0.4328125 0.02578125 0.04609375
0 0.53359375 0.4109375 0.0203125 0.08203125
0 0.44921875 0.42421875 0.02734375 0.115625
0 0.44921875 0.38515625 0.01953125 0.07890625
0 0.4125 0.38984375 0.0234375 0.08671875