0 0.24765625 0.61953125 0.053125 0.146875
0 0.1640625 0.63203125 0.0359375 0.1484375
0 0.21796875 0.61953125 0.05859375 0.15703125
0 0.309375 0.53984375 0.0484375 0.1375
1 0.74296875 0.7671875 0.03828125 0.19609375
0 0.328125 0.665625 0.078125 0.10703125
0 0.51328125 0.62890625 0.05859375 0.1421875
0 0.44453125 0.61640625 0.04765625 0.1546875
0 0.85546875 0.49921875 0.04375 0.12421875
0 0.925 0.509375 0.040625 0.1109375
0 0.596875 0.71484375 0.03515625 0.15078125
0 0.69609375 0.61640625 0.06640625 0.096875
0 0.53125 0.571875 0.0578125 0.11953125
0 0.6546875 0.60625 0.0484375 0.146875
0 0.496875 0.55703125 0.0484375 0.1078125
1 0.87890625 0.36328125 0.0265625 0.1
0 0.62109375 0.61640625 0.0546875 0.1234375
0 0.434375 0.56875 0.03671875 0.11953125
0 0.421875 0.553125 0.04453125 0.1265625
0 0.5921875 0.64921875 0.05 0.1421875
0 0.66328125 0.6015625 0.04453125 0.146875
0 0.603125 0.58671875 0.0171875 0.07578125
0 0.58046875 0.6140625 0.0328125 0.05625