0 0.36171875 0.56640625 0.0390625 0.16015625
0 0.4046875 0.44375 0.040625 0.11640625
0 0.4828125 0.475 0.04140625 0.12265625
0 0.4375 0.4 0.04453125 0.11484375
0 0.06640625 0.4296875 0.0328125 0.11953125
0 0.92421875 0.53515625 0.0484375 0.14375
0 0.34765625 0.3890625 0.03671875 0.1078125
0 0.8953125 0.56875 0.0484375 0.1453125
0 0.665625 0.46875 0.04765625 0.096875
1 0.31328125 0.46640625 0.03515625 0.13203125
0 0.6328125 0.50859375 0.05703125 0.11875
0 0.6765625 0.43359375 0.04296875 0.115625
0 0.60703125 0.48359375 0.053125 0.1015625
0 0.53359375 0.4546875 0.04921875 0.0984375
0 0.6171875 0.3953125 0.0421875 0.0875
0 0.471875 0.43125 0.046875 0.09453125
0 0.5921875 0.42734375 0.04375 0.09921875
0 0.56796875 0.43203125 0.046875 0.096875
0 0.534375 0.4125 0.0421875 0.07578125
1 0.08984375 0.27890625 0.0234375 0.08359375
0 0.51328125 0.40546875 0.0390625 0.0828125
0 0.62734375 0.4546875 0.04765625 0.0875
0 0.521875 0.37265625 0.0375 0.06796875
0 0.55859375 0.4296875 0.02890625 0.0765625