0 0.6375 0.4328125 0.0375 0.1546875
0 0.603125 0.3765625 0.04296875 0.14140625
0 0.6671875 0.271875 0.03515625 0.12421875
0 0.50390625 0.57421875 0.04765625 0.16875
1 0.7375 0.378125 0.034375 0.13828125
0 0.5265625 0.38125 0.03984375 0.14453125
0 0.696875 0.3453125 0.03359375 0.13125
0 0.48125 0.46328125 0.040625 0.16328125
0 0.984375 0.3828125 0.03125 0.146875
0 0.18828125 0.35625 0.0234375 0.11796875
0 0.20546875 0.37578125 0.02421875 0.14609375
0 0.47109375 0.41796875 0.0390625 0.153125
0 0.2796875 0.27265625 0.01953125 0.03828125
0 0.1703125 0.35390625 0.02734375 0.13125
0 0.51328125 0.30078125 0.0375 0.1328125
0 0.2515625 0.3671875 0.03125 0.13671875
0 0.2421875 0.32265625 0.02265625 0.103125
0 0.26484375 0.28828125 0.01796875 0.02734375
0 0.27578125 0.3578125 0.02578125 0.146875
1 0.0671875 0.8140625 0.04453125 0.0625
0 0.21328125 0.2875 0.0140625 0.05859375
0 0.52890625 0.33359375 0.0328125 0.1140625
0 0.2921875 0.35078125 0.02109375 0.1265625
0 0.20234375 0.29921875 0.009375 0.025