0 0.625 0.60703125 0.05546875 0.1859375
0 0.01640625 0.45546875 0.0328125 0.1640625
0 0.278125 0.4078125 0.04921875 0.16171875
0 0.196875 0.47109375 0.04921875 0.16328125
0 0.1203125 0.45625 0.0515625 0.16171875
0 0.56328125 0.4625 0.0484375 0.16875
0 0.48984375 0.5734375 0.0515625 0.18046875
0 0.3140625 0.34296875 0.05 0.1375
0 0.19140625 0.33046875 0.04375 0.14921875
0 0.48203125 0.42421875 0.0484375 0.14921875
0 0.34453125 0.596875 0.06328125 0.2046875
0 0.45546875 0.53515625 0.05234375 0.16640625
0 0.4375 0.59765625 0.053125 0.17890625
1 0.1671875 0.2375 0.03828125 0.1109375
0 0.41328125 0.59140625 0.05390625 0.1859375
0 0.403125 0.47890625 0.04921875 0.14453125
0 0.33828125 0.48671875 0.05234375 0.17734375
0 0.38359375 0.44140625 0.0515625 0.125
0 0.40625 0.51484375 0.05 0.16875