0 0.6375 0.6734375 0.06328125 0.1453125
0 0.84921875 0.665625 0.03515625 0.15390625
0 0.6328125 0.52578125 0.03984375 0.1234375
1 0.22265625 0.78671875 0.04765625 0.1828125
0 0.7765625 0.64140625 0.04609375 0.14375
0 0.05625 0.53671875 0.03828125 0.121875
0 0.359375 0.703125 0.04453125 0.153125
0 0.103125 0.51953125 0.04609375 0.12734375
0 0.296875 0.62578125 0.0375 0.103125
0 0.50859375 0.61875 0.06015625 0.153125
0 0.44453125 0.6375 0.04921875 0.13046875
0 0.5453125 0.57109375 0.04453125 0.1421875
0 0.8 0.6328125 0.03203125 0.1609375
0 0.378125 0.62265625 0.04609375 0.1109375
1 0.0984375 0.38203125 0.0328125 0.09453125
0 0.33125 0.6171875 0.04375 0.1265625
0 0.57109375 0.57265625 0.04921875 0.1265625
0 0.45390625 0.60234375 0.05078125 0.1046875
0 0.346875 0.6125 0.04296875 0.11015625
0 0.51015625 0.56796875 0.04921875 0.11875
0 0.41015625 0.62109375 0.0734375 0.05078125
0 0.5796875 0.596875 0.05078125 0.07734375