0 0.6390625 0.53125 0.03828125 0.09453125
0 0.3578125 0.52421875 0.025 0.09921875
0 0.38515625 0.48203125 0.025 0.07265625
0 0.728125 0.46640625 0.02109375 0.07265625
0 0.5875 0.4625 0.03125 0.0703125
1 0.03671875 0.41328125 0.01875 0.059375
0 0.48515625 0.48359375 0.02265625 0.07578125
0 0.4125 0.43359375 0.0203125 0.0609375
0 0.68125 0.44609375 0.01953125 0.05859375
0 0.29375 0.43359375 0.01953125 0.0640625
0 0.4359375 0.5015625 0.03046875 0.0828125
0 0.63828125 0.43125 0.01953125 0.05625
0 0.36015625 0.44296875 0.015625 0.059375
0 0.3890625 0.43203125 0.0140625 0.059375
0 0.75546875 0.4203125 0.015625 0.059375
0 0.66171875 0.43203125 0.015625 0.06484375
0 0.50390625 0.478125 0.021875 0.0734375
0 0.66953125 0.44375 0.02109375 0.0625
0 0.13828125 0.4546875 0.02734375 0.0625
1 0.26796875 0.37109375 0.01171875 0.04296875
0 0.37734375 0.44140625 0.0171875 0.0578125
0 0.65234375 0.43203125 0.015625 0.0546875
0 0.66171875 0.43046875 0.0140625 0.06171875
0 0.69765625 0.40234375 0.01328125 0.0578125