0 0.36640625 0.63828125 0.059375 0.275
0 0.6140625 0.51484375 0.0578125 0.2234375
1 0.5875 0.8828125 0.071875 0.234375
0 0.2046875 0.64140625 0.08203125 0.2890625
0 0.271875 0.54765625 0.075 0.2609375
1 0.425 0.48984375 0.0828125 0.240625
0 0.56015625 0.79765625 0.06796875 0.32265625
0 0.48125 0.76640625 0.07265625 0.33359375
0 0.7890625 0.83046875 0.0546875 0.3390625
0 0.1515625 0.546875 0.0890625 0.2703125
0 0.4203125 0.60390625 0.0625 0.2578125
0 0.8625 0.91796875 0.065625 0.1640625
0 0.8953125 0.84296875 0.078125 0.3140625
0 0.8125 0.84765625 0.0765625 0.3046875
0 0.46015625 0.57421875 0.071875 0.115625
0 0.48515625 0.49609375 0.04140625 0.23046875
0 0.5 0.53125 0.04921875 0.2578125
0 0.5734375 0.521875 0.0640625 0.2203125
0 0.53125 0.50078125 0.040625 0.2578125