0 0.3078125 0.546875 0.028125 0.103125
0 0.70859375 0.60234375 0.03125 0.1125
0 0.6765625 0.59765625 0.0296875 0.07890625
0 0.228125 0.58515625 0.025 0.11015625
0 0.55859375 0.56796875 0.03046875 0.05546875
0 0.575 0.56171875 0.03359375 0.0734375
1 0.1 0.50078125 0.02421875 0.0875
1 0.2765625 0.4765625 0.02421875 0.0890625
0 0.46796875 0.5078125 0.01875 0.0890625
1 0.48359375 0.65703125 0.03125 0.10703125
0 0.5171875 0.57265625 0.02734375 0.06484375
0 0.415625 0.59296875 0.03046875 0.0625
0 0.44453125 0.58671875 0.02890625 0.05546875
0 0.609375 0.49453125 0.02265625 0.09140625
0 0.52734375 0.52578125 0.0203125 0.0796875
0 0.59921875 0.55390625 0.0296875 0.0640625
0 0.59296875 0.51328125 0.01875 0.0734375
1 0.45234375 0.53984375 0.02421875 0.075
0 0.51796875 0.55390625 0.021875 0.0484375
0 0.478125 0.58671875 0.03359375 0.084375
0 0.49296875 0.56640625 0.02421875 0.040625
0 0.49296875 0.58203125 0.03046875 0.0828125
1 0.853125 0.46640625 0.0203125 0.06953125
0 0.5078125 0.5796875 0.03125 0.065625
0 0.46796875 0.575 0.03046875 0.04921875
0 0.534375 0.57578125 0.02578125 0.04921875