0 0.075 0.5453125 0.084375 0.34375
0 0.16484375 0.5046875 0.08515625 0.31640625
0 0.5125 0.07421875 0.04921875 0.1484375
1 0.01796875 0.01796875 0.034375 0.0359375
0 0.0046875 0.24296875 0.009375 0.2109375
0 0.3765625 0.82265625 0.0734375 0.3546875
0 0.73984375 0.83671875 0.11328125 0.3265625
0 0.7734375 0.715625 0.08828125 0.3984375
0 0.809375 0.61640625 0.0609375 0.31796875
0 0.709375 0.41328125 0.06953125 0.14453125
0 0.709375 0.56640625 0.053125 0.3109375
0 0.65703125 0.5046875 0.05078125 0.1234375
0 0.425 0.58125 0.0484375 0.2609375
0 0.4078125 0.5421875 0.0671875 0.3234375
0 0.48359375 0.71875 0.08125 0.36875
0 0.50859375 0.4359375 0.05234375 0.096875
0 0.55078125 0.63046875 0.05859375 0.33984375
0 0.565625 0.51328125 0.04375 0.175
0 0.49765625 0.5734375 0.05234375 0.18046875
0 0.5484375 0.73203125 0.209375 0.0625
1 0.6671875 0.8171875 0.06875 0.36484375
0 0.6703125 0.628125 0.06875 0.20703125
1 0.43671875 0.5609375 0.08203125 0.29375