0 0.41015625 0.5984375 0.04609375 0.13671875
0 0.490625 0.54921875 0.04375 0.1328125
0 0.79453125 0.51953125 0.04609375 0.1015625
0 0.45703125 0.4484375 0.03828125 0.13671875
0 0.54921875 0.53125 0.0578125 0.1015625
1 0.25859375 0.5 0.034375 0.15
0 0.29609375 0.47109375 0.04140625 0.12890625
0 0.71328125 0.58125 0.05234375 0.10859375
0 0.72578125 0.490625 0.04921875 0.1
0 0.42265625 0.49921875 0.04375 0.11171875
0 0.63828125 0.58359375 0.0484375 0.1328125
0 0.41484375 0.38515625 0.04140625 0.10859375
0 0.25234375 0.3953125 0.03515625 0.115625
1 0.3453125 0.34765625 0.034375 0.11015625
0 0.59453125 0.42421875 0.04375 0.1140625
0 0.646875 0.4671875 0.03515625 0.11015625
0 0.515625 0.49921875 0.05 0.09765625
0 0.6828125 0.5609375 0.04921875 0.1046875
0 0.60703125 0.56640625 0.053125 0.11328125
0 0.58046875 0.55 0.0546875 0.10859375
0 0.65390625 0.54921875 0.03984375 0.09921875
0 0.57890625 0.4703125 0.04296875 0.07890625
0 0.58671875 0.50078125 0.04609375 0.08046875
0 0.62421875 0.5234375 0.04453125 0.08359375