0 0.83046875 0.4953125 0.04765625 0.20859375
0 0.60234375 0.3859375 0.0421875 0.1984375
0 0.33515625 0.48359375 0.04375 0.225
0 0.671875 0.428125 0.0359375 0.184375
0 0.3703125 0.65234375 0.08671875 0.2203125
1 0.28125 0.40234375 0.0453125 0.175
1 0.3578125 0.06015625 0.02421875 0.1171875
0 0.3953125 0.50390625 0.06640625 0.21328125
0 0.55078125 0.65390625 0.05546875 0.2234375
1 0.24140625 0.85078125 0.08515625 0.2984375
0 0.26328125 0.6609375 0.06640625 0.23203125
0 0.53515625 0.4609375 0.034375 0.1828125
0 0.39765625 0.67265625 0.0875 0.22578125
1 0.90546875 0.08984375 0.0296875 0.121875
0 0.52109375 0.665625 0.071875 0.2390625
0 0.40078125 0.3765625 0.05546875 0.19140625
0 0.26796875 0.56484375 0.0625 0.2046875
0 0.41875 0.3953125 0.046875 0.1953125
0 0.45078125 0.6671875 0.0796875 0.21875
0 0.6625 0.39140625 0.03828125 0.16796875
0 0.534375 0.54375 0.0578125 0.196875
0 0.478125 0.62890625 0.0703125 0.21015625
0 0.42265625 0.6140625 0.0703125 0.178125