0 0.27578125 0.62109375 0.05078125 0.1421875
0 0.48984375 0.44296875 0.04296875 0.11640625
0 0.5359375 0.8421875 0.0546875 0.1828125
0 0.35390625 0.5109375 0.04765625 0.12421875
0 0.5046875 0.71171875 0.053125 0.159375
0 0.621875 0.703125 0.06171875 0.125
0 0.81484375 0.82578125 0.07890625 0.1765625
0 0.24453125 0.45390625 0.04296875 0.11796875
0 0.5953125 0.6578125 0.05390625 0.1203125
0 0.86015625 0.5875 0.03515625 0.14375
0 0.14140625 0.57890625 0.05078125 0.14140625
0 0.71328125 0.584375 0.03984375 0.15703125
0 0.55 0.6453125 0.05234375 0.115625
1 0.0734375 0.6359375 0.046875 0.175
0 0.425 0.59453125 0.05859375 0.1015625
0 0.25078125 0.6921875 0.05078125 0.15546875
0 0.3359375 0.3546875 0.03828125 0.1015625
0 0.44296875 0.6328125 0.06796875 0.1171875
1 0.26171875 0.30390625 0.0296875 0.10859375
0 0.4703125 0.6484375 0.0578125 0.1078125
0 0.18515625 0.359375 0.03046875 0.109375
1 0.75390625 0.92109375 0.053125 0.15703125
0 0.50703125 0.60859375 0.053125 0.09296875
0 0.50546875 0.56015625 0.04921875 0.0671875
0 0.50859375 0.5875 0.05078125 0.0765625