0 0.8140625 0.521875 0.03359375 0.12578125
0 0.72421875 0.55 0.03984375 0.12890625
1 0.95 0.8578125 0.034375 0.19921875
0 0.915625 0.5171875 0.0328125 0.125
0 0.43984375 0.5578125 0.03359375 0.125
1 0.2328125 0.6265625 0.0328125 0.13671875
0 0.178125 0.52578125 0.03515625 0.12734375
0 0.51875 0.56640625 0.0265625 0.13671875
0 0.54765625 0.56953125 0.02421875 0.1390625
1 0.5 0.40078125 0.0265625 0.0984375
0 0.5765625 0.56640625 0.0359375 0.1390625
0 0.61171875 0.59921875 0.02421875 0.1421875
0 0.484375 0.57578125 0.03046875 0.11328125
1 0.1546875 0.44296875 0.0234375 0.11875
0 0.47890625 0.528125 0.0296875 0.1171875
0 0.2734375 0.5359375 0.03515625 0.125
0 0.3328125 0.496875 0.0234375 0.1109375
0 0.38359375 0.52890625 0.03359375 0.11875
0 0.3375 0.553125 0.028125 0.134375
0 0.39140625 0.49375 0.03359375 0.0921875
0 0.41328125 0.53203125 0.03046875 0.12578125
0 0.35859375 0.53125 0.02109375 0.125
0 0.415625 0.52578125 0.02734375 0.12890625
1 0.4046875 0.53515625 0.0328125 0.1171875
0 0.38828125 0.54140625 0.02578125 0.1203125
0 0.33515625 0.47421875 0.0125 0.03203125