0 0.42421875 0.8484375 0.0484375 0.19375
0 0.46796875 0.55078125 0.046875 0.1203125
0 0.2609375 0.71171875 0.04296875 0.1484375
0 0.42109375 0.509375 0.0640625 0.1296875
0 0.33046875 0.55078125 0.04609375 0.1421875
0 0.66796875 0.5203125 0.04609375 0.13671875
0 0.38125 0.61796875 0.0359375 0.1375
0 0.83046875 0.8234375 0.0625 0.17890625
0 0.71015625 0.53515625 0.03828125 0.13671875
0 0.046875 0.48125 0.03984375 0.1203125
0 0.0671875 0.42578125 0.03359375 0.09453125
0 0.23046875 0.44765625 0.0296875 0.11328125
1 0.24296875 0.60546875 0.0421875 0.1484375
0 0.57890625 0.6125 0.059375 0.14453125
1 0.8171875 0.40625 0.0265625 0.11953125
0 0.6265625 0.59609375 0.0484375 0.1359375
1 0.19296875 0.325 0.0296875 0.10390625
0 0.31953125 0.4390625 0.0328125 0.0890625
0 0.53828125 0.578125 0.05078125 0.12265625
0 0.290625 0.38984375 0.03359375 0.09375
0 0.81640625 0.73125 0.03828125 0.140625
0 0.5296875 0.5078125 0.0328125 0.1125
0 0.58125 0.55546875 0.0453125 0.10546875
0 0.51640625 0.52734375 0.04296875 0.10546875