0 0.484375 0.81484375 0.0578125 0.16015625
0 0.66328125 0.69140625 0.05078125 0.1609375
1 0.8578125 0.61015625 0.03203125 0.1640625
0 0.725 0.43046875 0.0375 0.109375
0 0.89375 0.55390625 0.04609375 0.134375
0 0.43515625 0.59296875 0.0609375 0.14765625
0 0.6703125 0.584375 0.03515625 0.12109375
0 0.16328125 0.58125 0.03046875 0.12734375
0 0.47265625 0.4046875 0.0265625 0.11953125
0 0.3703125 0.78671875 0.07421875 0.16015625
1 0.24765625 0.90390625 0.0515625 0.1921875
0 0.4765625 0.59375 0.04921875 0.14375
1 0.71796875 0.2890625 0.03125 0.10078125
0 0.5171875 0.5953125 0.04921875 0.1203125
0 0.7359375 0.34375 0.03828125 0.10390625
0 0.40234375 0.66171875 0.05078125 0.15390625
0 0.378125 0.67578125 0.0515625 0.15703125
0 0.7125 0.34921875 0.03359375 0.09609375
0 0.4953125 0.5796875 0.040625 0.159375
0 0.5203125 0.52890625 0.0359375 0.12734375
0 0.47265625 0.5375 0.025 0.0953125
0 0.496875 0.5296875 0.03359375 0.1046875
0 0.28046875 0.57578125 0.03046875 0.13203125