0 0.9359375 0.40703125 0.0359375 0.17109375
0 0.70625 0.459375 0.04296875 0.1703125
0 0.59375 0.6046875 0.07890625 0.1203125
0 0.50625 0.25546875 0.0375 0.1140625
0 0.50859375 0.571875 0.05625 0.10078125
1 0.81171875 0.40390625 0.0390625 0.15859375
0 0.55625 0.5515625 0.06015625 0.103125
0 0.765625 0.503125 0.04609375 0.18125
0 0.896875 0.59921875 0.0421875 0.196875
0 0.409375 0.6453125 0.04921875 0.19453125
0 0.2515625 0.53125 0.05234375 0.19375
0 0.296875 0.33828125 0.0421875 0.1359375
0 0.79453125 0.54375 0.0421875 0.1859375
0 0.528125 0.49296875 0.05703125 0.0859375
0 0.49453125 0.6578125 0.07265625 0.13046875
0 0.4 0.503125 0.0578125 0.125
0 0.43203125 0.521875 0.05703125 0.13515625
0 0.30625 0.259375 0.03671875 0.1203125
0 0.48515625 0.52890625 0.06171875 0.10078125
1 0.79140625 0.9265625 0.06171875 0.14375
0 0.47890625 0.60078125 0.06171875 0.11640625
0 0.2328125 0.51015625 0.0484375 0.178125
1 0.315625 0.1875 0.03046875 0.11171875
0 0.65703125 0.61328125 0.04296875 0.190625
0 0.46875 0.33359375 0.03671875 0.13984375
0 0.46875 0.578125 0.06015625 0.11484375
0 0.48828125 0.5484375 0.06171875 0.10078125