0 0.28359375 0.36875 0.05078125 0.14921875
0 0.73515625 0.5359375 0.053125 0.2015625
0 0.8078125 0.34765625 0.03984375 0.15859375
1 0.1046875 0.509375 0.07578125 0.175
0 0.33828125 0.4515625 0.05078125 0.18828125
0 0.6078125 0.6515625 0.05859375 0.20703125
0 0.7609375 0.53125 0.05234375 0.20546875
0 0.52265625 0.509375 0.071875 0.1046875
0 0.6046875 0.47578125 0.05859375 0.1796875
0 0.62265625 0.41640625 0.05625 0.16328125
0 0.19765625 0.5046875 0.05078125 0.171875
1 0.4734375 0.8390625 0.0578125 0.21015625
1 0.49375 0.1 0.02734375 0.09609375
0 0.22109375 0.5 0.05390625 0.19296875
0 0.43671875 0.36640625 0.046875 0.1484375
0 0.41953125 0.509375 0.06953125 0.1203125
0 0.5375 0.38125 0.05078125 0.17109375
0 0.45625 0.50546875 0.05546875 0.1453125
0 0.46328125 0.39296875 0.04921875 0.14453125
0 0.47578125 0.4375 0.05 0.14921875
0 0.50703125 0.41015625 0.04453125 0.1484375
0 0.48984375 0.390625 0.04609375 0.1296875