0 0.81484375 0.65 0.05390625 0.1359375
0 0.41328125 0.653125 0.0453125 0.1234375
0 0.51796875 0.54921875 0.04375 0.0875
0 0.33671875 0.54921875 0.0390625 0.09921875
0 0.90546875 0.72421875 0.0609375 0.15078125
0 0.3234375 0.68515625 0.0421875 0.16015625
0 0.66953125 0.58203125 0.0453125 0.1203125
0 0.5875 0.5015625 0.0359375 0.12578125
0 0.55078125 0.5625 0.040625 0.090625
0 0.7171875 0.81015625 0.05703125 0.159375
0 0.078125 0.53828125 0.04375 0.125
0 0.41953125 0.54375 0.0453125 0.0875
0 0.37109375 0.52578125 0.04375 0.0859375
0 0.4609375 0.575 0.05078125 0.09296875
0 0.34609375 0.4546875 0.03828125 0.1015625
1 0.67578125 0.43359375 0.0265625 0.09921875
0 0.55078125 0.496875 0.0359375 0.09140625
0 0.44375 0.51328125 0.03828125 0.071875
0 0.14453125 0.4609375 0.03203125 0.11015625
0 0.478125 0.5375 0.040625 0.07734375
1 0.2328125 0.4125 0.0265625 0.1
0 0.246875 0.51171875 0.0390625 0.10859375
0 0.23125 0.5859375 0.04375 0.11484375
0 0.4640625 0.51875 0.0359375 0.065625
1 0.21640625 0.5671875 0.040625 0.103125