0 0.79375 0.725 0.01953125 0.05703125
0 0.403125 0.7265625 0.02109375 0.06484375
0 0.64375 0.746875 0.02265625 0.06796875
0 0.4921875 0.73359375 0.02109375 0.06328125
0 0.56640625 0.7640625 0.0234375 0.06875
0 0.684375 0.6765625 0.01875 0.05546875
0 0.46796875 0.76953125 0.02578125 0.06640625
0 0.56953125 0.6578125 0.01640625 0.05078125
0 0.51015625 0.73203125 0.01953125 0.06484375
0 0.36015625 0.69921875 0.01796875 0.05390625
0 0.48203125 0.68046875 0.02109375 0.06171875
0 0.440625 0.70625 0.01953125 0.05625
0 0.65625 0.73046875 0.02265625 0.06875
1 0.7703125 0.66015625 0.01796875 0.05546875
0 0.2984375 0.71796875 0.01953125 0.05859375
0 0.3453125 0.70703125 0.01953125 0.05625
0 0.2203125 0.70078125 0.02109375 0.05625
0 0.30859375 0.75078125 0.01796875 0.06328125
1 0.565625 0.61171875 0.01640625 0.05
0 0.428125 0.7109375 0.01796875 0.06328125
0 0.30703125 0.6640625 0.015625 0.05390625
0 0.21640625 0.69765625 0.0203125 0.0546875
0 0.30859375 0.7328125 0.01796875 0.05859375
0 0.2828125 0.6625 0.01640625 0.05078125
0 0.26640625 0.66640625 0.01875 0.046875