0 0.6 0.2984375 0.0296875 0.13671875
0 0.14609375 0.59375 0.06796875 0.175
0 0.16171875 0.3515625 0.0328125 0.140625
0 0.503125 0.29375 0.028125 0.1328125
0 0.5578125 0.3734375 0.03125 0.1421875
1 0.24140625 0.33828125 0.0359375 0.13515625
0 0.0265625 0.40546875 0.03515625 0.15703125
0 0.65078125 0.25859375 0.0296875 0.11953125
0 0.07109375 0.2265625 0.02578125 0.09921875
1 0.73046875 0.1515625 0.0296875 0.1109375
0 0.4609375 0.37890625 0.0328125 0.1578125
1 0.875 0.6390625 0.04453125 0.1921875
0 0.01171875 0.59765625 0.02265625 0.18515625
0 0.70390625 0.2359375 0.0265625 0.125
0 0.465625 0.2953125 0.03203125 0.140625
0 0.7734375 0.2546875 0.02109375 0.125
0 0.6921875 0.20390625 0.0265625 0.1109375
0 0.753125 0.2546875 0.02109375 0.1265625
1 0.1375 0.09296875 0.0234375 0.08359375
0 0.634375 0.66328125 0.06171875 0.13125
0 0.753125 0.24921875 0.02265625 0.1359375
0 0.67421875 0.6984375 0.0640625 0.1109375