0 0.7078125 0.6171875 0.0703125 0.1609375
0 0.4359375 0.6421875 0.0640625 0.14921875
0 0.36640625 0.5703125 0.0703125 0.146875
1 0.109375 0.6828125 0.046875 0.2046875
0 0.75078125 0.571875 0.0796875 0.15703125
0 0.6359375 0.56328125 0.0609375 0.15703125
0 0.596875 0.7421875 0.08359375 0.1890625
0 0.509375 0.76328125 0.06328125 0.15703125
0 0.09140625 0.54375 0.0546875 0.14453125
1 0.64609375 0.934375 0.065625 0.13125
0 0.42421875 0.49453125 0.05 0.13828125
1 0.484375 0.228125 0.03046875 0.10546875
0 0.6703125 0.47109375 0.0515625 0.13046875
0 0.59375 0.603125 0.06015625 0.146875
0 0.5203125 0.58203125 0.06953125 0.14921875
0 0.42421875 0.4390625 0.04765625 0.11953125
0 0.553125 0.63515625 0.07265625 0.13125
0 0.53046875 0.46796875 0.053125 0.11875
0 0.56484375 0.496875 0.053125 0.12734375
0 0.54375 0.5265625 0.05703125 0.1171875
0 0.53046875 0.4953125 0.053125 0.1234375