1 0.821875 0.62578125 0.028125 0.11953125
0 0.63828125 0.709375 0.034375 0.11640625
0 0.1265625 0.72109375 0.0484375 0.125
0 0.30234375 0.6859375 0.0453125 0.10078125
0 0.23046875 0.74140625 0.04140625 0.090625
0 0.27265625 0.678125 0.0484375 0.1140625
1 0.6671875 0.5984375 0.03046875 0.11953125
0 0.33125 0.68125 0.04296875 0.115625
0 0.54296875 0.721875 0.04453125 0.1125
0 0.44140625 0.65234375 0.0390625 0.10234375
0 0.4421875 0.72890625 0.03984375 0.10390625
0 0.5796875 0.6734375 0.0359375 0.125
0 0.4921875 0.6484375 0.03359375 0.115625
0 0.38203125 0.67890625 0.04296875 0.08359375
0 0.38125 0.70859375 0.04296875 0.09375
0 0.49296875 0.70625 0.03984375 0.10390625
0 0.51875 0.71015625 0.03828125 0.10078125
0 0.353125 0.63984375 0.0375 0.10390625
0 0.41484375 0.70703125 0.03984375 0.10234375
0 0.5921875 0.68125 0.03515625 0.12109375
0 0.4328125 0.70546875 0.03984375 0.09375
0 0.5125 0.7046875 0.03671875 0.09765625
0 0.35234375 0.684375 0.040625 0.109375
0 0.4171875 0.68984375 0.03671875 0.08671875
0 0.546875 0.7609375 0.03671875 0.1125
0 0.484375 0.703125 0.0375 0.10390625