0 0.2625 0.46484375 0.046875 0.115625
0 0.6609375 0.509375 0.04609375 0.13984375
0 0.57734375 0.4515625 0.0421875 0.12578125
0 0.31328125 0.4375 0.04140625 0.14296875
0 0.2890625 0.440625 0.0390625 0.14140625
1 0.58125 0.3609375 0.03359375 0.1171875
0 0.50703125 0.5046875 0.04453125 0.13671875
0 0.37265625 0.38671875 0.0375 0.1296875
0 0.6234375 0.4890625 0.04140625 0.1359375
0 0.35390625 0.46796875 0.04375 0.1484375
0 0.38046875 0.51875 0.04296875 0.1046875
0 0.5375 0.5046875 0.0390625 0.12890625
0 0.4984375 0.44140625 0.04140625 0.1203125
0 0.62421875 0.42109375 0.0390625 0.10703125
0 0.396875 0.48046875 0.046875 0.11328125
0 0.55078125 0.48984375 0.03828125 0.12734375
0 0.540625 0.42734375 0.0375 0.1203125
0 0.00234375 0.50390625 0.0046875 0.11328125
0 0.5390625 0.403125 0.03359375 0.11171875
0 0.6484375 0.46796875 0.040625 0.1203125
0 0.6453125 0.4328125 0.04140625 0.1171875
0 0.3484375 0.425 0.03671875 0.11875