0 0.89921875 0.46484375 0.0453125 0.1515625
0 0.846875 0.58515625 0.06015625 0.18671875
0 0.61640625 0.578125 0.04609375 0.18125
0 0.19453125 0.49609375 0.04453125 0.16796875
0 0.38984375 0.396875 0.0453125 0.1515625
0 0.0859375 0.3265625 0.03515625 0.128125
0 0.20625 0.359375 0.0359375 0.1296875
0 0.9765625 0.38125 0.0453125 0.13984375
0 0.26953125 0.46953125 0.04609375 0.16171875
0 0.55625 0.4875 0.03828125 0.17109375
0 0.47265625 0.57890625 0.05546875 0.16328125
0 0.24453125 0.6765625 0.05234375 0.190625
0 0.2484375 0.45625 0.04140625 0.14609375
1 0.584375 0.38671875 0.03828125 0.140625
0 0.50859375 0.56171875 0.05859375 0.16484375
0 0.2546875 0.36640625 0.0390625 0.12578125
0 0.29140625 0.3359375 0.03828125 0.13046875
0 0.4734375 0.43359375 0.03828125 0.13515625
0 0.4671875 0.5109375 0.046875 0.1390625
0 0.328125 0.3453125 0.0390625 0.13515625
1 0.6328125 0.15078125 0.025 0.084375
0 0.31328125 0.390625 0.04375 0.13671875
0 0.50390625 0.47734375 0.04140625 0.14921875
1 0.45 0.715625 0.0546875 0.16640625
0 0.56328125 0.38359375 0.03671875 0.1140625
0 0.30625 0.35234375 0.0375 0.13046875