0 0.840625 0.553125 0.05234375 0.15234375
0 0.61484375 0.46171875 0.0375 0.14140625
0 0.74296875 0.428125 0.028125 0.1453125
0 0.31640625 0.52109375 0.03046875 0.1640625
0 0.4453125 0.3859375 0.0375 0.13203125
0 0.46796875 0.44375 0.0296875 0.1375
0 0.3953125 0.36875 0.028125 0.128125
0 0.24609375 0.37578125 0.0296875 0.12890625
0 0.9203125 0.503125 0.03359375 0.16015625
0 0.621875 0.4265625 0.03359375 0.07734375
1 0.065625 0.24921875 0.02109375 0.08671875
0 0.56015625 0.42265625 0.03203125 0.08671875
0 0.08984375 0.4359375 0.0265625 0.13671875
0 0.52109375 0.37265625 0.0359375 0.04140625
0 0.5125 0.34609375 0.01796875 0.096875
0 0.58828125 0.46640625 0.03203125 0.09140625
0 0.61484375 0.3578125 0.025 0.1
0 0.51875 0.4359375 0.046875 0.09296875
0 0.5890625 0.384375 0.02578125 0.1203125
0 0.5078125 0.36640625 0.03046875 0.09296875
0 0.54765625 0.371875 0.04296875 0.02578125
1 0.375 0.421875 0.02890625 0.134375
0 0.38984375 0.4078125 0.02421875 0.1359375
0 0.65546875 0.43984375 0.03984375 0.08125