0 0.8015625 0.6296875 0.05234375 0.13203125
0 0.41171875 0.63359375 0.04375 0.11953125
0 0.51328125 0.5328125 0.0421875 0.084375
0 0.33828125 0.5328125 0.0375 0.09609375
0 0.8890625 0.70234375 0.059375 0.14609375
0 0.325 0.6640625 0.040625 0.15546875
0 0.66015625 0.5640625 0.04375 0.11640625
0 0.58125 0.4859375 0.03515625 0.121875
0 0.5453125 0.5453125 0.0390625 0.0875
0 0.70625 0.78515625 0.05546875 0.15390625
0 0.0875 0.521875 0.0421875 0.12109375
0 0.41796875 0.52734375 0.04375 0.084375
0 0.37109375 0.509375 0.0421875 0.08359375
0 0.4578125 0.5578125 0.04921875 0.090625
0 0.346875 0.440625 0.03671875 0.0984375
1 0.665625 0.4203125 0.02578125 0.09609375
0 0.5453125 0.48203125 0.03515625 0.0890625
0 0.4421875 0.496875 0.03671875 0.06953125
0 0.1515625 0.446875 0.03125 0.10703125
0 0.475 0.52109375 0.0390625 0.075
1 0.2375 0.4 0.02578125 0.096875
0 0.25078125 0.49609375 0.0375 0.10546875
0 0.2359375 0.56796875 0.0421875 0.1109375
0 0.4609375 0.503125 0.03515625 0.0640625
1 0.22109375 0.55 0.0390625 0.1