0 0.5234375 0.7171875 0.0578125 0.2953125
0 0.07734375 0.6671875 0.0609375 0.2921875
0 0.296875 0.7 0.059375 0.296875
0 0.1375 0.528125 0.0796875 0.26171875
1 0.9234375 0.83984375 0.07421875 0.31953125
0 0.22109375 0.48828125 0.046875 0.25859375
0 0.8640625 0.69609375 0.05625 0.3171875
0 0.775 0.865625 0.07734375 0.26796875
0 0.721875 0.74765625 0.06484375 0.32578125
0 0.75 0.609375 0.05234375 0.26484375
0 0.71953125 0.596875 0.05390625 0.2625
0 0.9875 0.68125 0.025 0.13203125
0 0.3640625 0.53203125 0.05546875 0.221875
0 0.37578125 0.496875 0.03671875 0.2359375
0 0.4328125 0.559375 0.0796875 0.23828125
0 0.4734375 0.58359375 0.0625 0.25625
0 0.46015625 0.5140625 0.04609375 0.23046875
0 0.521875 0.5578125 0.0515625 0.25625
0 0.38984375 0.6890625 0.06171875 0.3171875
1 0.4140625 0.47109375 0.0453125 0.23203125
0 0.3296875 0.515625 0.0375 0.26796875