0 0.47421875 0.553125 0.05 0.09453125
0 0.61015625 0.5890625 0.0421875 0.0921875
0 0.30703125 0.68984375 0.040625 0.146875
0 0.87890625 0.715625 0.05390625 0.16484375
0 0.4015625 0.58671875 0.0421875 0.10703125
0 0.62578125 0.76484375 0.04765625 0.1515625
0 0.575 0.61875 0.0421875 0.13515625
0 0.51875 0.58359375 0.0515625 0.08359375
0 0.77109375 0.62890625 0.05078125 0.1390625
0 0.6890625 0.53203125 0.03203125 0.11875
0 0.7921875 0.51640625 0.0359375 0.11484375
0 0.42265625 0.509375 0.040625 0.1125
0 0.36796875 0.41875 0.03203125 0.1
1 0.22265625 0.57890625 0.03359375 0.13125
0 0.16328125 0.4515625 0.03515625 0.1
0 0.24765625 0.57109375 0.040625 0.1234375
1 0.25078125 0.39453125 0.03125 0.1015625
0 0.54765625 0.59296875 0.046875 0.09609375
0 0.0515625 0.54140625 0.0359375 0.11875
0 0.534375 0.5359375 0.0421875 0.0640625
0 0.50625 0.51875 0.04453125 0.0734375
0 0.5703125 0.54296875 0.04140625 0.0640625
0 0.475 0.3765625 0.028125 0.09609375
0 0.5296875 0.5171875 0.0390625 0.0546875