0 0.35703125 0.7296875 0.03203125 0.12421875
0 0.703125 0.71640625 0.0390625 0.0890625
1 0.17578125 0.64921875 0.028125 0.11796875
0 0.73828125 0.70546875 0.040625 0.1078125
0 0.77109375 0.76328125 0.0390625 0.09453125
1 0.3328125 0.62265625 0.028125 0.11953125
0 0.89375 0.74609375 0.04296875 0.13125
0 0.49921875 0.74609375 0.0453125 0.07890625
0 0.55625 0.75703125 0.040625 0.10078125
0 0.50859375 0.67109375 0.03203125 0.109375
0 0.58984375 0.73046875 0.040625 0.090625
0 0.42578125 0.7390625 0.03984375 0.128125
0 0.53671875 0.73359375 0.03984375 0.0828125
0 0.56171875 0.67265625 0.03515625 0.0921875
0 0.65078125 0.71171875 0.03671875 0.1078125
0 0.67890625 0.71640625 0.03828125 0.09453125
0 0.4640625 0.72578125 0.03671875 0.11640625
0 0.61171875 0.71953125 0.040625 0.0828125
0 0.4515625 0.5921875 0.02890625 0.1109375
0 0.6484375 0.66484375 0.03359375 0.10234375
0 0.57421875 0.7359375 0.040625 0.09296875
0 0.409375 0.70703125 0.03515625 0.11953125
0 0.42109375 0.68984375 0.03359375 0.1109375
0 0.4484375 0.7296875 0.0359375 0.1125
0 0.5640625 0.72578125 0.03671875 0.07890625
0 0.45546875 0.78671875 0.02890625 0.12421875
0 0.6046875 0.70546875 0.03828125 0.07265625