0 0.5640625 0.515625 0.04296875 0.13046875
0 0.69296875 0.46640625 0.0421875 0.11640625
0 0.51484375 0.490625 0.0453125 0.14609375
0 0.728125 0.465625 0.04453125 0.128125
0 0.3625 0.4046875 0.0421875 0.134375
0 0.48125 0.4859375 0.05 0.121875
0 0.73046875 0.54296875 0.0453125 0.13046875
1 0.646875 0.34609375 0.03515625 0.1109375
0 0.775 0.425 0.0515625 0.09140625
1 0.80625 0.5109375 0.03828125 0.15
0 0.30625 0.49453125 0.04765625 0.1390625
0 0.4015625 0.48515625 0.05078125 0.115625
0 0.384375 0.45234375 0.04765625 0.1265625
0 0.621875 0.559375 0.05234375 0.109375
0 0.5984375 0.5421875 0.04921875 0.109375
0 0.446875 0.490625 0.04921875 0.125
0 0.43046875 0.453125 0.04375 0.0875
0 0.62421875 0.490625 0.0390625 0.07890625
0 0.4453125 0.459375 0.04609375 0.09140625
0 0.309375 0.4671875 0.0390625 0.11796875