0 0.12421875 0.56875 0.07578125 0.31953125
1 0.36796875 0.5734375 0.0640625 0.30859375
0 0.2140625 0.51171875 0.06640625 0.3171875
0 0.4828125 0.06796875 0.04765625 0.13515625
1 0.703125 0.8484375 0.0828125 0.303125
0 0.27890625 0.79921875 0.1015625 0.35546875
0 0.43125 0.828125 0.08359375 0.34375
0 0.47890625 0.6359375 0.075 0.31640625
0 0.5953125 0.7953125 0.07890625 0.36484375
0 0.73125 0.66796875 0.07421875 0.36796875
0 0.684375 0.42421875 0.0671875 0.13984375
0 0.684375 0.59140625 0.05703125 0.29375
0 0.65703125 0.65625 0.059375 0.29921875
0 0.546875 0.5296875 0.046875 0.13125
0 0.41796875 0.48984375 0.06328125 0.165625
0 0.52578125 0.86640625 0.06796875 0.2671875
0 0.4171875 0.6421875 0.0609375 0.14921875
0 0.484375 0.684375 0.07734375 0.07265625
0 0.56015625 0.7375 0.22890625 0.0515625
0 0.54140625 0.63125 0.05234375 0.146875
0 0.5828125 0.5625 0.053125 0.209375