0 0.6125 0.58828125 0.0328125 0.15625
0 0.70546875 0.56328125 0.0359375 0.16171875
0 0.9640625 0.4140625 0.0359375 0.125
0 0.83125 0.384375 0.0203125 0.12109375
0 0.6078125 0.42890625 0.0296875 0.134375
1 0.3953125 0.43203125 0.02578125 0.13359375
0 0.9171875 0.4078125 0.0359375 0.12890625
0 0.86015625 0.42421875 0.03828125 0.13359375
0 0.575 0.4515625 0.0296875 0.13515625
1 0.296875 0.30390625 0.02265625 0.10234375
0 0.7953125 0.365625 0.034375 0.11953125
1 0.88359375 0.34765625 0.02734375 0.1109375
0 0.009375 0.3921875 0.01875 0.12734375
0 0.58125 0.42109375 0.02734375 0.12265625
0 0.828125 0.38984375 0.0234375 0.10859375
0 0.7984375 0.36328125 0.0265625 0.11171875