0 0.6265625 0.6546875 0.0609375 0.1390625
0 0.82890625 0.64765625 0.03359375 0.146875
0 0.62109375 0.5140625 0.03828125 0.11796875
1 0.22890625 0.7640625 0.04609375 0.175
0 0.759375 0.62421875 0.04453125 0.13828125
0 0.06875 0.52421875 0.03671875 0.11640625
0 0.359375 0.68359375 0.04296875 0.14609375
0 0.1140625 0.5078125 0.04375 0.121875
0 0.3 0.609375 0.0359375 0.0984375
0 0.50234375 0.603125 0.05703125 0.14609375
0 0.440625 0.62109375 0.04765625 0.125
0 0.5375 0.55703125 0.04296875 0.1359375
0 0.78203125 0.615625 0.03046875 0.15390625
0 0.37734375 0.60625 0.04453125 0.10625
1 0.109375 0.37578125 0.03125 0.090625
0 0.33203125 0.6015625 0.04140625 0.12109375
0 0.5625 0.55859375 0.046875 0.12109375
0 0.45 0.58671875 0.0484375 0.1
0 0.34765625 0.59609375 0.04140625 0.10546875
0 0.50390625 0.55390625 0.046875 0.1140625
0 0.4078125 0.60546875 0.0703125 0.04921875
0 0.5703125 0.58203125 0.0484375 0.07421875