0 0.4203125 0.778125 0.0640625 0.1515625
0 0.49375 0.703125 0.059375 0.134375
0 0.4515625 0.84296875 0.07578125 0.15546875
0 0.65 0.609375 0.03671875 0.1234375
0 0.8015625 0.71875 0.03984375 0.140625
0 0.6875 0.68984375 0.05546875 0.12890625
0 0.79609375 0.59921875 0.05078125 0.11640625
0 0.665625 0.49921875 0.03359375 0.10390625
1 0.759375 0.42421875 0.028125 0.0984375
0 0.365625 0.5390625 0.03984375 0.13046875
0 0.30859375 0.50078125 0.0375 0.10703125
0 0.8671875 0.4859375 0.03046875 0.10546875
1 0.30078125 0.45390625 0.0296875 0.10859375
0 0.7796875 0.52734375 0.034375 0.10390625
1 0.71953125 0.553125 0.0390625 0.115625
0 0.36796875 0.53984375 0.03046875 0.1140625
0 0.44921875 0.521875 0.034375 0.0890625
0 0.48125 0.5375 0.02578125 0.1015625
0 0.48515625 0.52109375 0.02109375 0.10625
0 0.4984375 0.528125 0.0203125 0.09140625
0 0.51015625 0.5390625 0.03671875 0.09453125
0 0.540625 0.540625 0.0328125 0.1078125
0 0.51015625 0.51171875 0.0296875 0.1078125
0 0.54453125 0.49921875 0.040625 0.09296875