1 0.946875 0.4921875 0.03828125 0.15
0 0.77421875 0.4828125 0.04609375 0.14609375
0 0.4046875 0.5453125 0.040625 0.109375
0 0.46171875 0.4984375 0.0375 0.140625
0 0.43125 0.45078125 0.03828125 0.11796875
0 0.58984375 0.55234375 0.04453125 0.11796875
0 0.49296875 0.48046875 0.04140625 0.13203125
0 0.40859375 0.453125 0.040625 0.121875
0 0.70703125 0.5125 0.05078125 0.11796875
0 0.671875 0.484375 0.04453125 0.13515625
0 0.6234375 0.4875 0.04375 0.12109375
0 0.60546875 0.4296875 0.0375 0.1125
1 0.565625 0.48671875 0.0375 0.128125
0 0.51796875 0.4734375 0.040625 0.1375
0 0.71484375 0.4015625 0.0375 0.0953125
0 0.67578125 0.4375 0.03984375 0.1109375
0 0.69296875 0.47734375 0.04375 0.1265625
0 0.69453125 0.4265625 0.040625 0.096875
0 0.7171875 0.47421875 0.04296875 0.121875
0 0.4203125 0.45078125 0.03984375 0.1234375
0 0.5421875 0.4640625 0.040625 0.128125
1 0.4359375 0.39453125 0.03359375 0.11796875
0 0.56875 0.4484375 0.0390625 0.1140625
0 0.59921875 0.48984375 0.03828125 0.109375