0 0.19453125 0.48984375 0.03203125 0.1375
1 0.11484375 0.346875 0.02421875 0.078125
1 0.56171875 0.44765625 0.02421875 0.11171875
0 0.709375 0.44453125 0.02421875 0.11875
0 0.61171875 0.46484375 0.03046875 0.1234375
0 0.6015625 0.42890625 0.02578125 0.11015625
0 0.42734375 0.47578125 0.0296875 0.078125
0 0.45 0.46875 0.02734375 0.10859375
0 0.478125 0.4640625 0.03203125 0.11640625
0 0.47734375 0.46953125 0.03203125 0.12578125
0 0.4046875 0.47421875 0.034375 0.11328125
0 0.40546875 0.4515625 0.021875 0.12265625
0 0.36171875 0.4625 0.034375 0.1140625
0 0.3515625 0.45078125 0.02734375 0.109375
0 0.32890625 0.45703125 0.0234375 0.12578125
0 0.5453125 0.453125 0.021875 0.1234375
0 0.5328125 0.4390625 0.02421875 0.11015625
0 0.5015625 0.45625 0.02734375 0.1234375
0 0.44375 0.43828125 0.02890625 0.1140625
0 0.4421875 0.39609375 0.01875 0.06171875
0 0.378125 0.44375 0.03359375 0.1328125
0 0.3921875 0.39765625 0.021875 0.084375