0 0.5921875 0.484375 0.04765625 0.1265625
1 0.475 0.4703125 0.03515625 0.12890625
0 0.4421875 0.3765625 0.03515625 0.096875
1 0.26796875 0.321875 0.0265625 0.08203125
0 0.1796875 0.4109375 0.0359375 0.10546875
0 0.6953125 0.478125 0.05234375 0.11796875
0 0.4953125 0.41796875 0.03515625 0.10546875
0 0.565625 0.4125 0.0390625 0.1140625
1 0.8828125 0.378125 0.03203125 0.1015625
0 0.7921875 0.415625 0.028125 0.125
0 0.64921875 0.440625 0.0390625 0.1234375
0 0.8265625 0.496875 0.0375 0.0875
0 0.196875 0.365625 0.03046875 0.0875
0 0.1671875 0.37734375 0.03515625 0.090625
0 0.79921875 0.4890625 0.040625 0.10546875
0 0.53828125 0.42109375 0.040625 0.1109375
0 0.59921875 0.3875 0.0375 0.0859375
0 0.51875 0.415625 0.0375 0.1
0 0.803125 0.4734375 0.04765625 0.125
0 0.5359375 0.3984375 0.03671875 0.1
0 0.6359375 0.4234375 0.03515625 0.10546875
0 0.55 0.415625 0.03046875 0.12890625