1 0.984375 0.8875 0.03046875 0.225
0 0.96328125 0.459375 0.04375 0.1671875
1 0.26484375 0.2921875 0.03515625 0.13515625
1 0.83359375 0.23125 0.034375 0.12265625
0 0.16171875 0.57578125 0.04375 0.1828125
0 0.17109375 0.553125 0.05859375 0.17265625
0 0.21953125 0.6390625 0.04609375 0.19375
0 0.27109375 0.57890625 0.0453125 0.1578125
0 0.28359375 0.52421875 0.05 0.1640625
0 0.3328125 0.553125 0.053125 0.18984375
0 0.33125 0.5109375 0.0390625 0.175
0 0.38203125 0.5828125 0.05625 0.18125
0 0.51015625 0.55859375 0.03828125 0.171875
0 0.55859375 0.58984375 0.0328125 0.17890625
1 0.5875 0.55703125 0.04453125 0.1328125
0 0.46328125 0.484375 0.04453125 0.171875
0 0.66640625 0.53671875 0.0390625 0.17890625
0 0.6515625 0.521875 0.02734375 0.16875
0 0.63828125 0.50078125 0.03515625 0.17109375
0 0.59296875 0.48828125 0.0359375 0.1640625
0 0.6015625 0.428125 0.0375 0.14609375
0 0.5828125 0.4015625 0.03046875 0.14921875
0 0.83046875 0.56484375 0.0375 0.17265625
0 0.8171875 0.5015625 0.03984375 0.17890625
0 0.77734375 0.5359375 0.02890625 0.17109375
0 0.75078125 0.47890625 0.04453125 0.16328125