1 0.6296875 0.4390625 0.02578125 0.14296875
1 0.20546875 0.28359375 0.01875 0.090625
1 0.75859375 0.26484375 0.01640625 0.071875
1 0.50078125 0.796875 0.0609375 0.2734375
0 0.88515625 0.57421875 0.046875 0.2046875
0 0.9203125 0.40546875 0.0375 0.11796875
0 0.48359375 0.32890625 0.03359375 0.09765625
0 0.41953125 0.359375 0.02578125 0.115625
0 0.3125 0.365625 0.02109375 0.1203125
0 0.33046875 0.33203125 0.015625 0.09375
0 0.52109375 0.62734375 0.0859375 0.225
0 0.23671875 0.45703125 0.053125 0.1296875
0 0.18515625 0.44609375 0.0421875 0.11328125
0 0.15 0.4671875 0.04609375 0.12578125
0 0.08125 0.45390625 0.025 0.15390625
0 0.24140625 0.48671875 0.04375 0.14375
0 0.2734375 0.51796875 0.0546875 0.12421875
0 0.3171875 0.525 0.071875 0.18046875
0 0.33046875 0.5171875 0.03515625 0.1640625
0 0.34296875 0.48515625 0.04921875 0.15625
0 0.3515625 0.4890625 0.05703125 0.13359375
0 0.42890625 0.47734375 0.03984375 0.1140625
0 0.471875 0.50078125 0.040625 0.13046875
0 0.47265625 0.553125 0.06328125 0.13203125
0 0.48671875 0.5203125 0.0375 0.1140625