0 0.5234375 0.68359375 0.05 0.15078125
0 0.56171875 0.6203125 0.0484375 0.09609375
0 0.30546875 0.5953125 0.0484375 0.13671875
0 0.56640625 0.809375 0.05546875 0.16015625
0 0.63046875 0.6796875 0.05625 0.1078125
0 0.5109375 0.4296875 0.03671875 0.10390625
0 0.28515625 0.43984375 0.04140625 0.109375
0 0.8140625 0.7921875 0.07578125 0.16796875
0 0.178125 0.55703125 0.040625 0.128125
0 0.60625 0.6296875 0.0515625 0.109375
0 0.4203125 0.51484375 0.034375 0.1203125
0 0.346875 0.6671875 0.04921875 0.1453125
0 0.7171875 0.56796875 0.03125 0.1515625
1 0.11015625 0.6109375 0.04609375 0.1640625
0 0.859375 0.5671875 0.03671875 0.12890625
0 0.453125 0.57578125 0.046875 0.08046875
0 0.24375 0.35390625 0.0328125 0.0984375
0 0.36171875 0.34453125 0.03125 0.09453125
0 0.4796875 0.63828125 0.071875 0.11328125
0 0.5265625 0.590625 0.05 0.09140625
1 0.29140625 0.29609375 0.025 0.09921875
0 0.46796875 0.603125 0.05859375 0.078125
0 0.52109375 0.5359375 0.04609375 0.02734375
1 0.7703125 0.90546875 0.07890625 0.18828125
0 0.52890625 0.55859375 0.04921875 0.05234375