0 0.953125 0.13984375 0.06171875 0.190625
0 0.05390625 0.17265625 0.0546875 0.19296875
0 0.915625 0.3921875 0.0609375 0.215625
1 0.7421875 0.24765625 0.04921875 0.20390625
0 0.8421875 0.125 0.05 0.18359375
0 0.675 0.46015625 0.065625 0.22109375
0 0.6109375 0.453125 0.0625 0.2015625
0 0.990625 0.43671875 0.01875 0.19296875
0 0.75546875 0.109375 0.0578125 0.196875
0 0.6109375 0.20390625 0.06015625 0.23359375
0 0.6453125 0.34609375 0.0546875 0.175
1 0.721875 0.490625 0.05625 0.209375
0 0.525 0.40625 0.05390625 0.1515625
0 0.5484375 0.221875 0.05 0.2015625
0 0.0640625 0.9265625 0.065625 0.146875
0 0.3203125 0.5953125 0.05859375 0.22890625