0 0.11484375 0.590625 0.09140625 0.3234375
1 0.3203125 0.55078125 0.0828125 0.31640625
0 0.1859375 0.4671875 0.08515625 0.31171875
0 0.4609375 0.065625 0.04296875 0.12890625
1 0.74140625 0.84296875 0.08359375 0.31328125
0 0.12265625 0.84296875 0.09296875 0.30859375
0 0.403125 0.8890625 0.0859375 0.221875
0 0.4140625 0.81171875 0.0828125 0.22890625
0 0.56640625 0.821875 0.07890625 0.35546875
0 0.7234375 0.63359375 0.07578125 0.36796875
0 0.678125 0.50234375 0.06328125 0.29921875
0 0.65078125 0.55859375 0.06875 0.29765625
0 0.60078125 0.65234375 0.06171875 0.3015625
0 0.5859375 0.5046875 0.0578125 0.1015625
0 0.43828125 0.5625 0.071875 0.3109375
0 0.49140625 0.640625 0.07421875 0.33203125
0 0.44609375 0.64453125 0.05703125 0.1109375
0 0.484375 0.684375 0.07734375 0.07265625
0 0.5625 0.73046875 0.22578125 0.03828125
0 0.55390625 0.64375 0.0515625 0.11015625
0 0.5390625 0.5890625 0.0625 0.0671875