0 0.6734375 0.68984375 0.028125 0.1234375
1 0.846875 0.61484375 0.0265625 0.115625
0 0.1640625 0.70625 0.0390625 0.1234375
1 0.703125 0.58984375 0.0265625 0.1125
0 0.31015625 0.66875 0.040625 0.10703125
0 0.3421875 0.67890625 0.0375 0.0859375
0 0.36796875 0.678125 0.0359375 0.09140625
0 0.27734375 0.721875 0.0375 0.09453125
0 0.52734375 0.63671875 0.0296875 0.10390625
0 0.540625 0.70703125 0.046875 0.08046875
0 0.4828125 0.71640625 0.0359375 0.096875
0 0.47890625 0.634375 0.03125 0.096875
0 0.39375 0.67578125 0.03359375 0.10390625
0 0.3953125 0.63203125 0.03125 0.103125
0 0.50390625 0.696875 0.0359375 0.0765625
0 0.428125 0.68359375 0.0375 0.0859375
0 0.6109375 0.7015625 0.03984375 0.121875
0 0.45 0.690625 0.0375 0.08359375
0 0.5734375 0.67265625 0.03203125 0.10703125
0 0.6203125 0.6640625 0.03515625 0.11640625
0 0.58359375 0.55703125 0.0234375 0.1
0 0.58515625 0.690625 0.0359375 0.11953125
0 0.465625 0.69765625 0.0359375 0.0875
0 0.440625 0.66953125 0.03515625 0.06640625
0 0.471875 0.690625 0.03359375 0.075