0 0.3765625 0.66953125 0.06171875 0.21015625
0 0.45625 0.5640625 0.04140625 0.1984375
1 0.50703125 0.553125 0.03671875 0.178125
0 0.3703125 0.57265625 0.040625 0.184375
0 0.2546875 0.54921875 0.0375 0.1765625
0 0.60546875 0.525 0.03671875 0.178125
0 0.19296875 0.54765625 0.05390625 0.184375
0 0.659375 0.63828125 0.0515625 0.2
0 0.303125 0.63046875 0.04296875 0.1890625
0 0.54375 0.5328125 0.02734375 0.15625
0 0.3203125 0.57734375 0.0328125 0.18984375
0 0.146875 0.52734375 0.0375 0.17890625
0 0.13828125 0.5796875 0.0609375 0.18828125
0 0.11640625 0.58125 0.03203125 0.1828125
0 0.56640625 0.51875 0.0359375 0.1703125
0 0.015625 0.61640625 0.03125 0.196875
0 0.02890625 0.58125 0.034375 0.178125
0 0.0796875 0.5140625 0.03671875 0.17265625