0 0.02890625 0.9265625 0.0578125 0.146875
0 0.41015625 0.6140625 0.03671875 0.128125
1 0.27421875 0.58125 0.03828125 0.125
0 0.0109375 0.58671875 0.02109375 0.103125
0 0.546875 0.571875 0.040625 0.1296875
0 0.64140625 0.5203125 0.0421875 0.11953125
1 0.24609375 0.44453125 0.03046875 0.10234375
0 0.665625 0.56875 0.0484375 0.09921875
0 0.8171875 0.56015625 0.04296875 0.125
0 0.7046875 0.55390625 0.04453125 0.10234375
0 0.759375 0.5296875 0.0359375 0.11484375
0 0.78046875 0.56484375 0.04453125 0.1125
1 0.78515625 0.48359375 0.034375 0.1140625
0 0.51875 0.6140625 0.03984375 0.1265625
0 0.5078125 0.5703125 0.0390625 0.1265625
0 0.00546875 0.5359375 0.0109375 0.103125
0 0.68671875 0.55703125 0.0421875 0.090625
0 0.528125 0.565625 0.03828125 0.11640625
0 0.0125 0.56875 0.025 0.090625
0 0.65390625 0.509375 0.028125 0.0921875