0 0.40390625 0.59296875 0.040625 0.196875
0 0.46484375 0.4578125 0.03046875 0.1640625
1 0.42109375 0.33046875 0.03203125 0.1359375
0 0.22421875 0.52265625 0.028125 0.17109375
0 0.590625 0.40859375 0.0296875 0.14140625
1 0.77421875 0.39921875 0.040625 0.178125
0 0.340625 0.48671875 0.0390625 0.17421875
1 0.5390625 0.5015625 0.021875 0.16171875
0 0.2890625 0.471875 0.0328125 0.171875
0 0.5078125 0.534375 0.03046875 0.1734375
0 0.38125 0.43203125 0.0296875 0.05
0 0.6296875 0.49609375 0.03984375 0.1671875
0 0.84921875 0.365625 0.0359375 0.1421875
0 0.57421875 0.4734375 0.0265625 0.06953125
0 0.634375 0.53125 0.03515625 0.17421875
1 0.38203125 0.50703125 0.03203125 0.171875
0 0.409375 0.4890625 0.03125 0.159375
0 0.4375 0.46015625 0.02578125 0.171875
0 0.653125 0.49296875 0.0234375 0.1578125
0 0.59375 0.54453125 0.0375 0.1765625
0 0.44375 0.51796875 0.03984375 0.1890625
0 0.5703125 0.5703125 0.03515625 0.17265625
0 0.3640625 0.52109375 0.05 0.165625
0 0.4984375 0.475 0.04921875 0.1765625
0 0.47265625 0.4953125 0.0296875 0.171875