0 0.68046875 0.059375 0.0453125 0.11796875
0 0.428125 0.0640625 0.04921875 0.128125
0 0.53828125 0.059375 0.0453125 0.11796875
0 0.6375 0.35390625 0.06015625 0.21640625
0 0.4671875 0.1265625 0.05390625 0.1890625
0 0.06796875 0.07890625 0.0546875 0.153125
0 0.5921875 0.2125 0.05703125 0.203125
0 0.8515625 0.146875 0.05703125 0.2015625
1 0.78125 0.07578125 0.0484375 0.1515625
1 0.79140625 0.3921875 0.071875 0.26796875
0 0.7703125 0.43984375 0.05 0.1875
0 0.575 0.40703125 0.06953125 0.20546875
0 0.465625 0.39765625 0.0625 0.24296875
0 0.54375 0.36015625 0.05625 0.2375