0 0.584375 0.64609375 0.05703125 0.13359375
0 0.5109375 0.6375 0.05859375 0.09453125
0 0.265625 0.6515625 0.04296875 0.103125
0 0.41875 0.54140625 0.04296875 0.1109375
0 0.39296875 0.63359375 0.0484375 0.096875
1 0.5453125 0.49140625 0.03203125 0.13046875
0 0.2015625 0.609375 0.04765625 0.1
0 0.478125 0.67890625 0.05546875 0.103125
1 0.83671875 0.815625 0.0515625 0.171875
0 0.6140625 0.7953125 0.05390625 0.1765625
1 0.2328125 0.30234375 0.02890625 0.090625
0 0.23671875 0.54765625 0.0453125 0.0875
0 0.27265625 0.56484375 0.0453125 0.09609375
0 0.9375 0.74375 0.04140625 0.16796875
0 0.43515625 0.65703125 0.053125 0.096875
1 0.0109375 0.73515625 0.0203125 0.14609375
0 0.69375 0.603125 0.03828125 0.14453125
0 0.4546875 0.61171875 0.05078125 0.08203125
0 0.2671875 0.4953125 0.03828125 0.1015625
0 0.359375 0.60859375 0.04609375 0.09453125
0 0.58515625 0.5921875 0.0453125 0.115625
0 0.31875 0.60546875 0.04296875 0.10859375
0 0.3765625 0.58046875 0.04453125 0.075
0 0.3234375 0.44453125 0.03203125 0.1109375
0 0.33203125 0.553125 0.040625 0.08203125
0 0.3109375 0.603125 0.04296875 0.0984375