0 0.67890625 0.7125 0.06875 0.1546875
0 0.83984375 0.51640625 0.040625 0.13125
0 0.9109375 0.71328125 0.040625 0.15859375
0 0.6046875 0.52734375 0.028125 0.12265625
1 0.8265625 0.90546875 0.0421875 0.18828125
0 0.4828125 0.5484375 0.028125 0.11875
0 0.31953125 0.37109375 0.03984375 0.08515625
0 0.4484375 0.50234375 0.05 0.10703125
0 0.4828125 0.41484375 0.02578125 0.09765625
0 0.28359375 0.46796875 0.0234375 0.09765625
0 0.31328125 0.47734375 0.028125 0.10234375
0 0.4640625 0.475 0.02890625 0.10859375
1 0.2890625 0.334375 0.0203125 0.09453125
0 0.26484375 0.47421875 0.03671875 0.109375
1 0.7125 0.309375 0.01796875 0.08515625
0 0.40234375 0.503125 0.046875 0.11171875
0 0.4375 0.36171875 0.03125 0.07734375
0 0.36953125 0.44609375 0.0234375 0.053125
0 0.6265625 0.4546875 0.0484375 0.08984375
1 0.6265625 0.42578125 0.02890625 0.084375
0 0.3859375 0.47890625 0.0265625 0.103125
0 0.365625 0.4671875 0.04140625 0.10078125
0 0.3546875 0.440625 0.02578125 0.0984375
0 0.62578125 0.39296875 0.01484375 0.1
0 0.37109375 0.415625 0.01640625 0.0578125
0 0.39453125 0.4578125 0.02265625 0.11171875