0 0.5875 0.21953125 0.034375 0.13203125
0 0.403125 0.3671875 0.0375 0.1609375
0 0.17734375 0.57578125 0.040625 0.18359375
0 0.52734375 0.26953125 0.03046875 0.1390625
0 0.13359375 0.33828125 0.03125 0.14609375
1 0.20234375 0.30234375 0.0265625 0.1390625
0 0.496875 0.34765625 0.034375 0.14609375
0 0.03828125 0.39765625 0.0390625 0.16875
0 0.440625 0.26796875 0.03046875 0.1359375
0 0.01171875 0.19296875 0.0234375 0.1140625
0 0.68828125 0.2140625 0.028125 0.1171875
0 0.63515625 0.19609375 0.02734375 0.12421875
0 0.68359375 0.2015625 0.0203125 0.12890625
0 0.40546875 0.2546875 0.03671875 0.13203125
1 0.671875 0.10703125 0.02265625 0.103125
1 0.07421875 0.06015625 0.02421875 0.0828125
1 0.78046875 0.58515625 0.05703125 0.190625
0 0.63046875 0.16953125 0.02265625 0.11875
0 0.71484375 0.2171875 0.0328125 0.12109375
0 0.6875 0.61484375 0.053125 0.14609375