0 0.890625 0.49609375 0.0953125 0.3109375
0 0.971875 0.5671875 0.05546875 0.340625
1 0.021875 0.3375 0.04375 0.27109375
0 0.9578125 0.321875 0.071875 0.28046875
0 0.50234375 0.0890625 0.0546875 0.178125
1 0.9921875 0.03125 0.015625 0.0625
0 0.67109375 0.8390625 0.08203125 0.32109375
0 0.21796875 0.82734375 0.07734375 0.34453125
0 0.1796875 0.61875 0.05859375 0.30390625
0 0.62109375 0.6390625 0.059375 0.3359375
0 0.62578125 0.45703125 0.053125 0.15390625
0 0.528125 0.71796875 0.0875 0.36171875
0 0.271875 0.759375 0.0015625 0.0015625
0 0.2890625 0.73125 0.0625 0.42578125
0 0.31953125 0.43046875 0.05859375 0.1375
0 0.28984375 0.5078125 0.05703125 0.16484375
0 0.48046875 0.75 0.190625 0.08359375
0 0.42578125 0.57890625 0.06171875 0.30625
0 0.475 0.64296875 0.06953125 0.33125
0 0.54921875 0.4640625 0.0484375 0.0953125
0 0.32265625 0.70625 0.06953125 0.3703125
0 0.35390625 0.62734375 0.04609375 0.359375
0 0.52734375 0.559375 0.06484375 0.0734375
1 0.390625 0.80703125 0.065625 0.36875