0 0.653125 0.4328125 0.03203125 0.153125
0 0.74765625 0.37734375 0.0328125 0.13203125
0 0.3796875 0.39609375 0.02890625 0.14375
0 0.5859375 0.3734375 0.03359375 0.12734375
1 0.1234375 0.82109375 0.0640625 0.29296875
0 0.54453125 0.359375 0.0234375 0.134375
0 0.66015625 0.328125 0.0171875 0.11484375
1 0.459375 0.3546875 0.025 0.11640625
0 0.58515625 0.3375 0.01796875 0.11015625
0 0.4234375 0.378125 0.025 0.134375
0 0.51796875 0.34375 0.03828125 0.1109375
0 0.5796875 0.3328125 0.01875 0.13125
1 0.74375 0.31875 0.03515625 0.10859375
0 0.5125 0.32890625 0.01953125 0.11171875
0 0.48203125 0.33828125 0.0234375 0.11796875
0 0.3875 0.31796875 0.02890625 0.1078125
0 0.40703125 0.3359375 0.01796875 0.1078125
0 0.34296875 0.33046875 0.015625 0.11171875
0 0.33125 0.32265625 0.025 0.1
0 0.3109375 0.32578125 0.0234375 0.11953125
0 0.2671875 0.3265625 0.0265625 0.1109375
0 0.28359375 0.3375 0.028125 0.0796875
1 0.25625 0.2890625 0.01484375 0.08671875
0 0.6453125 0.33203125 0.01796875 0.1109375
0 0.5640625 0.3390625 0.0265625 0.1234375