0 0.6890625 0.46953125 0.0390625 0.1296875
1 0.8828125 0.44375 0.03046875 0.14140625
1 0.31640625 0.42578125 0.0296875 0.12265625
1 0.7640625 0.3203125 0.028125 0.0796875
0 0.265625 0.45859375 0.034375 0.12265625
1 0.9921875 0.3359375 0.015625 0.096875
0 0.55390625 0.41953125 0.03984375 0.11484375
0 0.33359375 0.46953125 0.0375 0.08125
0 0.46640625 0.45390625 0.0375 0.11015625
0 0.42109375 0.4625 0.040625 0.09296875
0 0.38359375 0.471875 0.03984375 0.08984375
0 0.1984375 0.43046875 0.0359375 0.1328125
0 0.51796875 0.446875 0.0359375 0.10859375
0 0.434375 0.446875 0.040625 0.0859375
0 0.40546875 0.409375 0.02265625 0.10703125
0 0.365625 0.46953125 0.03828125 0.09296875
0 0.49296875 0.45 0.03828125 0.103125
0 0.53203125 0.4328125 0.0359375 0.10546875
0 0.3609375 0.41171875 0.034375 0.096875
0 0.28125 0.41484375 0.028125 0.11171875
0 0.50234375 0.38515625 0.02421875 0.08359375
0 0.53203125 0.39140625 0.02734375 0.0859375
0 0.5078125 0.421875 0.03515625 0.0875
0 0.4625 0.43203125 0.0375 0.08125