0 0.30703125 0.609375 0.07109375 0.196875
1 0.034375 0.53515625 0.059375 0.2078125
0 0.11328125 0.31640625 0.040625 0.1484375
0 0.5140625 0.7359375 0.04921875 0.21640625
0 0.403125 0.51328125 0.05078125 0.178125
0 0.4140625 0.203125 0.0375 0.1359375
0 0.55625 0.475 0.0390625 0.19375
1 0.1 0.11640625 0.0375 0.12890625
0 0.4203125 0.56640625 0.07109375 0.203125
0 0.665625 0.7015625 0.07734375 0.190625
1 0.7359375 0.88671875 0.06015625 0.20234375
0 0.53125 0.590625 0.05625 0.1703125
0 0.49921875 0.47734375 0.06015625 0.153125
0 0.0453125 0.8578125 0.090625 0.18984375
0 0.66796875 0.6296875 0.0875 0.1515625
0 0.4609375 0.55625 0.06015625 0.196875
0 0.52578125 0.65859375 0.06328125 0.18125
0 0.47734375 0.50390625 0.05859375 0.15078125
0 0.49921875 0.58125 0.06171875 0.190625
0 0.0984375 0.88359375 0.059375 0.2328125
0 0.49296875 0.553125 0.05859375 0.18203125
0 0.69296875 0.621875 0.090625 0.14609375
0 0.44375 0.56328125 0.06640625 0.2109375