0 0.40703125 0.22109375 0.034375 0.13359375
0 0.59296875 0.36953125 0.0375 0.1625
0 0.82109375 0.58125 0.04140625 0.1859375
0 0.46796875 0.27109375 0.03125 0.140625
0 0.865625 0.340625 0.03203125 0.14765625
1 0.79609375 0.3046875 0.02734375 0.140625
0 0.4984375 0.35 0.034375 0.14765625
0 0.96171875 0.40078125 0.0390625 0.1703125
0 0.55546875 0.26953125 0.03046875 0.1375
0 0.98828125 0.19375 0.02265625 0.11484375
0 0.3046875 0.21484375 0.02890625 0.11796875
0 0.35859375 0.196875 0.028125 0.12578125
0 0.309375 0.20234375 0.0203125 0.13046875
0 0.590625 0.25546875 0.0375 0.13359375
1 0.32109375 0.10703125 0.02265625 0.1046875
1 0.92578125 0.059375 0.02421875 0.08359375
1 0.21171875 0.590625 0.0578125 0.1921875
0 0.36328125 0.16953125 0.02265625 0.11953125
0 0.27734375 0.21796875 0.0328125 0.12265625
0 0.30625 0.6203125 0.05390625 0.1484375