1 0.74765625 0.7484375 0.05390625 0.22421875
1 0.26484375 0.30703125 0.028125 0.078125
1 0.78828125 0.28828125 0.0171875 0.078125
1 0.65 0.4421875 0.02421875 0.1203125
0 0.45625 0.36171875 0.021875 0.10625
0 0.53515625 0.390625 0.0265625 0.08984375
0 0.621875 0.47265625 0.0390625 0.13671875
0 0.59140625 0.45625 0.03515625 0.12890625
0 0.5296875 0.45390625 0.03671875 0.1125
0 0.51640625 0.484375 0.0625 0.05703125
0 0.4953125 0.490625 0.05 0.06875
0 0.46796875 0.51875 0.02734375 0.1578125
0 0.4453125 0.53671875 0.0265625 0.17734375
0 0.4328125 0.48203125 0.02734375 0.15
0 0.39375 0.5390625 0.0359375 0.165625
0 0.6078125 0.38515625 0.025 0.11796875
0 0.35234375 0.48125 0.02578125 0.159375
0 0.3375 0.53046875 0.0421875 0.1671875
0 0.3046875 0.49765625 0.0296875 0.1578125
0 0.28671875 0.45625 0.02734375 0.140625
0 0.29453125 0.50078125 0.0625 0.06875
0 0.2515625 0.44453125 0.04375 0.1390625
0 0.16796875 0.46640625 0.02265625 0.15625
0 0.77890625 0.58203125 0.040625 0.209375