0 0.9546875 0.403125 0.0375 0.178125
0 0.71640625 0.4578125 0.04453125 0.1765625
0 0.59921875 0.60859375 0.08203125 0.125
0 0.50859375 0.2453125 0.0390625 0.11796875
0 0.51171875 0.57421875 0.05859375 0.1046875
1 0.82578125 0.40078125 0.040625 0.1640625
0 0.56015625 0.553125 0.0625 0.10703125
0 0.778125 0.503125 0.04765625 0.18828125
0 0.9140625 0.603125 0.04375 0.2046875
0 0.4078125 0.65078125 0.05078125 0.2015625
0 0.24453125 0.53203125 0.0546875 0.20078125
0 0.29140625 0.33203125 0.04375 0.14140625
0 0.8078125 0.5453125 0.04375 0.19296875
0 0.53125 0.49296875 0.05859375 0.0890625
0 0.496875 0.6640625 0.07578125 0.1359375
0 0.3984375 0.503125 0.06015625 0.1296875
0 0.43203125 0.5234375 0.059375 0.140625
0 0.3015625 0.25 0.03828125 0.125
0 0.48671875 0.53046875 0.0640625 0.1046875
1 0.80390625 0.93359375 0.0640625 0.1328125
0 0.48046875 0.6046875 0.0640625 0.12109375
0 0.22421875 0.5109375 0.05 0.184375
1 0.31015625 0.17578125 0.03203125 0.11640625
0 0.66484375 0.6171875 0.04453125 0.1984375
0 0.4703125 0.32734375 0.03828125 0.1453125
0 0.4703125 0.58046875 0.0625 0.11953125
0 0.490625 0.55078125 0.0640625 0.1046875