0 0.72109375 0.35859375 0.0515625 0.15703125
0 0.39140625 0.46328125 0.05625 0.209375
1 0.90390625 0.496875 0.078125 0.18828125
0 0.16875 0.3296875 0.040625 0.1640625
0 0.66171875 0.43828125 0.0515625 0.19921875
0 0.21875 0.5234375 0.0546875 0.21640625
0 0.46640625 0.49453125 0.0734375 0.11875
0 0.24453125 0.52109375 0.05390625 0.2171875
0 0.5625 0.3546875 0.04609375 0.16484375
0 0.3703125 0.4109375 0.04921875 0.184375
0 0.809375 0.4875 0.05390625 0.18046875
0 0.78515625 0.49140625 0.05546875 0.20390625
0 0.396875 0.6671875 0.05546875 0.20078125
1 0.50078125 0.0734375 0.02734375 0.1
0 0.57578125 0.496875 0.07109375 0.12890625
1 0.528125 0.84453125 0.06484375 0.2359375
0 0.540625 0.49453125 0.0609375 0.15546875
0 0.53828125 0.3734375 0.04765625 0.14453125
0 0.45625 0.3625 0.05 0.184375
0 0.51328125 0.42109375 0.0515625 0.16484375
0 0.4984375 0.36796875 0.04609375 0.1359375
0 0.46484375 0.3765625 0.05 0.18046875
0 0.48203125 0.38125 0.04375 0.159375