0 0.45546875 0.40546875 0.03671875 0.15
0 0.58125 0.715625 0.05859375 0.209375
0 0.746875 0.40859375 0.03359375 0.13984375
0 0.82421875 0.559375 0.034375 0.175
0 0.409375 0.49765625 0.04609375 0.16015625
0 0.51796875 0.56015625 0.04609375 0.16484375
0 0.65703125 0.37734375 0.03203125 0.13828125
0 0.67890625 0.45078125 0.04453125 0.13984375
0 0.825 0.390625 0.03359375 0.13203125
1 0.62109375 0.303125 0.034375 0.12109375
0 0.425 0.4265625 0.03984375 0.13671875
0 0.71640625 0.7328125 0.04765625 0.203125
0 0.77578125 0.2984375 0.02890625 0.11171875
1 0.74375 0.83046875 0.06015625 0.21015625
0 0.56484375 0.4421875 0.03671875 0.15703125
1 0.2515625 0.44453125 0.04296875 0.15703125
0 0.78984375 0.45390625 0.0375 0.153125
0 0.5640625 0.38515625 0.025 0.1484375
0 0.8078125 0.41015625 0.0265625 0.1296875
0 0.58125 0.40625 0.01875 0.13671875
0 0.7953125 0.428125 0.03515625 0.14609375
1 0.61640625 0.43671875 0.0375 0.1109375
0 0.584375 0.43515625 0.01953125 0.153125
0 0.584375 0.35546875 0.0140625 0.05859375
0 0.5734375 0.33203125 0.0140625 0.053125