0 0.30390625 0.38515625 0.0578125 0.18359375
0 0.8515625 0.3859375 0.06171875 0.18984375
0 0.4484375 0.27265625 0.04375 0.1578125
0 0.7765625 0.375 0.05390625 0.18359375
0 0.234375 0.48359375 0.06484375 0.196875
0 0.44921875 0.540625 0.06015625 0.20703125
0 0.9046875 0.31015625 0.05 0.16640625
0 0.99453125 0.4984375 0.0109375 0.20078125
1 0.11796875 0.56953125 0.0703125 0.22578125
0 0.740625 0.25703125 0.05234375 0.153125
1 0.78828125 0.0234375 0.0328125 0.046875
0 0.678125 0.69453125 0.0640625 0.22890625
0 0.425 0.74921875 0.06953125 0.20703125
0 0.59296875 0.74296875 0.06796875 0.22578125