1 0.96796875 0.540625 0.04453125 0.171875
1 0.12109375 0.35078125 0.0234375 0.08046875
0 0.58828125 0.4640625 0.021875 0.13515625
1 0.065625 0.4671875 0.02890625 0.13203125
1 0.54921875 0.4640625 0.021875 0.11640625
0 0.52421875 0.4890625 0.034375 0.10625
0 0.24453125 0.415625 0.0296875 0.109375
0 0.36875 0.4578125 0.02578125 0.128125
0 0.48515625 0.48203125 0.0296875 0.140625
0 0.396875 0.4609375 0.0234375 0.134375
0 0.4484375 0.47578125 0.0390625 0.13515625
0 0.5671875 0.4375 0.02109375 0.11484375
0 0.41640625 0.46015625 0.01796875 0.1234375
0 0.5390625 0.41484375 0.01640625 0.0578125
0 0.5296875 0.46328125 0.0265625 0.12890625
0 0.5109375 0.46796875 0.021875 0.13046875
0 0.51640625 0.42265625 0.0171875 0.0578125
0 0.471875 0.46015625 0.02734375 0.140625
0 0.39375 0.446875 0.02265625 0.1359375
0 0.41015625 0.45078125 0.01640625 0.12265625
0 0.43203125 0.459375 0.01953125 0.13359375
0 0.4390625 0.46640625 0.021875 0.13359375