0 0.60546875 0.65234375 0.0609375 0.1390625
0 0.82890625 0.64765625 0.03359375 0.146875
0 0.58984375 0.50625 0.03828125 0.11796875
1 0.22265625 0.75078125 0.04609375 0.175
0 0.759375 0.62421875 0.04453125 0.13828125
0 0.06328125 0.53203125 0.03671875 0.11640625
0 0.3359375 0.659375 0.04296875 0.14609375
0 0.10078125 0.52109375 0.04375 0.121875
0 0.29375 0.58359375 0.0359375 0.0984375
0 0.4171875 0.59609375 0.04765625 0.125
0 0.5328125 0.5625 0.04296875 0.1359375
0 0.78203125 0.615625 0.03046875 0.15390625
0 0.3765625 0.596875 0.04453125 0.10625
1 0.096875 0.37578125 0.021875 0.090625
0 0.3296875 0.584375 0.04140625 0.12109375
0 0.5625 0.55859375 0.046875 0.12109375
0 0.4546875 0.5859375 0.0203125 0.1
0 0.3484375 0.5671875 0.04296875 0.05234375
0 0.4078125 0.60546875 0.0703125 0.04921875
0 0.5828125 0.578125 0.0484375 0.07421875
0 0.47265625 0.5875 0.03359375 0.1640625
0 0.5203125 0.53125 0.02578125 0.078125