0 0.3 0.28203125 0.02109375 0.1203125
0 0.3328125 0.2953125 0.0203125 0.11796875
0 0.80390625 0.30390625 0.0234375 0.115625
0 0.56015625 0.31953125 0.0265625 0.10546875
0 0.74453125 0.371875 0.02578125 0.12265625
1 0.6484375 0.265625 0.01640625 0.10859375
0 0.4859375 0.19375 0.01875 0.0890625
0 0.46484375 0.35859375 0.02265625 0.121875
0 0.32109375 0.215625 0.01953125 0.09375
0 0.57109375 0.2421875 0.0171875 0.10078125
0 0.190625 0.29453125 0.0203125 0.11015625
0 0.60078125 0.27109375 0.01640625 0.1046875
0 0.47578125 0.2671875 0.021875 0.09765625
1 0.10234375 0.26640625 0.02734375 0.11015625
0 0.53359375 0.2859375 0.01875 0.11875
0 0.41640625 0.3015625 0.0171875 0.121875
0 0.44609375 0.29765625 0.0171875 0.1125
0 0.38515625 0.2578125 0.02421875 0.0921875
0 0.44609375 0.2046875 0.01796875 0.090625
0 0.40234375 0.2609375 0.0203125 0.10859375
0 0.57578125 0.22265625 0.01953125 0.09140625
0 0.4546875 0.2390625 0.02109375 0.1015625
0 0.43359375 0.278125 0.02265625 0.11015625
1 0.27109375 0.15234375 0.01796875 0.07890625
0 0.43203125 0.2921875 0.025 0.06015625