0 0.31640625 0.44140625 0.02421875 0.096875
0 0.5703125 0.42265625 0.01875 0.09140625
0 0.94453125 0.32421875 0.01640625 0.07890625
0 0.81796875 0.48125 0.02890625 0.11015625
0 0.6859375 0.54921875 0.03359375 0.11171875
0 0.6453125 0.6515625 0.03359375 0.134375
0 0.58359375 0.6375 0.02734375 0.1328125
0 0.53671875 0.6296875 0.03203125 0.1328125
0 0.50625 0.71953125 0.03828125 0.13828125
0 0.7625 0.7703125 0.04921875 0.14765625
0 0.93203125 0.75546875 0.046875 0.153125
0 0.784375 0.68125 0.0484375 0.12265625
0 0.5484375 0.74921875 0.03125 0.16171875
0 0.45703125 0.7203125 0.02578125 0.12890625
0 0.36171875 0.74453125 0.03046875 0.134375
0 0.32109375 0.78203125 0.028125 0.1515625
0 0.37578125 0.590625 0.0234375 0.13046875
0 0.396875 0.609375 0.02578125 0.12578125
0 0.45390625 0.61875 0.02890625 0.12265625
0 0.49609375 0.65078125 0.0234375 0.11953125
0 0.3875 0.79453125 0.03125 0.16484375
0 0.565625 0.82109375 0.040625 0.15
1 0.78203125 0.80703125 0.0375 0.153125
1 0.29375 0.7859375 0.0265625 0.15703125
1 0.65078125 0.22890625 0.02734375 0.0625