0 0.496875 0.3015625 0.01875 0.11484375
0 0.51875 0.19609375 0.01796875 0.084375
0 0.5921875 0.221875 0.01953125 0.1
0 0.19453125 0.371875 0.01953125 0.1171875
0 0.25390625 0.2765625 0.01953125 0.10859375
0 0.78203125 0.30234375 0.02734375 0.11484375
0 0.46484375 0.24609375 0.0203125 0.09296875
0 0.659375 0.30546875 0.0171875 0.10859375
0 0.390625 0.20859375 0.01484375 0.09140625
0 0.54609375 0.27734375 0.0203125 0.1015625
0 0.75859375 0.33046875 0.03359375 0.1109375
0 0.8140625 0.3171875 0.0265625 0.10234375
0 0.6875 0.296875 0.025 0.1140625
0 0.42578125 0.325 0.01875 0.11171875
0 0.609375 0.24921875 0.01640625 0.10546875
1 0.7890625 0.17265625 0.0203125 0.08515625
0 0.7203125 0.321875 0.025 0.1
0 0.70703125 0.29609375 0.02734375 0.10390625
0 0.40703125 0.271875 0.015625 0.09453125
0 0.8234375 0.2703125 0.01875 0.0984375
0 0.72265625 0.26640625 0.01640625 0.09140625
0 0.76640625 0.29453125 0.028125 0.1046875
1 0.39296875 0.28203125 0.0203125 0.1
0 0.74140625 0.28984375 0.025 0.10390625