0 0.06640625 0.325 0.0453125 0.1296875
0 0.21953125 0.2375 0.06015625 0.12265625
1 0.85390625 0.20234375 0.03671875 0.12578125
0 0.25 0.43671875 0.06875 0.14921875
0 0.1734375 0.28671875 0.07578125 0.1171875
0 0.7359375 0.29375 0.04609375 0.15546875
0 0.49609375 0.36328125 0.06171875 0.140625
0 0.32578125 0.26484375 0.0390625 0.12890625
0 0.48203125 0.30078125 0.04140625 0.14765625
0 0.359375 0.29921875 0.065625 0.1125
0 0.390625 0.409375 0.04375 0.15
0 0.5390625 0.3328125 0.06015625 0.1328125
1 0.13671875 0.08984375 0.03671875 0.10703125
0 0.509375 0.32109375 0.0296875 0.121875