0 0.37265625 0.29765625 0.0265625 0.11875
0 0.16953125 0.3890625 0.02734375 0.14375
0 0.13984375 0.56953125 0.0328125 0.17421875
0 0.3859375 0.5234375 0.028125 0.153125
0 0.4234375 0.53046875 0.02578125 0.16484375
0 0.5125 0.5390625 0.0234375 0.17421875
0 0.515625 0.4765625 0.025 0.14609375
0 0.5125 0.4078125 0.03359375 0.13515625
0 0.465625 0.38125 0.0296875 0.14453125
0 0.38203125 0.4453125 0.021875 0.12578125
0 0.16015625 0.77578125 0.0375 0.2
0 0.84921875 0.57109375 0.03828125 0.16875
0 0.7734375 0.52265625 0.04375 0.159375
0 0.778125 0.503125 0.0421875 0.15078125
0 0.75703125 0.49453125 0.0453125 0.1359375
0 0.75625 0.4671875 0.0328125 0.146875
0 0.7609375 0.45 0.028125 0.15078125
0 0.8390625 0.4875 0.0234375 0.14609375
0 0.86875 0.50390625 0.0375 0.1484375
0 0.8859375 0.475 0.0265625 0.15234375
0 0.90703125 0.48984375 0.02265625 0.165625
0 0.8515625 0.46015625 0.02890625 0.1390625
1 0.78984375 0.8890625 0.06953125 0.1625
1 0.97734375 0.34140625 0.025 0.1375
1 0.503125 0.10625 0.034375 0.08515625
1 0.49140625 0.5171875 0.02734375 0.153125