0 0.1484375 0.4640625 0.025 0.165625
0 0.2078125 0.3453125 0.01875 0.14140625
0 0.34296875 0.50234375 0.0203125 0.1609375
0 0.378125 0.60234375 0.0359375 0.18125
0 0.39453125 0.41171875 0.02578125 0.14296875
0 0.4015625 0.2453125 0.025 0.1125
0 0.50234375 0.3390625 0.02578125 0.140625
0 0.54140625 0.38046875 0.04140625 0.153125
0 0.50234375 0.45859375 0.025 0.15078125
0 0.49609375 0.53125 0.02421875 0.1796875
0 0.23046875 0.77265625 0.03203125 0.2171875
0 0.65859375 0.5109375 0.0421875 0.165625
0 0.6953125 0.48984375 0.04765625 0.16875
0 0.6609375 0.471875 0.0359375 0.15703125
0 0.67890625 0.43828125 0.021875 0.15390625
0 0.690625 0.4171875 0.03125 0.12890625
0 0.80234375 0.4390625 0.0484375 0.159375
0 0.8109375 0.41953125 0.02578125 0.16328125
0 0.8828125 0.48984375 0.0234375 0.165625
0 0.890625 0.47421875 0.03984375 0.14921875
0 0.9171875 0.403125 0.0296875 0.13984375
0 0.940625 0.51953125 0.03359375 0.15390625
1 0.2140625 0.4828125 0.0265625 0.1578125
1 0.67734375 0.0875 0.0203125 0.0921875