0 0.64375 0.6484375 0.0359375 0.1796875
0 0.4890625 0.2734375 0.021875 0.13515625
0 0.6328125 0.30625 0.02421875 0.1234375
1 0.034375 0.26328125 0.0296875 0.1265625
0 0.1984375 0.36328125 0.01875 0.13046875
0 0.46953125 0.3609375 0.02734375 0.14453125
0 0.325 0.3640625 0.021875 0.1390625
0 0.83828125 0.40390625 0.03046875 0.14609375
0 0.3953125 0.21171875 0.02578125 0.109375
0 0.68359375 0.24296875 0.02734375 0.1171875
0 0.59765625 0.359375 0.02734375 0.1328125
0 0.6359375 0.196875 0.01875 0.1125
0 0.58046875 0.2625 0.01796875 0.121875
0 0.3109375 0.27421875 0.02890625 0.13515625
0 0.43125 0.31796875 0.025 0.12890625
0 0.21328125 0.61015625 0.03671875 0.16171875
0 0.325 0.24453125 0.0265625 0.12734375
0 0.44453125 0.40390625 0.04453125 0.13359375
0 0.18828125 0.3328125 0.02265625 0.14140625
0 0.371875 0.3390625 0.0390625 0.09140625
0 0.353125 0.3 0.02578125 0.1359375
0 0.365625 0.284375 0.02265625 0.125
0 0.33203125 0.3375 0.0265625 0.1296875
1 0.51640625 0.0875 0.02265625 0.084375
1 0.58125 0.34140625 0.02265625 0.1265625