0 0.6984375 0.56953125 0.04375 0.1171875
0 0.5515625 0.5125 0.0328125 0.12109375
0 0.5140625 0.58046875 0.05078125 0.0984375
0 0.51171875 0.47265625 0.03125 0.09921875
0 0.1625 0.5921875 0.02734375 0.125
1 0.275 0.378125 0.01640625 0.090625
0 0.40078125 0.42578125 0.02578125 0.1015625
0 0.4796875 0.53046875 0.03203125 0.11640625
0 0.61875 0.428125 0.02421875 0.10703125
0 0.43125 0.50078125 0.03046875 0.0890625
0 0.61875 0.509375 0.025 0.10390625
0 0.2734375 0.4953125 0.028125 0.11015625
0 0.58203125 0.50546875 0.0328125 0.10546875
0 0.65078125 0.50546875 0.0234375 0.0984375
0 0.45703125 0.540625 0.02734375 0.08984375
0 0.446875 0.49609375 0.03359375 0.08203125
0 0.41015625 0.6 0.0234375 0.0984375
0 0.38984375 0.61328125 0.02734375 0.1171875
0 0.6953125 0.459375 0.0265625 0.09765625
0 0.428125 0.57734375 0.0375 0.115625
1 0.40078125 0.4828125 0.0234375 0.08828125
0 0.17265625 0.57109375 0.03203125 0.10625
0 0.4375 0.53046875 0.02890625 0.09765625
0 0.48125 0.528125 0.028125 0.12109375