0 0.3359375 0.3296875 0.0265625 0.1171875
0 0.48515625 0.29375 0.01875 0.10546875
0 0.60625 0.33203125 0.021875 0.10859375
1 0.06171875 0.2765625 0.025 0.10078125
0 0.55546875 0.3546875 0.021875 0.12421875
0 0.5015625 0.38046875 0.025 0.12109375
0 0.6125 0.25703125 0.0234375 0.10390625
0 0.20078125 0.42265625 0.021875 0.1265625
0 0.7984375 0.36875 0.03125 0.11328125
0 0.7703125 0.31171875 0.021875 0.10859375
1 0.4125 0.321875 0.0234375 0.1078125
0 0.8625 0.34140625 0.0234375 0.10546875
0 0.528125 0.3015625 0.01953125 0.1015625
0 0.66015625 0.28046875 0.0203125 0.1109375
0 0.6359375 0.22734375 0.0171875 0.0921875
0 0.72890625 0.34375 0.02265625 0.1140625
0 0.74453125 0.33125 0.0265625 0.10859375
1 0.8828125 0.18359375 0.0171875 0.08515625
0 0.865625 0.296875 0.02265625 0.10625
0 0.8359375 0.32578125 0.02421875 0.11328125
0 0.79609375 0.3265625 0.0375 0.11875
0 0.50078125 0.24921875 0.01796875 0.1
0 0.82265625 0.33515625 0.01953125 0.11875
0 0.7359375 0.32578125 0.03203125 0.109375
0 0.7703125 0.30390625 0.02421875 0.10546875