0 0.73515625 0.68671875 0.04296875 0.12890625
0 0.3875 0.40859375 0.0171875 0.07734375
0 0.3234375 0.67421875 0.03671875 0.11328125
0 0.2703125 0.53984375 0.02265625 0.096875
0 0.578125 0.59375 0.02578125 0.09375
0 0.525 0.63359375 0.02421875 0.09453125
0 0.85625 0.653125 0.05078125 0.10859375
0 0.4796875 0.49140625 0.0203125 0.096875
0 0.44921875 0.6140625 0.025 0.10859375
0 0.76796875 0.4328125 0.01875 0.0765625
0 0.77890625 0.496875 0.0296875 0.0953125
0 0.653125 0.4 0.02578125 0.08515625
0 0.425 0.43828125 0.02578125 0.0796875
1 0.67734375 0.5140625 0.0203125 0.096875
0 0.34453125 0.646875 0.02421875 0.11640625
0 0.4734375 0.42890625 0.01640625 0.08515625
0 0.684375 0.43984375 0.0265625 0.071875
0 0.4578125 0.38671875 0.01875 0.0828125
0 0.45703125 0.45703125 0.01953125 0.0890625
0 0.365625 0.58046875 0.0234375 0.10234375
1 0.36953125 0.3078125 0.01640625 0.06015625
0 0.76640625 0.47890625 0.021875 0.08359375
0 0.68671875 0.41875 0.01640625 0.06875
1 0.83515625 0.2765625 0.01171875 0.05546875