0 0.67265625 0.428125 0.0171875 0.0734375
0 0.81953125 0.6625 0.0203125 0.1140625
0 0.4203125 0.7125 0.02421875 0.12109375
0 0.3890625 0.6859375 0.02421875 0.11640625
0 0.27109375 0.68984375 0.03046875 0.121875
0 0.26328125 0.640625 0.02734375 0.10625
0 0.22109375 0.646875 0.021875 0.1109375
0 0.16640625 0.74921875 0.02421875 0.13125
0 0.40234375 0.78359375 0.025 0.12421875
0 0.37578125 0.79296875 0.02109375 0.1140625
0 0.74609375 0.67109375 0.03359375 0.115625
0 0.5265625 0.5578125 0.0171875 0.096875
0 0.4203125 0.62109375 0.02109375 0.1125
0 0.37421875 0.77578125 0.0234375 0.11875
0 0.2609375 0.7390625 0.01953125 0.13203125
0 0.2 0.70625 0.02421875 0.12421875
0 0.24375 0.68125 0.02578125 0.11171875
0 0.1234375 0.66328125 0.0296875 0.12109375
0 0.6203125 0.4328125 0.01875 0.0796875
1 0.184375 0.303125 0.01484375 0.05546875
1 0.30390625 0.5828125 0.02109375 0.09453125
1 0.33046875 0.78046875 0.0296875 0.13671875
1 0.815625 0.5359375 0.03046875 0.08515625