0 0.0703125 0.49765625 0.0171875 0.0578125
0 0.92890625 0.61171875 0.02734375 0.06171875
0 0.8921875 0.54765625 0.01796875 0.06015625
0 0.62265625 0.54921875 0.0171875 0.0578125
0 0.87265625 0.51484375 0.01875 0.0515625
1 0.62265625 0.6890625 0.0234375 0.08828125
0 0.415625 0.484375 0.01328125 0.040625
0 0.625 0.47578125 0.015625 0.0453125
0 0.240625 0.43828125 0.01328125 0.0390625
0 0.91640625 0.58359375 0.0265625 0.0578125
0 0.4703125 0.39921875 0.009375 0.0359375
0 0.91171875 0.48203125 0.015625 0.05234375
0 0.628125 0.42421875 0.015625 0.03359375
0 0.853125 0.4875 0.0171875 0.04609375
0 0.1421875 0.38046875 0.00859375 0.03671875
0 0.8046875 0.40625 0.0109375 0.034375
0 0.7921875 0.3890625 0.01171875 0.03359375
0 0.03046875 0.42734375 0.0125 0.040625
1 0.07890625 0.3828125 0.00703125 0.0390625
0 0.27421875 0.3796875 0.0078125 0.034375
0 0.63046875 0.38671875 0.0109375 0.03203125
0 0.784375 0.37734375 0.009375 0.02890625
0 0.815625 0.425 0.0140625 0.03046875
0 0.82421875 0.44140625 0.01484375 0.0375
1 0.7328125 0.3609375 0.0078125 0.03359375
1 0.459375 0.34921875 0.00703125 0.03046875