0 0.49140625 0.3765625 0.03046875 0.11171875
0 0.70546875 0.3359375 0.0328125 0.1171875
0 0.7671875 0.2640625 0.02109375 0.10234375
0 0.6125 0.39921875 0.01953125 0.11640625
0 0.56875 0.3234375 0.02109375 0.10703125
0 0.30625 0.3234375 0.01953125 0.11484375
1 0.39453125 0.3140625 0.02265625 0.1046875
0 0.19453125 0.41875 0.021875 0.12734375
0 0.5234375 0.34609375 0.01796875 0.1234375
0 0.78515625 0.35078125 0.01953125 0.1171875
1 0.04921875 0.26953125 0.02109375 0.0984375
0 0.45390625 0.28984375 0.01796875 0.1046875
0 0.4578125 0.2453125 0.01640625 0.09140625
0 0.67734375 0.3109375 0.02578125 0.0984375
0 0.70390625 0.2875 0.02109375 0.09921875
0 0.60703125 0.278125 0.0234375 0.10859375
0 0.4625 0.3140625 0.01953125 0.10390625
0 0.6578125 0.31015625 0.02109375 0.109375
1 0.846875 0.175 0.01640625 0.0828125
0 0.57734375 0.23125 0.01953125 0.09140625
0 0.63046875 0.3390625 0.01953125 0.12265625
0 0.58671875 0.2484375 0.0171875 0.10703125
0 0.65390625 0.35546875 0.021875 0.12265625
0 0.6203125 0.3484375 0.02265625 0.1
0 0.6265625 0.35078125 0.03125 0.07734375