0 0.5765625 0.184375 0.0359375 0.11484375
0 0.33671875 0.1609375 0.04375 0.1125
0 0.7328125 0.39921875 0.04296875 0.1453125
0 0.6953125 0.3234375 0.0421875 0.12734375
1 0.871875 0.36015625 0.03515625 0.13984375
0 0.54375 0.61484375 0.071875 0.1828125
0 0.675 0.1109375 0.02578125 0.09765625
0 0.85546875 0.5078125 0.0625 0.16640625
0 0.91015625 0.22734375 0.03125 0.12578125
1 0.70390625 0.8015625 0.05546875 0.215625
0 0.215625 0.328125 0.04140625 0.1390625
0 0.440625 0.328125 0.05234375 0.096875
0 0.45859375 0.4296875 0.053125 0.1265625
0 0.540625 0.4015625 0.05546875 0.08828125
0 0.5796875 0.46171875 0.07578125 0.09453125
0 0.5296875 0.3265625 0.05390625 0.09375
0 0.24921875 0.3484375 0.03203125 0.16953125
0 0.53359375 0.35546875 0.05546875 0.08203125
0 0.3453125 0.11484375 0.040625 0.10859375
0 0.4546875 0.34765625 0.05234375 0.078125
0 0.46328125 0.3640625 0.04765625 0.09296875
0 0.4625 0.40234375 0.053125 0.10703125
0 0.23203125 0.3984375 0.03828125 0.1359375