0 0.46875 0.42578125 0.03046875 0.13984375
0 0.359375 0.478125 0.02265625 0.1453125
0 0.7296875 0.44296875 0.02890625 0.1265625
0 0.759375 0.55234375 0.0296875 0.1453125
0 0.4421875 0.51640625 0.02734375 0.1359375
0 0.4046875 0.4265625 0.0234375 0.13671875
0 0.25859375 0.425 0.0234375 0.128125
0 0.20078125 0.3203125 0.0234375 0.11328125
0 0.44140625 0.62109375 0.0421875 0.16953125
1 0.284375 0.478125 0.02109375 0.1375
0 0.67421875 0.56953125 0.03828125 0.1640625
0 0.52890625 0.47265625 0.0375 0.1359375
0 0.43359375 0.3375 0.0375 0.10234375
0 0.70234375 0.5515625 0.05 0.09609375
0 0.60390625 0.53984375 0.0296875 0.140625
1 0.1546875 0.178125 0.0234375 0.09375
0 0.57265625 0.40546875 0.0234375 0.1171875
0 0.26640625 0.5296875 0.03359375 0.15
0 0.8359375 0.56015625 0.028125 0.15234375
0 0.62734375 0.45859375 0.0296875 0.14140625
0 0.590625 0.37890625 0.01875 0.11484375
0 0.6546875 0.50390625 0.0421875 0.109375
0 0.58828125 0.4640625 0.03984375 0.07109375
0 0.5953125 0.484375 0.0390625 0.07421875