0 0.6078125 0.60234375 0.0734375 0.17109375
0 0.13828125 0.49765625 0.05078125 0.15859375
0 0.5609375 0.3921875 0.046875 0.12578125
0 0.921875 0.26171875 0.0578125 0.1265625
0 0.0390625 0.7078125 0.07265625 0.17890625
0 0.59296875 0.21015625 0.04453125 0.1015625
0 0.18671875 0.24296875 0.03359375 0.12109375
0 0.0734375 0.5875 0.04921875 0.16875
0 0.97578125 0.4265625 0.0484375 0.140625
0 0.18359375 0.3421875 0.0453125 0.1359375
0 0.52890625 0.303125 0.05078125 0.12265625
0 0.15390625 0.29921875 0.03125 0.12265625
0 0.18671875 0.41640625 0.0375 0.1421875
0 0.02109375 0.4453125 0.03671875 0.15859375
0 0.14140625 0.2125 0.034375 0.10390625