0 0.49296875 0.35703125 0.03203125 0.11484375
0 0.71328125 0.315625 0.03359375 0.1203125
0 0.77734375 0.24140625 0.021875 0.10546875
0 0.61796875 0.38125 0.0203125 0.1203125
0 0.57265625 0.30234375 0.021875 0.11015625
0 0.3015625 0.30234375 0.0203125 0.11875
1 0.3921875 0.29296875 0.0234375 0.1078125
0 0.18671875 0.40078125 0.02265625 0.13125
0 0.52578125 0.32578125 0.01875 0.12734375
0 0.79609375 0.33046875 0.0203125 0.12109375
1 0.0359375 0.24609375 0.021875 0.1015625
0 0.4546875 0.26796875 0.01796875 0.10859375
0 0.45859375 0.221875 0.0171875 0.09453125
0 0.68515625 0.2890625 0.0265625 0.10234375
0 0.7125 0.265625 0.021875 0.10234375
0 0.61171875 0.25625 0.02421875 0.11171875
0 0.4625 0.29296875 0.0203125 0.1078125
0 0.66484375 0.2890625 0.02109375 0.1125
1 0.859375 0.14921875 0.01640625 0.08515625
0 0.58203125 0.20703125 0.0203125 0.09375
0 0.6359375 0.31796875 0.0203125 0.12734375
0 0.59140625 0.225 0.01796875 0.11015625
0 0.66015625 0.3359375 0.02265625 0.1265625
0 0.62578125 0.328125 0.0234375 0.103125
0 0.6328125 0.33046875 0.03203125 0.08046875