0 0.43515625 0.46796875 0.07734375 0.1609375
1 0.81875 0.20703125 0.03671875 0.11640625
0 0.34375 0.190625 0.0421875 0.11484375
0 0.80078125 0.30625 0.040625 0.13515625
0 0.2140625 0.38671875 0.0515625 0.15078125
0 0.40703125 0.2734375 0.0375 0.1296875
0 0.20625 0.17890625 0.02421875 0.10546875
0 0.64453125 0.17890625 0.0453125 0.11015625
0 0.49296875 0.2859375 0.05 0.1234375
0 0.54609375 0.14921875 0.03515625 0.11484375
0 0.6140625 0.21328125 0.0453125 0.103125
0 0.94609375 0.09140625 0.0328125 0.09765625
0 0.2796875 0.20078125 0.03046875 0.1046875
0 0.66953125 0.13984375 0.0265625 0.10234375
0 0.78828125 0.08515625 0.03515625 0.096875
0 0.44609375 0.2359375 0.03984375 0.13359375
0 0.49140625 0.21171875 0.03125 0.1203125
0 0.52421875 0.18203125 0.053125 0.10234375
0 0.6046875 0.178125 0.034375 0.0953125
0 0.425 0.2265625 0.03359375 0.1140625
0 0.46875 0.20546875 0.0296875 0.11328125
0 0.50078125 0.18984375 0.03515625 0.10234375
0 0.5453125 0.14140625 0.0390625 0.109375