0 0.34921875 0.34375 0.04140625 0.13671875
0 0.61484375 0.2921875 0.04453125 0.0875
0 0.60859375 0.503125 0.03125 0.1609375
0 0.38046875 0.20859375 0.0359375 0.09453125
0 0.25078125 0.1875 0.0296875 0.0890625
0 0.64453125 0.2359375 0.02421875 0.115625
0 0.0859375 0.36015625 0.02734375 0.13125
0 0.725 0.23359375 0.01953125 0.103125
0 0.55859375 0.28203125 0.03515625 0.08515625
0 0.51953125 0.28046875 0.03046875 0.07421875
1 0.16796875 0.31484375 0.025 0.125
1 0.16171875 0.15703125 0.02578125 0.1125
0 0.159375 0.26796875 0.021875 0.11640625
0 0.5015625 0.28984375 0.0234375 0.12578125
1 0.8140625 0.165625 0.02265625 0.1
0 0.4875 0.2703125 0.03203125 0.07421875
0 0.2734375 0.27421875 0.02578125 0.11328125
0 0.35625 0.29609375 0.0234375 0.121875
0 0.4734375 0.2296875 0.02890625 0.08203125
0 0.35859375 0.2421875 0.0203125 0.1140625
0 0.45546875 0.26953125 0.02109375 0.11875
0 0.4546875 0.2609375 0.03671875 0.06796875