0 0.42265625 0.275 0.05390625 0.1421875
0 0.3640625 0.21328125 0.03984375 0.1359375
0 0.98359375 0.16796875 0.0328125 0.12578125
0 0.15234375 0.46171875 0.0765625 0.14765625
0 0.48828125 0.28671875 0.04765625 0.1375
0 0.46328125 0.546875 0.0578125 0.17890625
0 0.865625 0.2578125 0.0390625 0.13203125
0 0.32890625 0.37890625 0.05546875 0.134375
0 0.60703125 0.27890625 0.04921875 0.13203125
0 0.54609375 0.3890625 0.0375 0.16484375
0 0.66484375 0.221875 0.0390625 0.1265625
1 0.321875 0.1484375 0.02890625 0.11875
1 0.93671875 0.31875 0.040625 0.12734375
0 0.9546875 0.15546875 0.0265625 0.115625
0 0.63984375 0.2265625 0.03984375 0.1265625
0 0.62578125 0.2171875 0.04375 0.12265625
0 0.575 0.25546875 0.0328125 0.140625
0 0.49609375 0.27734375 0.03359375 0.12421875
0 0.54765625 0.25 0.05078125 0.12578125