0 0.34921875 0.37109375 0.0453125 0.13515625
0 0.31796875 0.53984375 0.06953125 0.15390625
0 0.2765625 0.32265625 0.0328125 0.15234375
0 0.6359375 0.48203125 0.053125 0.1609375
0 0.19921875 0.3625 0.0453125 0.125
0 0.41171875 0.40703125 0.05703125 0.12421875
1 0.25390625 0.75234375 0.0546875 0.2265625
0 0.45234375 0.38515625 0.05234375 0.0984375
0 0.9421875 0.415625 0.0359375 0.16015625
0 0.834375 0.57109375 0.0671875 0.1828125
0 0.70625 0.24453125 0.046875 0.10859375
0 0.57109375 0.3671875 0.0578125 0.0875
0 0.59765625 0.3171875 0.06328125 0.0890625
0 0.53046875 0.43984375 0.06796875 0.09765625
1 0.86640625 0.36875 0.0421875 0.1203125
0 0.85859375 0.109375 0.02421875 0.0828125
0 0.665625 0.39140625 0.040625 0.1359375
0 0.71171875 0.3234375 0.040625 0.13046875
0 0.53671875 0.40390625 0.05625 0.10078125
0 0.478125 0.3578125 0.04375 0.11171875
0 0.4875 0.3390625 0.046875 0.08203125
0 0.2921875 0.303125 0.03671875 0.11796875
1 0.67109375 0.06796875 0.028125 0.07421875
0 0.621875 0.09765625 0.03984375 0.08828125
0 0.496875 0.3140625 0.046875 0.0828125