0 0.38984375 0.18203125 0.03359375 0.09140625
0 0.56796875 0.24140625 0.034375 0.11171875
0 0.32109375 0.315625 0.02578125 0.13046875
0 0.25703125 0.15859375 0.02421875 0.0921875
0 0.0984375 0.33671875 0.028125 0.1328125
0 0.27265625 0.25390625 0.02421875 0.11640625
1 0.165625 0.28671875 0.0234375 0.13828125
0 0.59140625 0.47890625 0.04453125 0.1609375
1 0.821875 0.13984375 0.0234375 0.0984375
0 0.7265625 0.203125 0.028125 0.10234375
0 0.48203125 0.2640625 0.02421875 0.1109375
0 0.6234375 0.25390625 0.04453125 0.1109375
0 0.35625 0.2265625 0.02265625 0.1265625
1 0.17421875 0.13203125 0.01953125 0.1
0 0.65546875 0.209375 0.02109375 0.11484375
0 0.5296875 0.24609375 0.034375 0.0828125
0 0.3390625 0.26953125 0.0234375 0.121875
0 0.17109375 0.25546875 0.02734375 0.1203125
0 0.45859375 0.23828125 0.0234375 0.115625
0 0.48515625 0.1984375 0.025 0.09921875
0 0.4984375 0.23828125 0.03046875 0.0796875
0 0.4625 0.23515625 0.03828125 0.0703125