0 0.8625 0.51484375 0.03984375 0.12890625
0 0.2984375 0.57578125 0.0421875 0.13203125
0 0.50546875 0.4953125 0.04375 0.09375
1 0.178125 0.48984375 0.0265625 0.15546875
0 0.68671875 0.4796875 0.03828125 0.16015625
0 0.62578125 0.28046875 0.03828125 0.11015625
0 0.12109375 0.425 0.03046875 0.14296875
0 0.4 0.59921875 0.0546875 0.1515625
0 0.2421875 0.2734375 0.0265625 0.10390625
0 0.446875 0.49453125 0.046875 0.11328125
0 0.29609375 0.5234375 0.04375 0.14140625
0 0.55234375 0.4265625 0.04375 0.08984375
0 0.65390625 0.175 0.03984375 0.09375
0 0.48359375 0.35703125 0.03046875 0.140625
0 0.41796875 0.571875 0.06171875 0.09921875
0 0.35390625 0.43359375 0.04609375 0.12734375
0 0.53046875 0.4734375 0.0453125 0.0984375
0 0.4484375 0.17890625 0.0234375 0.08671875
0 0.5421875 0.44921875 0.0421875 0.09375
0 0.47734375 0.4359375 0.0421875 0.08671875
1 0.5921875 0.1125 0.0234375 0.08828125
0 0.50859375 0.52109375 0.05 0.0859375
0 0.5171875 0.56953125 0.04921875 0.10546875
0 0.515625 0.6046875 0.05234375 0.10546875