0 0.7265625 0.20625 0.034375 0.12578125
0 0.48828125 0.2859375 0.04296875 0.1375
0 0.33359375 0.35390625 0.0421875 0.1546875
0 0.23515625 0.32421875 0.0359375 0.14140625
0 0.3765625 0.40546875 0.053125 0.1359375
0 0.45078125 0.32109375 0.04296875 0.121875
0 0.42265625 0.25 0.03671875 0.1328125
1 0.14296875 0.12734375 0.0328125 0.109375
0 0.5421875 0.36953125 0.04609375 0.14609375
0 0.37734375 0.328125 0.0421875 0.13828125
0 0.58359375 0.19140625 0.034375 0.13984375
0 0.58125 0.30703125 0.03359375 0.125
0 0.5625 0.26171875 0.03671875 0.12734375
0 0.6484375 0.35703125 0.03828125 0.12890625
0 0.68515625 0.203125 0.0328125 0.10703125
0 0.61953125 0.29765625 0.03984375 0.146875
0 0.7609375 0.33515625 0.0359375 0.13828125
0 0.79140625 0.1953125 0.02890625 0.12890625
0 0.68046875 0.17734375 0.0375 0.11015625
0 0.71015625 0.3859375 0.0765625 0.08125
0 0.80390625 0.19453125 0.0296875 0.11484375
1 0.67109375 0.2578125 0.03515625 0.1546875