0 0.35 0.359375 0.04453125 0.13203125
0 0.63203125 0.46875 0.05 0.15859375
0 0.27890625 0.3109375 0.03046875 0.14765625
0 0.20625 0.3515625 0.04296875 0.12109375
0 0.4109375 0.396875 0.05703125 0.11875
0 0.3140625 0.51953125 0.0640625 0.1609375
1 0.25703125 0.72578125 0.05390625 0.21640625
0 0.484375 0.325 0.04609375 0.07578125
0 0.703125 0.234375 0.03984375 0.109375
0 0.56640625 0.35859375 0.05625 0.0890625
0 0.82734375 0.54609375 0.05703125 0.165625
0 0.528125 0.4265625 0.06640625 0.09765625
0 0.66015625 0.38125 0.040625 0.13359375
0 0.7046875 0.315625 0.03984375 0.128125
0 0.9375 0.4046875 0.04296875 0.15234375
0 0.59375 0.30703125 0.0625 0.08671875
0 0.47421875 0.34765625 0.0453125 0.10625
0 0.49453125 0.3046875 0.04765625 0.08125
0 0.8484375 0.10390625 0.02578125 0.08203125
0 0.61640625 0.09140625 0.0390625 0.08515625
0 0.53203125 0.3921875 0.05390625 0.09921875
0 0.29375 0.29375 0.03671875 0.1171875
0 0.45078125 0.3734375 0.05 0.09609375
1 0.85625 0.35703125 0.04140625 0.11953125