0 0.2828125 0.11640625 0.03828125 0.103125
0 0.27578125 0.63359375 0.08828125 0.17265625
0 0.34453125 0.45234375 0.06484375 0.134375
0 0.20859375 0.41484375 0.0578125 0.14609375
0 0.278125 0.33515625 0.04296875 0.1375
0 0.553125 0.25078125 0.06171875 0.1109375
0 0.4515625 0.4359375 0.06875 0.16796875
1 0.078125 0.38125 0.0421875 0.12421875
1 0.12734375 0.81875 0.05859375 0.23125
0 0.62265625 0.17265625 0.053125 0.10234375
0 0.728125 0.3515625 0.05625 0.134375
0 0.41328125 0.17890625 0.0375 0.11171875
0 0.4859375 0.34765625 0.05546875 0.12421875
0 0.3828125 0.371875 0.04921875 0.1234375
0 0.68515625 0.3609375 0.04140625 0.178125
0 0.65546875 0.12734375 0.02578125 0.10625
0 0.45 0.30625 0.046875 0.1203125
0 0.00625 0.25234375 0.0125 0.14296875
0 0.46171875 0.36171875 0.065625 0.1125
0 0.40390625 0.37109375 0.04375 0.11484375
0 0.45703125 0.3890625 0.0734375 0.1453125
0 0.46015625 0.36796875 0.06953125 0.11796875