0 0.4 0.36953125 0.02109375 0.08046875
1 0.128125 0.775 0.03671875 0.15390625
0 0.3046875 0.37265625 0.015625 0.0875
0 0.16640625 0.3703125 0.0171875 0.08203125
0 0.3578125 0.38515625 0.01875 0.08046875
0 0.0328125 0.3546875 0.0140625 0.08125
0 0.2671875 0.35625 0.0125 0.07890625
0 0.41953125 0.31015625 0.0140625 0.0734375
0 0.2484375 0.39296875 0.0125 0.08125
1 0.5421875 0.4 0.02109375 0.0859375
0 0.44375 0.33828125 0.0140625 0.07421875
0 0.31484375 0.40546875 0.0171875 0.08984375
0 0.3203125 0.31875 0.015625 0.075
0 0.32734375 0.35078125 0.01328125 0.08203125
0 0.23984375 0.4015625 0.009375 0.09296875
0 0.925 0.34609375 0.01640625 0.08046875
1 0.90078125 0.2796875 0.0171875 0.06171875
0 0.25546875 0.37734375 0.0125 0.08984375
0 0.271875 0.33359375 0.009375 0.06796875
0 0.26796875 0.31796875 0.0109375 0.0703125
0 0.2359375 0.3640625 0.0109375 0.08515625
0 0.24765625 0.33828125 0.01015625 0.0734375
0 0.24296875 0.31171875 0.015625 0.06328125
1 0.3234375 0.23203125 0.0125 0.06015625
0 0.4 0.35625 0.0140625 0.07734375
0 0.49921875 0.2671875 0.01484375 0.0609375