0 0.58046875 0.275 0.0546875 0.14375
0 0.6390625 0.21328125 0.040625 0.1375
0 0.01484375 0.1671875 0.0296875 0.12734375
0 0.85390625 0.4640625 0.07734375 0.14921875
0 0.5140625 0.2875 0.0484375 0.1390625
0 0.5390625 0.55 0.05859375 0.18046875
0 0.13203125 0.25859375 0.03984375 0.1328125
0 0.675 0.38046875 0.05546875 0.1359375
0 0.39375 0.2796875 0.05 0.13359375
0 0.45546875 0.39140625 0.03828125 0.16640625
0 0.33515625 0.221875 0.03984375 0.128125
1 0.68203125 0.14765625 0.02890625 0.11953125
1 0.0609375 0.3203125 0.040625 0.12890625
0 0.0421875 0.1546875 0.02734375 0.1171875
0 0.36015625 0.2265625 0.040625 0.128125
0 0.375 0.2171875 0.04375 0.12421875
0 0.42578125 0.25546875 0.0328125 0.1421875
0 0.50546875 0.278125 0.03359375 0.125
0 0.45390625 0.25078125 0.0515625 0.1265625