0 0.4046875 0.3734375 0.01015625 0.07421875
0 0.3453125 0.35234375 0.0109375 0.06328125
0 0.378125 0.36796875 0.01484375 0.065625
0 0.378125 0.328125 0.0125 0.05546875
1 0.43671875 0.40234375 0.01484375 0.071875
0 0.24453125 0.38359375 0.01171875 0.06640625
0 0.21484375 0.3859375 0.01484375 0.06875
1 0.45625 0.26640625 0.0140625 0.0625
1 0.98046875 0.3734375 0.01796875 0.06484375
0 0.9609375 0.43125 0.01328125 0.07734375
0 0.28828125 0.39296875 0.01328125 0.07421875
0 0.2875 0.384375 0.015625 0.071875
0 0.30390625 0.38515625 0.01171875 0.0671875
0 0.3125 0.371875 0.01328125 0.06484375
0 0.353125 0.346875 0.01328125 0.0578125
0 0.41328125 0.36875 0.009375 0.06953125
0 0.146875 0.33828125 0.009375 0.06171875
0 0.2015625 0.3578125 0.01328125 0.06015625
0 0.2625 0.37421875 0.01328125 0.065625
0 0.2640625 0.35859375 0.01171875 0.06640625
0 0.28984375 0.34609375 0.0109375 0.06796875
0 0.29609375 0.35703125 0.01328125 0.0625
0 0.33125 0.33046875 0.00859375 0.06015625
0 0.32265625 0.34140625 0.01015625 0.05625
0 0.31796875 0.321875 0.009375 0.0546875