0 0.3078125 0.2359375 0.0671875 0.08046875
0 0.15390625 0.271875 0.0375 0.1265625
0 0.20546875 0.44609375 0.0453125 0.17109375
1 0.61171875 0.7890625 0.05625 0.20390625
0 0.22265625 0.16640625 0.03515625 0.11796875
0 0.71875 0.29921875 0.03828125 0.13359375
0 0.3515625 0.29140625 0.06171875 0.09140625
0 0.16015625 0.33515625 0.03984375 0.14140625
0 0.37734375 0.390625 0.0671875 0.08984375
0 0.54375 0.40625 0.03828125 0.13984375
0 0.37109375 0.3375 0.0625 0.0828125
0 0.43828125 0.3234375 0.04296875 0.07421875
0 0.4875 0.32734375 0.05 0.13125
0 0.51171875 0.3703125 0.04296875 0.1328125
0 0.421875 0.203125 0.03046875 0.13125
1 0.9921875 0.146875 0.01484375 0.128125
0 0.44375 0.26484375 0.0359375 0.11796875
0 0.68671875 0.2640625 0.03671875 0.1234375
0 0.67734375 0.24375 0.02734375 0.121875
0 0.4359375 0.228125 0.0390625 0.115625