0 0.6484375 0.4453125 0.01796875 0.08984375
0 0.67734375 0.4484375 0.01875 0.09140625
0 0.60625 0.59453125 0.02734375 0.11875
0 0.8828125 0.6796875 0.03984375 0.115625
0 0.6328125 0.48828125 0.021875 0.096875
0 0.6359375 0.6046875 0.02890625 0.11328125
0 0.7671875 0.52734375 0.02109375 0.09765625
0 0.32578125 0.44453125 0.0203125 0.0953125
0 0.715625 0.521875 0.03203125 0.1015625
0 0.553125 0.56953125 0.02578125 0.11796875
0 0.825 0.5171875 0.0203125 0.10390625
0 0.346875 0.62109375 0.0234375 0.121875
0 0.78828125 0.48828125 0.028125 0.0984375
0 0.175 0.61015625 0.02421875 0.11484375
1 0.234375 0.3359375 0.015625 0.078125
1 0.95625 0.884375 0.03828125 0.1453125
0 0.31796875 0.690625 0.02734375 0.125
0 0.2875 0.65859375 0.02734375 0.09609375
0 0.26953125 0.721875 0.02890625 0.12734375
0 0.73671875 0.5515625 0.0234375 0.0953125
0 0.3484375 0.66796875 0.021875 0.13125
0 0.3375 0.68125 0.0234375 0.1265625
1 0.77578125 0.27421875 0.015625 0.0578125
0 0.30234375 0.7046875 0.04375 0.06015625
1 0.2171875 0.7109375 0.02578125 0.12109375
0 0.30859375 0.6875 0.04609375 0.05390625