0 0.8546875 0.475 0.025 0.1609375
0 0.79140625 0.36015625 0.025 0.1359375
0 0.66328125 0.5140625 0.02890625 0.153125
0 0.62578125 0.42265625 0.0265625 0.13671875
0 0.63125 0.60625 0.04140625 0.17734375
0 0.7796875 0.7765625 0.03359375 0.1984375
0 0.521875 0.54140625 0.02421875 0.1734375
0 0.509375 0.4703125 0.021875 0.14921875
0 0.46640625 0.38984375 0.02265625 0.15078125
0 0.51953125 0.3484375 0.025 0.1375
0 0.58984375 0.2546875 0.02421875 0.109375
0 0.1578125 0.4890625 0.0359375 0.1640625
0 0.25078125 0.51796875 0.03828125 0.16015625
0 0.225 0.503125 0.0375 0.1546875
0 0.24140625 0.49453125 0.03203125 0.14921875
0 0.234375 0.465625 0.04296875 0.140625
0 0.23515625 0.465625 0.0359375 0.17421875
0 0.16328125 0.4546875 0.03203125 0.1609375
0 0.12421875 0.49765625 0.02890625 0.14609375
0 0.1046875 0.49921875 0.0546875 0.121875
0 0.10390625 0.5 0.0234375 0.16953125
0 0.05625 0.4765625 0.0328125 0.14609375
1 0.3421875 0.1125 0.021875 0.0875
1 0.78046875 0.48671875 0.0296875 0.15234375