0 0.1453125 0.47265625 0.02421875 0.159375
0 0.2015625 0.35859375 0.01796875 0.13671875
0 0.3328125 0.509375 0.0203125 0.15546875
0 0.36640625 0.60625 0.034375 0.17421875
0 0.38203125 0.421875 0.025 0.1375
0 0.3890625 0.26171875 0.02421875 0.10859375
0 0.4859375 0.35234375 0.025 0.13515625
0 0.5234375 0.3921875 0.03984375 0.146875
0 0.48671875 0.4671875 0.02421875 0.1453125
0 0.4796875 0.5375 0.02265625 0.17265625
0 0.2234375 0.7703125 0.03046875 0.209375
0 0.63671875 0.51796875 0.040625 0.159375
0 0.67265625 0.49765625 0.04609375 0.1625
0 0.63828125 0.48046875 0.034375 0.1515625
0 0.65625 0.44765625 0.02109375 0.1484375
0 0.66796875 0.42734375 0.03046875 0.12421875
0 0.77578125 0.44921875 0.046875 0.15390625
0 0.7828125 0.4296875 0.025 0.15703125
0 0.85234375 0.49765625 0.021875 0.159375
0 0.86015625 0.48203125 0.03828125 0.14375
0 0.88515625 0.4140625 0.02890625 0.13515625
0 0.90859375 0.5265625 0.03203125 0.1484375
1 0.20859375 0.49140625 0.025 0.1515625
1 0.6546875 0.11015625 0.01953125 0.0890625