0 0.2640625 0.68671875 0.0421875 0.12578125
0 0.60546875 0.4140625 0.0171875 0.07578125
0 0.66796875 0.67421875 0.0359375 0.1109375
0 0.71953125 0.54296875 0.021875 0.0953125
0 0.41875 0.5953125 0.025 0.0921875
0 0.4703125 0.634375 0.0234375 0.0921875
0 0.14609375 0.653125 0.05 0.10625
0 0.51484375 0.4953125 0.01953125 0.09453125
0 0.54453125 0.615625 0.025 0.10625
0 0.2328125 0.4375 0.01796875 0.075
0 0.221875 0.50078125 0.02890625 0.09375
0 0.34453125 0.40625 0.025 0.08359375
0 0.56796875 0.44375 0.025 0.078125
1 0.32109375 0.5171875 0.01953125 0.09453125
0 0.646875 0.64765625 0.0234375 0.1140625
0 0.52109375 0.434375 0.01640625 0.08359375
0 0.3140625 0.4453125 0.0265625 0.0703125
0 0.5359375 0.39296875 0.01875 0.08125
0 0.5375 0.46171875 0.01953125 0.0875
0 0.6265625 0.5828125 0.0234375 0.1
1 0.62265625 0.315625 0.01640625 0.059375
0 0.234375 0.4828125 0.02109375 0.08203125
0 0.31171875 0.42421875 0.01640625 0.0671875
1 0.16640625 0.28515625 0.0109375 0.05390625