0 0.33671875 0.32734375 0.02578125 0.115625
0 0.484375 0.29140625 0.01796875 0.1046875
0 0.6046875 0.32890625 0.021875 0.1078125
1 0.065625 0.27421875 0.025 0.1
0 0.55390625 0.3515625 0.021875 0.1234375
0 0.50078125 0.37734375 0.025 0.11953125
0 0.6109375 0.2546875 0.0234375 0.103125
0 0.203125 0.41953125 0.021875 0.125
0 0.79453125 0.365625 0.03125 0.11171875
0 0.7671875 0.309375 0.021875 0.10703125
1 0.41328125 0.31953125 0.0234375 0.10625
0 0.85859375 0.33828125 0.0234375 0.10390625
0 0.52734375 0.29921875 0.01953125 0.1
0 0.6578125 0.278125 0.0203125 0.109375
0 0.63359375 0.22578125 0.0171875 0.09140625
0 0.72578125 0.340625 0.021875 0.1125
0 0.74140625 0.32890625 0.0265625 0.10703125
1 0.878125 0.18203125 0.0171875 0.084375
0 0.8609375 0.29453125 0.02265625 0.10546875
0 0.83125 0.3234375 0.02421875 0.1125
0 0.7921875 0.3234375 0.0375 0.11796875
0 0.5 0.246875 0.01796875 0.0984375
0 0.81875 0.33203125 0.01875 0.1171875
0 0.7328125 0.3234375 0.03125 0.1078125
0 0.7671875 0.3015625 0.02421875 0.10390625