0 0.36328125 0.6625 0.08359375 0.21796875
0 0.284375 0.3625 0.0421875 0.1484375
0 0.54296875 0.29375 0.046875 0.13203125
0 0.690625 0.72109375 0.06953125 0.2046875
0 0.52890625 0.46171875 0.06328125 0.11328125
0 0.88359375 0.22578125 0.040625 0.1328125
0 0.78046875 0.45703125 0.05 0.16796875
0 0.71875 0.28828125 0.06328125 0.13125
0 0.69765625 0.3515625 0.0828125 0.10078125
0 0.91171875 0.565625 0.04375 0.18828125
0 0.853125 0.31484375 0.04296875 0.14921875
0 0.63828125 0.4671875 0.078125 0.103125
1 0.3203125 0.825 0.05546875 0.2140625
0 0.81875 0.38515625 0.0484375 0.1546875
0 0.615625 0.290625 0.0546875 0.128125
0 0.546875 0.428125 0.05390625 0.10390625
0 0.54296875 0.38046875 0.05078125 0.10390625
0 0.6578125 0.40625 0.084375 0.09609375
0 0.584375 0.403125 0.05703125 0.09765625
0 0.5578125 0.2703125 0.0515625 0.13515625
0 0.60703125 0.3453125 0.0484375 0.0921875
0 0.596875 0.375 0.0546875 0.096875