0 0.70625 0.59375 0.04140625 0.11484375
0 0.6453125 0.384375 0.02109375 0.084375
0 0.3703125 0.47734375 0.02421875 0.10859375
0 0.853125 0.4421875 0.0234375 0.11328125
1 0.2796875 0.746875 0.028125 0.16875
0 0.5453125 0.5328125 0.02421875 0.1234375
0 0.634375 0.5140625 0.02890625 0.10546875
0 0.65234375 0.55234375 0.02421875 0.121875
0 0.51953125 0.41171875 0.0171875 0.096875
0 0.5765625 0.46328125 0.01875 0.1
0 0.85546875 0.5609375 0.0171875 0.121875
0 0.48359375 0.559375 0.021875 0.12265625
0 0.2921875 0.6296875 0.025 0.13359375
1 0.43359375 0.49375 0.01796875 0.10546875
0 0.78359375 0.49453125 0.02265625 0.1140625
0 0.74375 0.503125 0.02265625 0.09609375
0 0.81171875 0.53203125 0.02265625 0.125
0 0.4703125 0.503125 0.0203125 0.10546875
0 0.7203125 0.50234375 0.01953125 0.115625
0 0.69140625 0.421875 0.01640625 0.1015625
1 0.27734375 0.36640625 0.0140625 0.08828125
0 0.8234375 0.54921875 0.02421875 0.12734375
0 0.6859375 0.5234375 0.0234375 0.1109375
0 0.67578125 0.5359375 0.02734375 0.1171875
0 0.67578125 0.4953125 0.0328125 0.05625