0 0.353125 0.325 0.025 0.11640625
0 0.51640625 0.371875 0.02890625 0.12421875
1 0.421875 0.3203125 0.01796875 0.109375
0 0.48515625 0.2890625 0.01875 0.1046875
0 0.678125 0.2765625 0.0234375 0.1125
0 0.21796875 0.415625 0.021875 0.13046875
0 0.5578125 0.2875 0.0203125 0.10078125
0 0.57734375 0.35078125 0.01640625 0.1265625
0 0.5296875 0.246875 0.02421875 0.10234375
0 0.625 0.32734375 0.01875 0.11328125
1 0.07734375 0.26875 0.0265625 0.103125
0 0.64375 0.2515625 0.021875 0.10546875
0 0.81171875 0.33125 0.021875 0.11640625
0 0.65390625 0.225 0.0171875 0.08828125
0 0.8921875 0.32421875 0.01875 0.1109375
1 0.021875 0.775 0.0375 0.1859375
0 0.87421875 0.32890625 0.01953125 0.11796875
0 0.8609375 0.31171875 0.01640625 0.10859375
0 0.81640625 0.32421875 0.01953125 0.11875
0 0.81796875 0.32578125 0.01484375 0.11328125
0 0.82890625 0.3171875 0.02109375 0.1203125
0 0.84296875 0.33671875 0.0171875 0.12421875
0 0.8625 0.34765625 0.02578125 0.11171875
0 0.84140625 0.32265625 0.01875 0.12578125