0 0.6359375 0.60859375 0.07734375 0.1796875
0 0.14375 0.4984375 0.05390625 0.16640625
0 0.5875 0.38828125 0.04921875 0.13125
0 0.96484375 0.2515625 0.06015625 0.1328125
0 0.03984375 0.71953125 0.07578125 0.1875
0 0.62109375 0.196875 0.046875 0.10703125
0 0.19375 0.23125 0.03515625 0.1265625
0 0.075 0.5921875 0.0515625 0.17734375
0 0.190625 0.3359375 0.04765625 0.14296875
0 0.553125 0.29453125 0.053125 0.12890625
0 0.16015625 0.290625 0.0328125 0.12890625
0 0.19453125 0.41328125 0.0390625 0.1484375
0 0.0203125 0.44375 0.03828125 0.16640625
0 0.146875 0.19921875 0.0359375 0.10859375