1 0.08515625 0.71328125 0.03125 0.16484375
0 0.26171875 0.62421875 0.025 0.13046875
0 0.371875 0.60625 0.025 0.1296875
0 0.39765625 0.4546875 0.02109375 0.1015625
0 0.321875 0.359375 0.02109375 0.09140625
0 0.22109375 0.70859375 0.0375 0.1421875
0 0.4671875 0.6109375 0.028125 0.1359375
0 0.0921875 0.5765625 0.0265625 0.1296875
0 0.7484375 0.4390625 0.01875 0.10390625
0 0.5765625 0.39765625 0.01953125 0.1
0 0.5734375 0.53203125 0.03046875 0.11953125
0 0.22890625 0.359375 0.015625 0.08515625
0 0.6890625 0.4515625 0.0265625 0.09375
0 0.71796875 0.471875 0.02265625 0.11328125
0 0.171875 0.38359375 0.025 0.0921875
1 0.86953125 0.425 0.021875 0.1
0 0.6703125 0.38125 0.021875 0.09765625
0 0.7625 0.47734375 0.0296875 0.1140625
0 0.55234375 0.50703125 0.02421875 0.10859375
0 0.6953125 0.503125 0.0265625 0.09921875
0 0.78359375 0.4875 0.0203125 0.11015625
0 0.721875 0.4609375 0.02421875 0.1078125
0 0.7859375 0.45859375 0.021875 0.09921875
0 0.89453125 0.44765625 0.0203125 0.1109375
1 0.35703125 0.534375 0.02578125 0.10859375
1 0.6171875 0.2234375 0.01875 0.059375