0 0.64921875 0.3390625 0.034375 0.1109375
0 0.50390625 0.19765625 0.0203125 0.0890625
1 0.39140625 0.26953125 0.01875 0.103125
0 0.53828125 0.2671875 0.0203125 0.10390625
0 0.2875 0.36953125 0.0203125 0.1234375
0 0.46328125 0.2140625 0.0171875 0.09296875
1 0.89921875 0.27109375 0.01953125 0.109375
0 0.70390625 0.2984375 0.025 0.11640625
0 0.21328125 0.303125 0.01953125 0.11640625
0 0.80234375 0.29375 0.0171875 0.10703125
0 0.48203125 0.2890625 0.01875 0.11484375
0 0.66015625 0.24609375 0.01953125 0.0953125
0 0.56640625 0.23671875 0.02421875 0.103125
0 0.42578125 0.31875 0.02421875 0.11171875
0 0.6421875 0.259375 0.0171875 0.10625
0 0.43984375 0.23828125 0.0171875 0.09921875
0 0.66171875 0.2953125 0.0234375 0.11015625
0 0.73984375 0.23125 0.01875 0.0984375
0 0.41875 0.271875 0.01484375 0.09921875
0 0.603125 0.28984375 0.0203125 0.11171875
0 0.73046875 0.28203125 0.02109375 0.115625
0 0.56484375 0.2109375 0.0234375 0.103125
0 0.62265625 0.2796875 0.01796875 0.11015625
0 0.60859375 0.2796875 0.01640625 0.11015625
1 0.74375 0.15546875 0.0203125 0.08984375