0 0.4484375 0.4140625 0.0640625 0.153125
0 0.36015625 0.44921875 0.05 0.190625
1 0.1171875 0.35625 0.0359375 0.12578125
0 0.26640625 0.115625 0.04453125 0.08515625
0 0.36328125 0.340625 0.04296875 0.14609375
0 0.1203125 0.2140625 0.03359375 0.10234375
0 0.54140625 0.16640625 0.0328125 0.11015625
0 0.11015625 0.51875 0.05078125 0.159375
0 0.83515625 0.178125 0.0296875 0.11875
0 0.49453125 0.11015625 0.0421875 0.0984375
0 0.29453125 0.44375 0.04921875 0.15703125
0 0.67265625 0.3453125 0.06640625 0.13359375
0 0.396875 0.1203125 0.03359375 0.1
0 0.49453125 0.3765625 0.0484375 0.1390625
0 0.54140625 0.35078125 0.05859375 0.13828125
0 0.46953125 0.33828125 0.03671875 0.1390625
0 0.64609375 0.33515625 0.0390625 0.12265625
0 0.38828125 0.3859375 0.0375 0.14609375
0 0.4984375 0.315625 0.03203125 0.1265625
0 0.41484375 0.36796875 0.0390625 0.13125
1 0.27890625 0.76640625 0.05234375 0.18359375
0 0.5015625 0.3453125 0.03046875 0.134375
0 0.37890625 0.334375 0.03828125 0.1484375