0 0.07109375 0.32578125 0.04375 0.12578125
0 0.21953125 0.240625 0.05859375 0.11875
1 0.834375 0.20703125 0.03515625 0.121875
0 0.24921875 0.43359375 0.06640625 0.1453125
0 0.175 0.28828125 0.0734375 0.11328125
0 0.7203125 0.2953125 0.0453125 0.15078125
0 0.48828125 0.3625 0.06015625 0.1359375
0 0.32265625 0.2671875 0.03828125 0.125
0 0.47421875 0.30234375 0.040625 0.14296875
0 0.35546875 0.3 0.0640625 0.109375
0 0.38515625 0.40703125 0.0421875 0.1453125
0 0.5296875 0.3328125 0.05859375 0.12890625
1 0.13984375 0.09765625 0.03515625 0.10390625
0 0.50078125 0.321875 0.02890625 0.11796875