0 0.68203125 0.21640625 0.05859375 0.08671875
0 0.61796875 0.32109375 0.0640625 0.0875
0 0.61171875 0.37734375 0.071875 0.09453125
0 0.78984375 0.140625 0.0390625 0.13125
0 0.63984375 0.27421875 0.06640625 0.09453125
0 0.4390625 0.39296875 0.040625 0.1453125
0 0.79453125 0.4296875 0.04765625 0.190625
0 0.86484375 0.30859375 0.03046875 0.16796875
0 0.4953125 0.30546875 0.04609375 0.1484375
0 0.86171875 0.24921875 0.0265625 0.15078125
1 0.365625 0.78359375 0.0671875 0.20234375
0 0.4671875 0.34921875 0.03828125 0.1515625
0 0.2984375 0.2265625 0.03125 0.13046875
0 0.53828125 0.24453125 0.0375 0.13203125
0 0.54765625 0.30703125 0.0453125 0.08203125
0 0.25234375 0.2703125 0.02421875 0.15234375
0 0.5609375 0.17890625 0.0296875 0.13984375
0 0.27734375 0.23125 0.03671875 0.15234375
0 0.55 0.19921875 0.02734375 0.13203125