0 0.7421875 0.49921875 0.04609375 0.14921875
0 0.38125 0.33984375 0.05078125 0.128125
0 0.46328125 0.146875 0.04140625 0.0875
0 0.746875 0.134375 0.03671875 0.09375
0 0.321875 0.38984375 0.05546875 0.13671875
0 0.39296875 0.39296875 0.0578125 0.13828125
0 0.6375 0.48515625 0.06875 0.14453125
1 0.9015625 0.3828125 0.0390625 0.12734375
0 0.646875 0.353125 0.03203125 0.1296875
0 0.9203125 0.23671875 0.03046875 0.12734375
0 0.8234375 0.58203125 0.0578125 0.175
0 0.55703125 0.459375 0.046875 0.16015625
0 0.153125 0.2328125 0.0375 0.125
1 0.7484375 0.8078125 0.0546875 0.2046875
0 0.534375 0.20078125 0.03046875 0.1125
0 0.4921875 0.33828125 0.05234375 0.1359375
0 0.55625 0.1546875 0.03125 0.109375
0 0.50234375 0.3828125 0.04453125 0.14140625
0 0.5375 0.375 0.0484375 0.13203125
0 0.53203125 0.33984375 0.04296875 0.121875
0 0.6390625 0.41171875 0.040625 0.11953125
0 0.58671875 0.34375 0.040625 0.13203125
0 0.59296875 0.39765625 0.0390625 0.1421875
1 0.39921875 0.07265625 0.0296875 0.0796875