0 0.63203125 0.546875 0.02109375 0.05859375
0 0.6453125 0.47265625 0.01953125 0.046875
0 0.24375 0.4359375 0.01171875 0.04453125
0 0.80546875 0.50625 0.01953125 0.0515625
0 0.4921875 0.39609375 0.01640625 0.03828125
0 0.6453125 0.4234375 0.01640625 0.0375
1 0.659375 0.70625 0.02109375 0.0953125
1 0.0921875 0.37421875 0.01015625 0.03828125
0 0.42578125 0.47890625 0.0203125 0.05078125
0 0.7859375 0.48203125 0.01875 0.05078125
0 0.84296875 0.6140625 0.02890625 0.0671875
0 0.09375 0.47890625 0.0125 0.0609375
0 0.028125 0.41796875 0.0109375 0.03828125
0 0.1515625 0.37265625 0.009375 0.04140625
0 0.2875 0.371875 0.00703125 0.0390625
0 0.7640625 0.36953125 0.0125 0.03046875
0 0.7765625 0.38515625 0.01484375 0.03359375
0 0.78984375 0.40078125 0.0140625 0.0390625
0 0.77890625 0.43203125 0.01484375 0.04375
0 0.84296875 0.58828125 0.03125 0.05390625
0 0.8375 0.53828125 0.0203125 0.04765625
0 0.83828125 0.575 0.0234375 0.05703125
0 0.7875 0.41796875 0.0140625 0.03203125
0 0.65234375 0.3859375 0.01171875 0.03359375
1 0.484375 0.3421875 0.00703125 0.03359375