0 0.36953125 0.6578125 0.0828125 0.21484375
0 0.2921875 0.3625 0.04140625 0.14609375
0 0.546875 0.2953125 0.04609375 0.13046875
0 0.6921875 0.715625 0.06875 0.2015625
0 0.5328125 0.46015625 0.06171875 0.1109375
0 0.88203125 0.228125 0.03984375 0.13046875
0 0.78046875 0.45546875 0.04921875 0.165625
0 0.71953125 0.2890625 0.0625 0.1296875
0 0.6984375 0.3515625 0.08203125 0.09921875
0 0.909375 0.5625 0.04296875 0.18515625
0 0.8515625 0.315625 0.0421875 0.146875
0 0.640625 0.465625 0.0765625 0.1015625
1 0.32734375 0.8171875 0.0546875 0.2109375
0 0.81796875 0.384375 0.04765625 0.15234375
0 0.61796875 0.29140625 0.05390625 0.12578125
0 0.55 0.42734375 0.053125 0.10234375
0 0.546875 0.3796875 0.05 0.10234375
0 0.659375 0.40546875 0.0828125 0.09453125
0 0.58671875 0.40234375 0.05625 0.09609375
0 0.56171875 0.271875 0.05078125 0.13359375
0 0.609375 0.3453125 0.04765625 0.090625
0 0.59921875 0.375 0.05390625 0.0953125