0 0.5734375 0.71640625 0.08046875 0.33671875
0 0.7796875 0.53984375 0.0546875 0.28984375
0 0.12265625 0.27890625 0.06328125 0.225
0 0.71328125 0.41640625 0.05390625 0.24921875
1 0.171875 0.515625 0.0671875 0.2484375
0 0.59765625 0.35546875 0.06484375 0.259375
0 0.73671875 0.56171875 0.05390625 0.3140625
0 0.28984375 0.525 0.065625 0.2765625
0 0.4953125 0.38359375 0.04921875 0.26015625
1 0.59765625 0.121875 0.04609375 0.20546875
0 0.5609375 0.246875 0.04140625 0.225
0 0.590625 0.23984375 0.03984375 0.22890625
0 0.61953125 0.26171875 0.040625 0.2140625
0 0.43828125 0.33203125 0.059375 0.2296875
0 0.384375 0.2984375 0.04609375 0.2359375
0 0.44296875 0.27109375 0.04609375 0.22734375
0 0.4609375 0.23203125 0.05859375 0.2046875
0 0.4109375 0.20859375 0.04140625 0.20703125
0 0.359375 0.3140625 0.05078125 0.1875
0 0.4 0.28203125 0.0375 0.240625
0 0.44140625 0.3078125 0.05 0.2296875
0 0.3890625 0.32109375 0.05390625 0.2421875