0 0.41640625 0.38203125 0.009375 0.07109375
0 0.35859375 0.3625 0.0109375 0.0609375
0 0.390625 0.37734375 0.0140625 0.0625
0 0.390625 0.3390625 0.01171875 0.053125
1 0.44609375 0.409375 0.0140625 0.06875
0 0.26328125 0.39140625 0.0109375 0.06328125
0 0.23515625 0.39453125 0.0140625 0.065625
1 0.465625 0.28046875 0.01328125 0.059375
1 0.96484375 0.38203125 0.0171875 0.06171875
0 0.94609375 0.43671875 0.01328125 0.0734375
0 0.3046875 0.40078125 0.01328125 0.0703125
0 0.30390625 0.39296875 0.01484375 0.06796875
0 0.3203125 0.39296875 0.0109375 0.0640625
0 0.328125 0.38046875 0.0125 0.06171875
0 0.36640625 0.35703125 0.0125 0.0546875
0 0.42421875 0.378125 0.00859375 0.06640625
0 0.16953125 0.3484375 0.00859375 0.05859375
0 0.22265625 0.3671875 0.0125 0.0578125
0 0.28046875 0.3828125 0.0125 0.0625
0 0.28203125 0.36796875 0.0109375 0.06328125
0 0.30625 0.35625 0.0109375 0.06484375
0 0.3125 0.36640625 0.0125 0.059375
0 0.3453125 0.34140625 0.0078125 0.0578125
0 0.3375 0.3515625 0.009375 0.05390625
0 0.33359375 0.3328125 0.00859375 0.0515625