0 0.69296875 0.58515625 0.0265625 0.09296875
0 0.64765625 0.51484375 0.0265625 0.078125
0 0.69296875 0.4078125 0.02421875 0.07421875
0 0.5921875 0.53984375 0.0234375 0.08359375
0 0.84765625 0.58359375 0.0421875 0.09296875
0 0.271875 0.49375 0.0203125 0.08359375
0 0.74296875 0.45078125 0.0171875 0.07265625
1 0.725 0.48828125 0.02109375 0.07734375
0 0.48671875 0.45078125 0.01875 0.08359375
0 0.3640625 0.51796875 0.01875 0.090625
0 0.33828125 0.53515625 0.01953125 0.090625
0 0.67734375 0.4453125 0.02109375 0.08046875
0 0.4296875 0.38203125 0.0171875 0.0609375
0 0.4546875 0.51953125 0.0265625 0.08671875
0 0.46328125 0.42109375 0.0203125 0.075
0 0.6171875 0.415625 0.02734375 0.07109375
0 0.4671875 0.3734375 0.015625 0.0609375
0 0.746875 0.48125 0.01953125 0.0875
0 0.265625 0.5546875 0.025 0.09140625
0 0.63125 0.40703125 0.02109375 0.0640625
0 0.4875 0.41015625 0.01640625 0.07109375
0 0.428125 0.41171875 0.0171875 0.06484375
1 0.84765625 0.290625 0.01015625 0.0546875
1 0.378125 0.31171875 0.01328125 0.05546875