1 0.61015625 0.28671875 0.01875 0.096875
0 0.615625 0.21171875 0.01796875 0.09609375
0 0.153125 0.30234375 0.02109375 0.10703125
0 0.50078125 0.30546875 0.01953125 0.11875
0 0.4 0.225 0.02109375 0.0953125
0 0.18046875 0.30859375 0.02265625 0.1203125
0 0.4671875 0.2 0.0140625 0.0875
0 0.5421875 0.25 0.015625 0.09921875
0 0.3875 0.25625 0.01953125 0.103125
0 0.2046875 0.321875 0.01875 0.1109375
0 0.81015625 0.37734375 0.025 0.1203125
0 0.59375 0.27734375 0.0171875 0.09453125
0 0.7453125 0.2796875 0.0234375 0.11171875
0 0.44921875 0.2828125 0.01875 0.103125
0 0.57265625 0.3296875 0.021875 0.11484375
1 0.19765625 0.1765625 0.0171875 0.08359375
0 0.2578125 0.31953125 0.03359375 0.10859375
0 0.2515625 0.30703125 0.021875 0.1171875
0 0.23515625 0.309375 0.0234375 0.1140625
0 0.2203125 0.3046875 0.021875 0.11953125
0 0.2171875 0.3015625 0.01953125 0.1265625
0 0.21484375 0.29921875 0.01953125 0.1171875
0 0.18359375 0.29765625 0.02109375 0.11484375
0 0.1859375 0.315625 0.01640625 0.10234375