0 0.8734375 0.46328125 0.05078125 0.13203125
0 0.184375 0.253125 0.0359375 0.10078125
1 0.16875 0.33125 0.03046875 0.103125
0 0.3765625 0.3265625 0.0390625 0.1015625
0 0.5765625 0.5078125 0.0421875 0.15625
0 0.215625 0.35625 0.02421875 0.1203125
0 0.0828125 0.2296875 0.04140625 0.084375
0 0.475 0.27890625 0.0296875 0.109375
0 0.34296875 0.2734375 0.03671875 0.11015625
0 0.51171875 0.31015625 0.034375 0.10859375
1 0.12578125 0.18515625 0.01875 0.08984375
0 0.21484375 0.26171875 0.02421875 0.10703125
0 0.434375 0.35703125 0.02890625 0.12421875
0 0.36171875 0.27109375 0.028125 0.10234375
0 0.4109375 0.2921875 0.0296875 0.10625
0 0.58203125 0.26953125 0.034375 0.10078125
1 0.74375 0.19765625 0.025 0.096875
0 0.434375 0.3109375 0.0328125 0.10234375
0 0.56484375 0.2765625 0.0265625 0.08984375
0 0.38828125 0.2765625 0.02734375 0.10625
0 0.37734375 0.2734375 0.03359375 0.10546875
0 0.4203125 0.28671875 0.0328125 0.1