0 0.196875 0.33359375 0.0171875 0.1140625
0 0.36953125 0.26796875 0.0265625 0.1140625
0 0.47265625 0.3359375 0.025 0.12890625
0 0.69453125 0.31640625 0.0234375 0.11875
0 0.82109375 0.409375 0.028125 0.12890625
0 0.2953125 0.3703125 0.0234375 0.1234375
0 0.521875 0.29609375 0.02109375 0.10703125
0 0.52734375 0.36953125 0.025 0.12265625
0 0.33046875 0.325 0.0203125 0.12265625
0 0.23046875 0.284375 0.02578125 0.10625
0 0.34765625 0.3421875 0.021875 0.12109375
1 0.96953125 0.2609375 0.021875 0.1
0 0.19140625 0.26328125 0.01953125 0.1
0 0.53359375 0.23359375 0.01796875 0.10234375
0 0.39765625 0.215625 0.0203125 0.09296875
0 0.54375 0.278125 0.01953125 0.1046875
0 0.24296875 0.3265625 0.02734375 0.12734375
0 0.4125 0.2390625 0.02265625 0.10703125
0 0.31171875 0.3015625 0.025 0.11640625
0 0.4203125 0.3171875 0.0234375 0.1125
1 0.59765625 0.30546875 0.0171875 0.115625
0 0.35546875 0.325 0.02109375 0.10625
0 0.30546875 0.29453125 0.025 0.10625
0 0.28984375 0.325 0.0265625 0.109375
1 0.1359375 0.1671875 0.01953125 0.084375