0 0.57890625 0.721875 0.0765625 0.3203125
0 0.77578125 0.553125 0.05234375 0.27578125
0 0.14921875 0.3046875 0.0609375 0.21484375
0 0.7125 0.4359375 0.0515625 0.2375
1 0.19609375 0.53046875 0.0640625 0.23671875
0 0.6015625 0.37734375 0.0625 0.246875
0 0.734375 0.57421875 0.0515625 0.3
0 0.30859375 0.5390625 0.0625 0.2640625
0 0.5046875 0.4046875 0.046875 0.24765625
1 0.6015625 0.1546875 0.04375 0.19609375
0 0.56640625 0.27421875 0.03984375 0.21484375
0 0.5953125 0.26796875 0.03828125 0.21796875
0 0.62265625 0.28828125 0.03828125 0.20390625
0 0.44921875 0.35546875 0.05703125 0.21875
0 0.3984375 0.3234375 0.04375 0.225
0 0.4546875 0.296875 0.04375 0.21640625
0 0.471875 0.26015625 0.05546875 0.1953125
0 0.42421875 0.2375 0.03984375 0.196875
0 0.37421875 0.33828125 0.0484375 0.17890625
0 0.41328125 0.3078125 0.0359375 0.2296875
0 0.45234375 0.33203125 0.04765625 0.21953125
0 0.403125 0.3453125 0.0515625 0.23125