0 0.6171875 0.490625 0.06171875 0.17578125
0 0.37265625 0.55 0.06328125 0.18203125
0 0.0984375 0.490625 0.059375 0.17265625
0 0.175 0.3984375 0.04453125 0.16328125
0 0.2515625 0.63828125 0.06796875 0.1828125
0 0.41484375 0.2796875 0.0375 0.1453125
0 0.76953125 0.48046875 0.05 0.16640625
0 0.02265625 0.48125 0.0453125 0.19375
0 0.42265625 0.50625 0.0390625 0.175
0 0.0765625 0.21953125 0.03671875 0.1296875
0 0.64609375 0.40546875 0.04375 0.14375
0 0.25625 0.2859375 0.0375 0.14375
0 0.096875 0.36875 0.0390625 0.16015625
1 0.1484375 0.28828125 0.0375 0.1484375
0 0.15 0.22578125 0.0328125 0.1375
0 0.196875 0.25859375 0.03203125 0.12421875
0 0.0953125 0.42421875 0.059375 0.1546875
0 0.11640625 0.3734375 0.03671875 0.15703125
0 0.22109375 0.33125 0.04296875 0.14375
0 0.2359375 0.23203125 0.0359375 0.15
1 0.71875 0.1390625 0.0265625 0.10859375
0 0.18203125 0.36953125 0.05625 0.134375