0 0.68203125 0.4421875 0.02421875 0.09765625
0 0.42734375 0.4234375 0.01875 0.09140625
0 0.05078125 0.32421875 0.01640625 0.07890625
0 0.178125 0.48203125 0.02890625 0.1109375
0 0.3109375 0.55078125 0.03359375 0.1125
0 0.35234375 0.653125 0.034375 0.13515625
0 0.4140625 0.6390625 0.02734375 0.13359375
0 0.4609375 0.63125 0.03203125 0.13359375
0 0.49140625 0.721875 0.0390625 0.1390625
0 0.234375 0.77265625 0.04921875 0.1484375
0 0.06328125 0.7578125 0.046875 0.15390625
0 0.21171875 0.68359375 0.0484375 0.1234375
0 0.44921875 0.7515625 0.03125 0.1625
0 0.54140625 0.721875 0.0265625 0.1296875
0 0.63671875 0.746875 0.03046875 0.13515625
0 0.67734375 0.78515625 0.028125 0.15234375
0 0.62265625 0.5921875 0.02421875 0.13125
0 0.6015625 0.6109375 0.02578125 0.1265625
0 0.54453125 0.6203125 0.02890625 0.1234375
0 0.5015625 0.65234375 0.0234375 0.1203125
0 0.6109375 0.796875 0.03125 0.16640625
0 0.43203125 0.82421875 0.040625 0.15078125
1 0.2140625 0.809375 0.0375 0.15390625
1 0.70546875 0.78828125 0.0265625 0.1578125
1 0.34609375 0.228125 0.02734375 0.0625