0 0.21875 0.45859375 0.02265625 0.11484375
0 0.321875 0.375 0.0296875 0.0984375
0 0.65859375 0.640625 0.028125 0.14296875
0 0.3734375 0.51953125 0.02890625 0.11171875
0 0.77890625 0.35546875 0.0171875 0.08671875
0 0.61953125 0.6671875 0.046875 0.13359375
0 0.73671875 0.6578125 0.02578125 0.13984375
0 0.709375 0.34296875 0.02578125 0.090625
0 0.56640625 0.45625 0.02265625 0.10234375
1 0.5890625 0.53046875 0.02421875 0.1140625
0 0.35546875 0.54140625 0.01875 0.12421875
0 0.40546875 0.40703125 0.0296875 0.10546875
0 0.83125 0.378125 0.021875 0.09453125
1 0.05546875 0.4328125 0.03203125 0.10234375
0 0.27578125 0.50234375 0.025 0.11796875
0 0.2515625 0.4828125 0.02578125 0.1171875
0 0.07890625 0.46640625 0.0234375 0.1171875
0 0.3 0.5046875 0.0296875 0.11484375
0 0.9046875 0.60546875 0.03125 0.13828125
1 0.809375 0.73515625 0.0296875 0.15625
0 0.80078125 0.71953125 0.02734375 0.1484375
0 0.26015625 0.47734375 0.0234375 0.1109375
0 0.2 0.4921875 0.025 0.1171875
0 0.1859375 0.50390625 0.02578125 0.11796875
0 0.18828125 0.47890625 0.028125 0.11953125
1 0.3640625 0.2203125 0.01640625 0.0625