0 0.21484375 0.3578125 0.03515625 0.14921875
0 0.44921875 0.2984375 0.0234375 0.14765625
0 0.33046875 0.14296875 0.02890625 0.11171875
0 0.10234375 0.42578125 0.034375 0.16484375
0 0.37265625 0.39140625 0.03125 0.16484375
0 0.46484375 0.33203125 0.02578125 0.15
1 0.3375 0.77890625 0.05625 0.20078125
0 0.4171875 0.36640625 0.034375 0.1453125
0 0.2890625 0.3296875 0.02578125 0.14296875
0 0.06171875 0.284375 0.02265625 0.134375
0 0.2640625 0.28984375 0.028125 0.13828125
0 0.69609375 0.18984375 0.02578125 0.11875
0 0.8265625 0.32890625 0.02890625 0.1421875
1 0.1171875 0.34921875 0.0234375 0.14921875
0 0.49453125 0.57890625 0.04609375 0.190625
0 0.57421875 0.4078125 0.03125 0.17265625
0 0.58984375 0.33125 0.05078125 0.09453125
0 0.6921875 0.14453125 0.021875 0.10859375
0 0.78984375 0.35078125 0.03125 0.16484375
0 0.80234375 0.38359375 0.0234375 0.13359375
0 0.57890625 0.34765625 0.0453125 0.1015625
0 0.56484375 0.3765625 0.046875 0.109375
0 0.5703125 0.37890625 0.0328125 0.15546875