0 0.08671875 0.415625 0.0484375 0.16015625
0 0.41015625 0.23359375 0.05078125 0.0890625
0 0.66796875 0.17578125 0.03828125 0.11484375
0 0.78046875 0.2984375 0.0390625 0.14765625
0 0.84375 0.0796875 0.03984375 0.103125
0 0.271875 0.27890625 0.03984375 0.13125
0 0.63515625 0.21328125 0.02890625 0.13671875
0 0.3640625 0.4609375 0.03984375 0.1765625
0 0.3203125 0.1671875 0.02265625 0.1328125
0 0.684375 0.11875 0.02578125 0.12109375
0 0.271875 0.16328125 0.021875 0.12734375
1 0.784375 0.196875 0.02421875 0.16015625
0 0.49140625 0.28203125 0.034375 0.1453125
0 0.51328125 0.228125 0.059375 0.090625
0 0.5484375 0.20703125 0.0625 0.07734375
0 0.60078125 0.16953125 0.05234375 0.07265625
0 0.18984375 0.1640625 0.02890625 0.121875
0 0.434375 0.19609375 0.03984375 0.1328125
0 0.478125 0.2296875 0.04375 0.1265625
0 0.49140625 0.18984375 0.0421875 0.08203125
0 0.48125 0.2046875 0.03515625 0.07578125
0 0.51640625 0.171875 0.03828125 0.0765625
0 0.6640625 0.07265625 0.03984375 0.090625