0 0.90703125 0.3703125 0.0375 0.15078125
0 0.56484375 0.275 0.04140625 0.14296875
0 0.18671875 0.51796875 0.040625 0.16875
0 0.32890625 0.40390625 0.05703125 0.153125
0 0.94140625 0.475 0.06875 0.19765625
0 0.8859375 0.21015625 0.0359375 0.14140625
0 0.940625 0.2109375 0.03125 0.140625
0 0.82578125 0.4984375 0.03671875 0.1765625
0 0.6984375 0.2703125 0.0546875 0.1421875
0 0.74375 0.3140625 0.06328125 0.14765625
0 0.79765625 0.396875 0.0390625 0.17265625
1 0.8578125 0.28046875 0.03359375 0.1375
0 0.52578125 0.5875 0.07734375 0.18828125
0 0.58671875 0.67265625 0.053125 0.19609375
0 0.28984375 0.50546875 0.059375 0.178125
0 0.8625 0.37421875 0.05703125 0.165625
0 0.48828125 0.51484375 0.04609375 0.16875
0 0.82109375 0.3421875 0.0359375 0.1609375
0 0.8078125 0.21171875 0.028125 0.1390625
1 0.278125 0.10625 0.0234375 0.121875
0 0.83515625 0.44296875 0.0390625 0.1640625
0 0.8171875 0.25 0.0296875 0.1265625