0 0.33515625 0.4609375 0.0234375 0.0640625
0 0.63125 0.3828125 0.0109375 0.0703125
0 0.22109375 0.4578125 0.01640625 0.06875
0 0.67109375 0.4234375 0.01796875 0.078125
0 0.25859375 0.44765625 0.028125 0.0609375
0 0.90078125 0.5375 0.03125 0.08828125
0 0.63515625 0.478125 0.02109375 0.075
0 0.9453125 0.47578125 0.0265625 0.0796875
0 0.371875 0.465625 0.0296875 0.07265625
0 0.48046875 0.45703125 0.034375 0.07109375
0 0.6109375 0.421875 0.0203125 0.0859375
0 0.65703125 0.50390625 0.02578125 0.05546875
0 0.73515625 0.44375 0.0234375 0.08515625
0 0.684375 0.46875 0.0296875 0.06640625
0 0.46328125 0.41328125 0.0203125 0.0765625
1 0.30234375 0.309375 0.021875 0.05703125
0 0.43671875 0.3875 0.0171875 0.06640625
0 0.4203125 0.38125 0.01953125 0.0578125
1 0.7359375 0.46796875 0.0234375 0.075
0 0.678125 0.4234375 0.0171875 0.06171875
0 0.6234375 0.3875 0.01328125 0.06328125
0 0.4234375 0.3578125 0.01484375 0.06015625
0 0.45625 0.39296875 0.02109375 0.071875
0 0.44140625 0.3515625 0.021875 0.05390625