0 0.5859375 0.4921875 0.02890625 0.1328125
0 0.44140625 0.45703125 0.03203125 0.1375
0 0.78203125 0.47734375 0.03046875 0.1375
0 0.3796875 0.39765625 0.02421875 0.1015625
0 0.68203125 0.52265625 0.02421875 0.1484375
0 0.34140625 0.45078125 0.03828125 0.125
0 0.14765625 0.4921875 0.02421875 0.140625
0 0.475 0.49921875 0.03359375 0.128125
0 0.48515625 0.33515625 0.0234375 0.10546875
0 0.18515625 0.49140625 0.02734375 0.12734375
0 0.66484375 0.4640625 0.0203125 0.14140625
0 0.38125 0.4953125 0.02265625 0.13671875
0 0.62265625 0.42109375 0.02421875 0.125
0 0.58828125 0.45546875 0.0265625 0.13359375
0 0.2390625 0.48984375 0.02578125 0.15078125
0 0.3 0.3890625 0.0234375 0.1171875
0 0.70859375 0.50703125 0.0234375 0.14453125
0 0.22890625 0.44140625 0.01953125 0.11640625
0 0.30390625 0.478125 0.02890625 0.13359375
0 0.29765625 0.4359375 0.02109375 0.13046875
0 0.35859375 0.43046875 0.02265625 0.1125
0 0.47421875 0.4109375 0.02421875 0.13125
1 0.61875 0.459375 0.01953125 0.13125
1 0.76953125 0.1671875 0.01796875 0.084375