0 0.625 0.3046875 0.03984375 0.1515625
1 0.2109375 0.6875 0.0671875 0.1984375
0 0.5625 0.35390625 0.0484375 0.109375
0 0.8125 0.415625 0.03828125 0.15234375
0 0.453125 0.2484375 0.04609375 0.12734375
0 0.89296875 0.17265625 0.04765625 0.0984375
0 0.934375 0.17265625 0.0390625 0.09375
0 0.534375 0.33984375 0.04453125 0.121875
0 0.421875 0.32578125 0.0390625 0.13671875
0 0.771875 0.32421875 0.04140625 0.13671875
1 0.74765625 0.340625 0.03515625 0.1484375
0 0.81640625 0.40390625 0.04765625 0.12890625
0 0.51875 0.3609375 0.0625 0.0484375
0 0.484375 0.33984375 0.0484375 0.090625
0 0.4953125 0.26015625 0.0265625 0.10859375
0 0.46953125 0.34765625 0.04375 0.0765625
0 0.51484375 0.22578125 0.03671875 0.1109375
0 0.38046875 0.32578125 0.04765625 0.14296875
0 0.41015625 0.3203125 0.03515625 0.11640625
0 0.44921875 0.33046875 0.03671875 0.0984375
0 0.453125 0.30234375 0.0453125 0.125
0 0.49375 0.2328125 0.02578125 0.11484375