0 0.6140625 0.49375 0.065625 0.171875
0 0.85703125 0.44140625 0.0515625 0.1734375
0 0.753125 0.57265625 0.065625 0.165625
0 0.165625 0.42734375 0.0453125 0.1640625
0 0.496875 0.25625 0.04375 0.14375
0 0.36875 0.43828125 0.05546875 0.1578125
0 0.62578125 0.21875 0.034375 0.12890625
0 0.5609375 0.45703125 0.0453125 0.16640625
0 0.28125 0.375 0.04453125 0.1453125
0 0.8046875 0.20390625 0.04296875 0.121875
0 0.7375 0.36484375 0.04453125 0.16953125
0 0.92265625 0.44375 0.05 0.18125
0 0.80234375 0.35859375 0.04609375 0.16640625
0 0.72109375 0.2140625 0.03515625 0.1359375
0 0.68125 0.259375 0.03671875 0.13359375
0 0.70859375 0.3171875 0.053125 0.153125
0 0.99453125 0.31640625 0.0109375 0.1171875
1 0.20625 0.13359375 0.04140625 0.10546875
0 0.84296875 0.3953125 0.0484375 0.14609375
1 0.7375 0.28671875 0.040625 0.14140625
0 0.71484375 0.3625 0.040625 0.15078125
0 0.684375 0.23984375 0.03828125 0.1328125