0 0.6359375 0.346875 0.05859375 0.14765625
0 0.4 0.30703125 0.0453125 0.1515625
0 0.59296875 0.35078125 0.034375 0.12265625
1 0.73671875 0.69765625 0.053125 0.18515625
0 0.54296875 0.24921875 0.03125 0.125
0 0.45625 0.3625 0.04375 0.12890625
0 0.22109375 0.3859375 0.059375 0.13125
0 0.2875 0.34296875 0.03203125 0.14140625
0 0.0921875 0.196875 0.0390625 0.1
0 0.18203125 0.38828125 0.0296875 0.15859375
0 0.13125 0.19140625 0.04453125 0.10078125
1 0.2578125 0.34921875 0.021875 0.14296875
0 0.47109375 0.278125 0.03203125 0.1203125
0 0.459375 0.24296875 0.034375 0.12109375
0 0.47734375 0.2515625 0.02578125 0.1265625
0 0.43671875 0.33984375 0.0546875 0.07265625
0 0.53984375 0.39296875 0.0640625 0.06640625
0 0.50859375 0.38203125 0.03984375 0.09140625
0 0.47109375 0.36953125 0.0609375 0.05390625
0 0.5734375 0.36328125 0.040625 0.125
0 0.55234375 0.334375 0.03671875 0.12578125
0 0.5078125 0.3171875 0.03828125 0.1125