0 0.08828125 0.51796875 0.0390625 0.096875
0 0.16484375 0.5109375 0.028125 0.096875
0 0.20625 0.3265625 0.02421875 0.071875
0 0.47734375 0.57578125 0.03203125 0.09609375
0 0.403125 0.54375 0.03984375 0.11015625
0 0.4609375 0.72109375 0.0328125 0.1171875
0 0.35859375 0.77578125 0.05625 0.12734375
0 0.5515625 0.7640625 0.04921875 0.13359375
0 0.628125 0.66953125 0.03515625 0.13125
0 0.7421875 0.596875 0.0390625 0.13359375
0 0.83671875 0.54453125 0.0390625 0.11640625
0 0.675 0.684375 0.040625 0.13671875
0 0.68515625 0.63515625 0.03359375 0.13203125
0 0.6375 0.590625 0.04140625 0.1125
0 0.6234375 0.56640625 0.03125 0.12109375
0 0.525 0.70546875 0.03671875 0.12578125
0 0.47109375 0.79296875 0.0375 0.1328125
0 0.3953125 0.78828125 0.0734375 0.0765625
0 0.3359375 0.7234375 0.05625 0.12109375
0 0.4609375 0.59765625 0.03671875 0.09921875
0 0.19140625 0.32890625 0.01796875 0.0578125
1 0.51015625 0.5109375 0.0296875 0.10078125
1 0.59296875 0.2296875 0.0109375 0.05546875
1 0.67265625 0.82734375 0.04921875 0.146875