0 0.6109375 0.27578125 0.04140625 0.1234375
0 0.08046875 0.32109375 0.05 0.13984375
0 0.321875 0.26640625 0.0375 0.13359375
0 0.640625 0.2296875 0.0390625 0.125
0 0.69375 0.23828125 0.0359375 0.1484375
0 0.3671875 0.21328125 0.0328125 0.11875
0 0.15625 0.23671875 0.025 0.13828125
0 0.34453125 0.3140625 0.0578125 0.1390625
0 0.5546875 0.21953125 0.04609375 0.0875
0 0.30078125 0.1734375 0.0265625 0.12421875
0 0.38671875 0.3140625 0.0609375 0.08125
0 0.42578125 0.2828125 0.06015625 0.078125
0 0.44921875 0.24921875 0.0515625 0.07578125
0 0.46171875 0.23515625 0.05625 0.07734375
0 0.4890625 0.1890625 0.03828125 0.08828125
0 0.47734375 0.3265625 0.05 0.09296875
0 0.49609375 0.296875 0.04921875 0.1125
0 0.49765625 0.2796875 0.04453125 0.09921875
0 0.5015625 0.265625 0.0421875 0.10859375
0 0.51796875 0.2515625 0.04765625 0.0890625
0 0.540625 0.23203125 0.04765625 0.0828125
0 0.8625 0.25078125 0.0390625 0.12421875
1 0.64609375 0.0796875 0.03515625 0.09609375
1 0.09140625 0.25546875 0.02265625 0.14140625