0 0.39453125 0.47109375 0.059375 0.16875
0 0.62890625 0.528125 0.0609375 0.175
0 0.8921875 0.47109375 0.05703125 0.16484375
0 0.81875 0.3828125 0.04296875 0.15625
0 0.7453125 0.6125 0.06484375 0.175
0 0.5890625 0.26875 0.0359375 0.13984375
0 0.2484375 0.4609375 0.04765625 0.159375
0 0.971875 0.46328125 0.05546875 0.18671875
0 0.58125 0.4859375 0.0375 0.16796875
0 0.91328125 0.2109375 0.03515625 0.125
0 0.3671875 0.3890625 0.04140625 0.1375
0 0.740625 0.275 0.0359375 0.1375
0 0.89296875 0.3546875 0.0375 0.15390625
1 0.84453125 0.27734375 0.0359375 0.1421875
0 0.84296875 0.2171875 0.03125 0.13125
0 0.79765625 0.2484375 0.03046875 0.11953125
0 0.8953125 0.4078125 0.05703125 0.1484375
0 0.87421875 0.35859375 0.03515625 0.15078125
0 0.77421875 0.31875 0.04140625 0.13828125
0 0.76015625 0.22265625 0.034375 0.14375
1 0.296875 0.134375 0.025 0.10390625
0 0.81171875 0.3546875 0.05390625 0.12890625