1 0.96484375 0.246875 0.03359375 0.1390625
0 0.5125 0.2359375 0.04921875 0.14453125
0 0.25625 0.26015625 0.0375 0.1375
0 0.54609375 0.315625 0.03671875 0.121875
0 0.60234375 0.30390625 0.0390625 0.15390625
0 0.6125 0.16875 0.040625 0.1171875
0 0.66484375 0.18984375 0.0421875 0.12421875
0 0.45703125 0.240625 0.053125 0.134375
0 0.21484375 0.3109375 0.0390625 0.12734375
0 0.440625 0.184375 0.03203125 0.12734375
0 0.30078125 0.31953125 0.0390625 0.134375
0 0.67578125 0.39921875 0.05546875 0.13515625
0 0.696875 0.36796875 0.0546875 0.14609375
0 0.43125 0.3890625 0.04921875 0.1484375
0 0.34609375 0.35234375 0.04140625 0.14921875
0 0.6 0.1359375 0.0265625 0.10390625
0 0.34296875 0.26484375 0.03125 0.1296875
0 0.3234375 0.2828125 0.03203125 0.1296875
0 0.50390625 0.2015625 0.03671875 0.128125
0 0.69609375 0.39140625 0.0546875 0.12890625
0 0.35234375 0.3265625 0.0359375 0.121875