0 0.35 0.37421875 0.04609375 0.1375
0 0.63203125 0.38515625 0.0484375 0.1375
0 0.6609375 0.259375 0.0484375 0.11484375
0 0.2734375 0.3421875 0.02578125 0.11875
0 0.38828125 0.3890625 0.03671875 0.11015625
0 0.53125 0.38359375 0.03828125 0.0859375
0 0.74921875 0.2625 0.0265625 0.12265625
0 0.71484375 0.26015625 0.02421875 0.09765625
0 0.5875 0.38125 0.0296875 0.1203125
0 0.5140625 0.31796875 0.02890625 0.1171875
0 0.49140625 0.3 0.02890625 0.1046875
0 0.63984375 0.35 0.03671875 0.10390625
1 0.13203125 0.2 0.0203125 0.0921875
0 0.61015625 0.3140625 0.0296875 0.0953125
0 0.41796875 0.3296875 0.02890625 0.11640625
0 0.60859375 0.25078125 0.03359375 0.1125
0 0.68359375 0.2578125 0.03671875 0.103125
1 0.69140625 0.3078125 0.025 0.13203125
0 0.55625 0.375 0.0515625 0.1140625
1 0.88984375 0.190625 0.03828125 0.1015625
0 0.7140625 0.25703125 0.0265625 0.103125
0 0.603125 0.27421875 0.03046875 0.09765625