0 0.29375 0.5546875 0.0375 0.1421875
0 0.45625 0.70546875 0.03203125 0.15078125
0 0.53359375 0.6796875 0.05390625 0.13984375
0 0.46328125 0.59609375 0.053125 0.10234375
0 0.44921875 0.5671875 0.03671875 0.12109375
0 0.47890625 0.52265625 0.0296875 0.1203125
0 0.46875 0.5140625 0.03515625 0.11875
0 0.56796875 0.5734375 0.03359375 0.12265625
0 0.56328125 0.48125 0.02890625 0.11953125
0 0.8296875 0.35859375 0.03359375 0.0984375
0 0.41171875 0.66328125 0.07578125 0.1515625
0 0.490625 0.67265625 0.053125 0.15390625
0 0.4421875 0.60625 0.03984375 0.1265625
0 0.67265625 0.596875 0.0375 0.1296875
0 0.57109375 0.596875 0.0421875 0.134375
0 0.553125 0.57890625 0.0546875 0.12890625
0 0.50078125 0.5125 0.053125 0.10859375
0 0.56328125 0.53359375 0.0265625 0.140625
0 0.575 0.50234375 0.03359375 0.13203125
0 0.578125 0.47734375 0.03515625 0.13359375
0 0.928125 0.3765625 0.02578125 0.11640625
1 0.80546875 0.52578125 0.03203125 0.13984375
1 0.1171875 0.79140625 0.0390625 0.171875
1 0.05859375 0.4734375 0.028125 0.1359375
1 0.95703125 0.2125 0.03359375 0.0890625