0 0.68984375 0.45 0.02421875 0.1
0 0.42890625 0.43046875 0.01875 0.09375
0 0.04453125 0.32890625 0.0171875 0.08046875
0 0.175 0.490625 0.0296875 0.11328125
0 0.31015625 0.56015625 0.034375 0.11484375
0 0.35234375 0.66484375 0.03515625 0.13828125
0 0.415625 0.65 0.028125 0.13671875
0 0.4640625 0.64296875 0.0328125 0.13671875
0 0.49453125 0.73515625 0.03984375 0.14140625
0 0.23203125 0.78671875 0.05078125 0.1515625
0 0.0578125 0.771875 0.0484375 0.15703125
0 0.209375 0.69609375 0.05 0.12578125
0 0.4515625 0.765625 0.03203125 0.16640625
0 0.5453125 0.73515625 0.0265625 0.1328125
0 0.64375 0.76015625 0.03125 0.1375
0 0.68515625 0.79921875 0.028125 0.15546875
0 0.62890625 0.603125 0.02421875 0.13359375
0 0.6078125 0.621875 0.0265625 0.1296875
0 0.54921875 0.63125 0.0296875 0.12578125
0 0.50546875 0.6640625 0.0234375 0.12265625
0 0.6171875 0.81171875 0.03203125 0.16953125
0 0.434375 0.8390625 0.04140625 0.15390625
1 0.21171875 0.825 0.03828125 0.15703125
1 0.71328125 0.803125 0.0265625 0.1609375
1 0.346875 0.23125 0.028125 0.0640625