0 0.26328125 0.41015625 0.03203125 0.1203125
0 0.828125 0.27109375 0.0234375 0.08671875
0 0.31953125 0.31171875 0.02265625 0.10234375
0 0.63828125 0.31171875 0.034375 0.07890625
0 0.79921875 0.3265625 0.02421875 0.109375
0 0.48828125 0.2515625 0.01875 0.07890625
0 0.69375 0.3515625 0.02734375 0.1125
0 0.584375 0.33515625 0.02890625 0.0859375
0 0.56953125 0.3609375 0.0296875 0.09765625
0 0.7140625 0.309375 0.021875 0.090625
0 0.56171875 0.28203125 0.0171875 0.09140625
0 0.7625 0.3484375 0.0171875 0.103125
0 0.73828125 0.3046875 0.0234375 0.08046875
0 0.61328125 0.39375 0.02421875 0.11953125
0 0.52578125 0.30703125 0.01796875 0.0953125
0 0.6546875 0.23828125 0.015625 0.08046875
0 0.66484375 0.34375 0.01875 0.1015625
1 0.08515625 0.309375 0.01796875 0.1
0 0.68515625 0.25390625 0.015625 0.08359375
1 0.478125 0.30625 0.0203125 0.09765625
1 0.865625 0.209375 0.015625 0.07578125
0 0.67421875 0.28984375 0.0234375 0.059375
0 0.59140625 0.38203125 0.02421875 0.11640625
0 0.67109375 0.33515625 0.0234375 0.09609375
0 0.68046875 0.33359375 0.02734375 0.06015625