0 0.271875 0.390625 0.05546875 0.13515625
0 0.759375 0.60625 0.07578125 0.1734375
0 0.70234375 0.2734375 0.04921875 0.1171875
0 0.74921875 0.19296875 0.04921875 0.10078125
0 0.20625 0.4765625 0.065625 0.1546875
0 0.71484375 0.37265625 0.06484375 0.1234375
0 0.2609375 0.27265625 0.05703125 0.11796875
0 0.0796875 0.69375 0.09140625 0.178125
0 0.30859375 0.21640625 0.040625 0.1125
0 0.14296875 0.56484375 0.0671875 0.1546875
0 0.3 0.32421875 0.03671875 0.134375
0 0.18359375 0.4078125 0.0515625 0.146875
0 0.16015625 0.2046875 0.03984375 0.0984375
0 0.2734375 0.190625 0.04140625 0.10234375
1 0.2171875 0.10546875 0.02734375 0.09140625