0 0.434375 0.51640625 0.0328125 0.14140625
0 0.75625 0.29140625 0.02421875 0.11796875
0 0.4640625 0.603125 0.0546875 0.15703125
0 0.26796875 0.73828125 0.0390625 0.18515625
0 0.7046875 0.3890625 0.034375 0.12265625
1 0.315625 0.4921875 0.0234375 0.15546875
0 0.609375 0.44296875 0.05 0.0890625
0 0.6203125 0.34921875 0.02109375 0.1234375
0 0.47109375 0.42578125 0.0328125 0.121875
0 0.5859375 0.29609375 0.05078125 0.11171875
0 0.19921875 0.49296875 0.0296875 0.15078125
0 0.83515625 0.4859375 0.028125 0.1640625
0 0.82265625 0.4640625 0.03125 0.1328125
0 0.32734375 0.3453125 0.01953125 0.12890625
1 0.72734375 0.121875 0.01953125 0.08671875
0 0.55703125 0.58515625 0.06484375 0.09765625
0 0.6484375 0.5859375 0.04765625 0.1109375
0 0.56875 0.496875 0.06171875 0.10703125
0 0.5765625 0.7625 0.06015625 0.1828125
0 0.64296875 0.5453125 0.0515625 0.109375
0 0.6359375 0.5109375 0.04296875 0.1078125
0 0.6609375 0.48359375 0.04453125 0.09453125
0 0.67109375 0.45234375 0.0421875 0.09375
0 0.67734375 0.434375 0.0453125 0.084375