0 0.834375 0.2453125 0.04140625 0.115625
0 0.5078125 0.2734375 0.05 0.140625
0 0.7171875 0.5484375 0.05546875 0.17734375
0 0.02578125 0.521875 0.05078125 0.19453125
1 0.6953125 0.30078125 0.02890625 0.15078125
0 0.37890625 0.4953125 0.0484375 0.18125
0 0.434375 0.24375 0.04609375 0.14765625
1 0.98984375 0.09921875 0.0203125 0.1171875
0 0.39296875 0.278125 0.0390625 0.15
1 0.22109375 0.17265625 0.02890625 0.11640625
0 0.825 0.1609375 0.0203125 0.10625
0 0.9171875 0.17734375 0.0359375 0.1109375
0 0.39140625 0.2265625 0.03125 0.12265625
0 0.67421875 0.49609375 0.05859375 0.13828125
0 0.52265625 0.2078125 0.03984375 0.12109375
0 0.925 0.171875 0.02734375 0.12265625
0 0.74765625 0.19921875 0.028125 0.1203125
0 0.49921875 0.24765625 0.04140625 0.13515625
0 0.50078125 0.20625 0.0296875 0.12265625
0 0.40703125 0.22265625 0.046875 0.11171875