0 0.890625 0.5125 0.03671875 0.13125
0 0.509375 0.43046875 0.053125 0.07109375
0 0.5671875 0.475 0.04296875 0.096875
0 0.43671875 0.603125 0.05 0.1421875
0 0.66484375 0.28515625 0.03359375 0.1078125
0 0.33984375 0.51796875 0.034375 0.1375
0 0.68203125 0.18125 0.02734375 0.0953125
1 0.22890625 0.496875 0.028125 0.1484375
0 0.24140625 0.3203125 0.0234375 0.125
0 0.72734375 0.48203125 0.03203125 0.15625
0 0.5671875 0.58828125 0.03984375 0.1328125
0 0.5078125 0.35390625 0.0234375 0.1203125
0 0.12421875 0.4671875 0.034375 0.153125
0 0.45390625 0.215625 0.02109375 0.096875
1 0.62578125 0.12265625 0.02109375 0.08671875
0 0.55078125 0.5359375 0.04921875 0.1
0 0.3875 0.440625 0.03203125 0.1234375
0 0.54296875 0.51015625 0.04765625 0.078125
0 0.2921875 0.6890625 0.03671875 0.17734375
0 0.47890625 0.49296875 0.034375 0.10625
0 0.58828125 0.434375 0.0421875 0.0828125
0 0.578125 0.45078125 0.0390625 0.0921875
0 0.553125 0.56875 0.04375 0.1109375
0 0.45859375 0.57421875 0.06171875 0.09609375