0 0.13828125 0.39296875 0.06796875 0.1578125
1 0.70546875 0.1921875 0.0328125 0.125
0 0.20859375 0.4015625 0.065625 0.1421875
0 0.73359375 0.30234375 0.06328125 0.1265625
0 0.1203125 0.2546875 0.0546875 0.12421875
0 0.046875 0.4703125 0.08203125 0.1296875
0 0.0765625 0.253125 0.05 0.115625
0 0.028125 0.2234375 0.0296875 0.12890625
0 0.2046875 0.30703125 0.0484375 0.13828125
0 0.3953125 0.325 0.02890625 0.134375
0 0.37890625 0.31796875 0.02578125 0.1296875
0 0.2578125 0.340625 0.04453125 0.14453125
0 0.25546875 0.30625 0.05234375 0.12578125
0 0.2140625 0.3390625 0.04765625 0.13828125
0 0.36875 0.31015625 0.02734375 0.1203125