0 0.2984375 0.58984375 0.04375 0.1203125
0 0.36328125 0.36953125 0.021875 0.08828125
0 0.6515625 0.46796875 0.02578125 0.1140625
0 0.14453125 0.43046875 0.025 0.11875
1 0.746875 0.75 0.0296875 0.17734375
0 0.4671875 0.525 0.025 0.1296875
0 0.37421875 0.50546875 0.03046875 0.11015625
0 0.35546875 0.54609375 0.02578125 0.128125
0 0.4953125 0.3984375 0.01796875 0.1015625
0 0.43515625 0.45234375 0.01953125 0.1046875
0 0.1421875 0.55546875 0.01796875 0.128125
0 0.5328125 0.553125 0.02265625 0.128125
0 0.73359375 0.6265625 0.02578125 0.13984375
1 0.58515625 0.484375 0.01875 0.11015625
0 0.21796875 0.48515625 0.02421875 0.1203125
0 0.259375 0.49453125 0.0234375 0.10078125
0 0.18828125 0.525 0.0234375 0.13125
0 0.546875 0.49453125 0.02109375 0.1109375
0 0.284375 0.49375 0.0203125 0.12109375
0 0.3140625 0.40859375 0.01796875 0.10625
1 0.74921875 0.35078125 0.01484375 0.09296875
0 0.17578125 0.54296875 0.025 0.13359375
0 0.3203125 0.515625 0.025 0.11640625
0 0.33046875 0.52890625 0.02890625 0.1234375
0 0.33125 0.48671875 0.034375 0.059375