0 0.66953125 0.4796875 0.034375 0.06796875
1 0.30078125 0.340625 0.021875 0.11640625
0 0.6171875 0.5421875 0.03046875 0.1078125
0 0.64375 0.42265625 0.02265625 0.0953125
0 0.38125 0.59296875 0.03828125 0.1203125
0 0.72890625 0.546875 0.02734375 0.1078125
0 0.48515625 0.55078125 0.034375 0.0796875
0 0.275 0.453125 0.0203125 0.11171875
0 0.6375 0.4921875 0.03671875 0.065625
0 0.35234375 0.54765625 0.0375 0.10078125
0 0.47578125 0.41796875 0.02421875 0.0828125
0 0.45859375 0.5671875 0.04140625 0.07734375
1 0.053125 0.66796875 0.0265625 0.15078125
1 0.378125 0.471875 0.028125 0.0796875
0 0.57734375 0.48359375 0.03984375 0.0625
0 0.51796875 0.528125 0.03671875 0.0828125
0 0.553125 0.51015625 0.03125 0.075
0 0.57109375 0.50625 0.02890625 0.09609375
0 0.596875 0.50078125 0.0359375 0.075
0 0.32265625 0.56953125 0.02890625 0.09140625
0 0.41484375 0.4953125 0.03046875 0.090625
0 0.4375 0.5328125 0.0453125 0.06171875
0 0.51640625 0.5 0.04453125 0.06484375
0 0.4875 0.46015625 0.025 0.096875
0 0.6296875 0.44140625 0.02890625 0.07578125