0 0.47109375 0.62734375 0.05234375 0.11015625
0 0.35546875 0.2859375 0.0359375 0.115625
0 0.33046875 0.178125 0.040625 0.10078125
0 0.11171875 0.5328125 0.04140625 0.13828125
0 0.4578125 0.49296875 0.04609375 0.1046875
0 0.51796875 0.4453125 0.05703125 0.07109375
0 0.70859375 0.53671875 0.040625 0.1328125
0 0.59453125 0.6296875 0.05859375 0.1515625
0 0.64609375 0.459375 0.04609375 0.13203125
0 0.8984375 0.4546875 0.0265625 0.1640625
0 0.43671875 0.44609375 0.0453125 0.08828125
0 0.2875 0.49453125 0.03671875 0.16875
0 0.50234375 0.3671875 0.028125 0.12890625
0 0.55078125 0.51015625 0.03828125 0.11328125
0 0.47734375 0.5484375 0.05078125 0.10078125
0 0.72890625 0.63359375 0.03984375 0.171875
0 0.77109375 0.2921875 0.01953125 0.12578125
0 0.471875 0.5890625 0.05390625 0.11015625
0 0.44921875 0.4640625 0.0421875 0.09765625
0 0.5640625 0.184375 0.025 0.10546875
1 0.8296875 0.51171875 0.02734375 0.1578125
0 0.56953125 0.5921875 0.06015625 0.10625
0 0.4859375 0.5203125 0.0453125 0.09609375
1 0.39375 0.1125 0.0203125 0.09140625