0 0.71796875 0.26875 0.0296875 0.1421875
0 0.90703125 0.440625 0.0359375 0.1671875
1 0.653125 0.77265625 0.053125 0.19296875
0 0.65703125 0.13125 0.025 0.1140625
0 0.7640625 0.3609375 0.03515625 0.146875
0 0.93984375 0.28125 0.021875 0.13515625
0 0.5640625 0.36640625 0.028125 0.15
1 0.8828125 0.34921875 0.0265625 0.15390625
0 0.51640625 0.5953125 0.04609375 0.19453125
0 0.6109375 0.39921875 0.03359375 0.16796875
0 0.521875 0.32734375 0.03125 0.146875
0 0.16796875 0.32578125 0.02578125 0.15078125
0 0.528125 0.290625 0.0265625 0.14453125
0 0.29921875 0.17578125 0.02734375 0.128125
0 0.6984375 0.3234375 0.028125 0.14609375
0 0.4234375 0.40859375 0.0375 0.16484375
0 0.40078125 0.328125 0.046875 0.1
0 0.309375 0.13203125 0.02578125 0.11484375
0 0.20390625 0.35078125 0.03046875 0.16640625
0 0.1953125 0.3796875 0.028125 0.15234375
0 0.41484375 0.34609375 0.04921875 0.0984375
0 0.428125 0.3640625 0.05078125 0.0828125
0 0.42578125 0.39609375 0.04140625 0.13515625