0 0.1484375 0.625 0.0265625 0.1078125
0 0.5625 0.68515625 0.028125 0.11640625
0 0.528125 0.7578125 0.0265625 0.1046875
0 0.6234375 0.67109375 0.021875 0.11171875
0 0.73828125 0.67265625 0.025 0.12890625
0 0.7453125 0.6125 0.03046875 0.11171875
0 0.78203125 0.62265625 0.03046875 0.1125
0 0.85078125 0.728125 0.025 0.13671875
0 0.34765625 0.3765625 0.0203125 0.065625
0 0.61484375 0.77421875 0.01796875 0.1171875
0 0.20078125 0.596875 0.02890625 0.1078125
0 0.4 0.5390625 0.01875 0.1015625
0 0.4046875 0.375 0.015625 0.06796875
0 0.88515625 0.63671875 0.02421875 0.12109375
0 0.78671875 0.69140625 0.03359375 0.12578125
0 0.71796875 0.72734375 0.0265625 0.13515625
0 0.6953125 0.66484375 0.02421875 0.1234375
0 0.62421875 0.7484375 0.021875 0.12109375
0 0.55234375 0.57890625 0.0265625 0.1109375
1 0.6765625 0.74921875 0.02890625 0.1546875
1 0.79765625 0.2796875 0.01171875 0.05
1 0.71640625 0.540625 0.0234375 0.08984375
1 0.2109375 0.478125 0.03125 0.07890625