0 0.86875 0.47109375 0.025 0.16328125
0 0.8046875 0.3546875 0.025 0.13828125
0 0.67421875 0.5109375 0.0296875 0.15546875
0 0.63671875 0.4171875 0.02734375 0.1390625
0 0.6421875 0.6046875 0.0421875 0.18046875
0 0.79296875 0.77734375 0.034375 0.2015625
0 0.53046875 0.53828125 0.025 0.17578125
0 0.51796875 0.46640625 0.021875 0.1515625
0 0.47421875 0.384375 0.0234375 0.153125
0 0.52890625 0.3421875 0.025 0.1390625
0 0.6 0.24765625 0.02421875 0.1109375
0 0.1609375 0.48515625 0.03671875 0.16640625
0 0.2546875 0.51484375 0.03828125 0.1625
0 0.22890625 0.5 0.03828125 0.15703125
0 0.2453125 0.490625 0.0328125 0.1515625
0 0.23828125 0.4609375 0.04375 0.1421875
0 0.2390625 0.46171875 0.03671875 0.1765625
0 0.16640625 0.45 0.03203125 0.16328125
0 0.1265625 0.49375 0.0296875 0.1484375
0 0.10703125 0.4953125 0.05546875 0.12421875
0 0.10625 0.49609375 0.0234375 0.171875
0 0.05703125 0.47265625 0.03359375 0.1484375
1 0.3484375 0.10234375 0.02265625 0.0890625
1 0.79375 0.4828125 0.03046875 0.1546875