0 0.63984375 0.50703125 0.05 0.14375
0 0.65859375 0.27734375 0.040625 0.09140625
0 0.60703125 0.2546875 0.040625 0.1125
0 0.98203125 0.4484375 0.03515625 0.11640625
0 0.45625 0.3578125 0.02578125 0.1296875
0 0.33671875 0.2703125 0.03984375 0.08515625
1 0.7765625 0.1875 0.0234375 0.09765625
0 0.28203125 0.23515625 0.0265625 0.08515625
0 0.203125 0.35234375 0.0421875 0.1203125
0 0.365625 0.27890625 0.03125 0.09609375
0 0.20703125 0.2546875 0.0390625 0.1078125
0 0.16953125 0.21875 0.02421875 0.08125
0 0.38515625 0.321875 0.025 0.1046875
0 0.4390625 0.284375 0.0375 0.09765625
0 0.42734375 0.26875 0.03828125 0.09453125
1 0.12734375 0.1875 0.034375 0.08203125
0 0.00625 0.29375 0.0125 0.11015625
0 0.515625 0.2875 0.03671875 0.10234375
0 0.39453125 0.2640625 0.03828125 0.0828125
0 0.49375 0.28828125 0.0484375 0.0984375
0 0.47421875 0.284375 0.04140625 0.08828125
1 0.20078125 0.325 0.034375 0.1
0 0.53203125 0.309375 0.03203125 0.11328125
0 0.4671875 0.26171875 0.0265625 0.09609375