0 0.584375 0.49453125 0.08203125 0.16171875
0 0.64765625 0.21640625 0.05390625 0.1109375
0 0.42265625 0.5421875 0.07578125 0.16953125
0 0.77109375 0.4328125 0.06328125 0.1625
0 0.0796875 0.234375 0.03359375 0.1015625
0 0.4890625 0.42734375 0.0734375 0.14609375
0 0.33359375 0.1828125 0.04375 0.1171875
1 0.1484375 0.29453125 0.040625 0.140625
0 0.40703125 0.24375 0.05078125 0.13125
0 0.50546875 0.2859375 0.03984375 0.13671875
0 0.23203125 0.17109375 0.0265625 0.10859375
0 0.60234375 0.290625 0.04296875 0.121875
0 0.5703125 0.2296875 0.04296875 0.125
1 0.70546875 0.15234375 0.03046875 0.115625
0 0.55859375 0.24921875 0.0390625 0.1421875
0 0.4484375 0.24296875 0.0453125 0.12578125
0 0.01953125 0.1375 0.02265625 0.1078125
0 0.009375 0.16796875 0.01796875 0.11171875
0 0.41015625 0.1921875 0.03046875 0.1125
0 0.41015625 0.18828125 0.03515625 0.11640625