0 0.30703125 0.23359375 0.06796875 0.08046875
0 0.15234375 0.2703125 0.0375 0.12734375
0 0.2046875 0.4453125 0.04609375 0.171875
1 0.61328125 0.78984375 0.05625 0.2046875
0 0.22109375 0.16328125 0.03515625 0.11875
0 0.7203125 0.29765625 0.03828125 0.134375
0 0.3515625 0.2890625 0.0625 0.0921875
0 0.15859375 0.33359375 0.03984375 0.1421875
0 0.37734375 0.3890625 0.0671875 0.090625
0 0.54453125 0.40546875 0.03828125 0.140625
0 0.37109375 0.3359375 0.06328125 0.08359375
0 0.43828125 0.321875 0.04296875 0.07421875
0 0.48828125 0.32578125 0.05 0.13203125
0 0.51171875 0.36875 0.04296875 0.13359375
0 0.421875 0.2015625 0.03046875 0.13203125
1 0.99375 0.14375 0.0125 0.12890625
0 0.44375 0.2625 0.0359375 0.11796875
0 0.6875 0.26171875 0.03671875 0.12421875
0 0.67890625 0.2421875 0.02734375 0.12265625
0 0.4359375 0.2265625 0.0390625 0.11640625