1 0.3046875 0.2671875 0.02421875 0.10859375
0 0.371875 0.26796875 0.0234375 0.103125
0 0.8 0.27578125 0.0265625 0.11484375
0 0.51875 0.19453125 0.0203125 0.1046875
0 0.4515625 0.28125 0.02421875 0.12421875
0 0.1859375 0.25546875 0.01953125 0.11875
0 0.7671875 0.275 0.0234375 0.11953125
0 0.2703125 0.1890625 0.02265625 0.1046875
0 0.4859375 0.15546875 0.0171875 0.09609375
0 0.40078125 0.23046875 0.0203125 0.109375
0 0.675 0.2828125 0.02109375 0.1203125
0 0.4015625 0.30390625 0.02265625 0.11796875
0 0.48125 0.25234375 0.01875 0.1046875
0 0.68828125 0.27578125 0.025 0.1125
0 0.73125 0.2640625 0.021875 0.1265625
0 0.4828125 0.2203125 0.0171875 0.10859375
0 0.25234375 0.4 0.0265625 0.13984375
0 0.74296875 0.296875 0.02265625 0.10703125
0 0.75078125 0.27578125 0.01796875 0.1125
0 0.6984375 0.27578125 0.03515625 0.09921875
0 0.69296875 0.25703125 0.01875 0.11640625
0 0.690625 0.2515625 0.02421875 0.11796875
0 0.73359375 0.27265625 0.01953125 0.1140625
1 0.64453125 0.12265625 0.015625 0.0890625