0 0.38984375 0.3265625 0.05390625 0.13671875
0 0.86640625 0.34140625 0.06328125 0.13515625
0 0.46796875 0.4359375 0.06640625 0.15
1 0.015625 0.21953125 0.03125 0.1265625
0 0.50546875 0.17109375 0.03671875 0.11171875
1 0.96484375 0.21171875 0.0296875 0.134375
0 0.6546875 0.2484375 0.03828125 0.12578125
0 0.35859375 0.1984375 0.0359375 0.1296875
0 0.58359375 0.26796875 0.0390625 0.1375
0 0.325 0.2671875 0.040625 0.12734375
0 0.43515625 0.31484375 0.03828125 0.1390625
0 0.58671875 0.16328125 0.04296875 0.11796875
0 0.6140625 0.24921875 0.06015625 0.1375
0 0.5171875 0.26171875 0.03125 0.13203125
0 0.74140625 0.2171875 0.05 0.13046875
0 0.5390625 0.271875 0.034375 0.125
0 0.528125 0.17578125 0.0296875 0.1140625
0 0.55078125 0.16328125 0.02734375 0.11796875
0 0.76484375 0.2203125 0.04453125 0.11796875
0 0.74375 0.18515625 0.034375 0.121875
0 0.25625 0.23515625 0.0234375 0.1234375
0 0.61875 0.2375 0.0453125 0.1296875