1 0.05546875 0.29609375 0.02578125 0.12421875
0 0.68203125 0.37890625 0.021875 0.128125
0 0.52578125 0.24453125 0.0203125 0.103125
0 0.4578125 0.20234375 0.01875 0.09296875
0 0.25390625 0.290625 0.015625 0.11953125
0 0.496875 0.29609375 0.01796875 0.12265625
0 0.40625 0.2421875 0.028125 0.10859375
0 0.7640625 0.30703125 0.01953125 0.12109375
0 0.40078125 0.2171875 0.0171875 0.103125
0 0.4359375 0.27421875 0.02109375 0.10703125
0 0.55546875 0.31875 0.02421875 0.12578125
0 0.56484375 0.284375 0.0171875 0.10390625
1 0.57265625 0.2765625 0.01796875 0.1109375
0 0.53359375 0.21640625 0.01171875 0.10390625