0 0.4375 0.41875 0.0640625 0.15234375
0 0.35 0.453125 0.05 0.1890625
1 0.10859375 0.3609375 0.0359375 0.125
0 0.25703125 0.12109375 0.04453125 0.08515625
0 0.353125 0.3453125 0.0421875 0.1453125
0 0.1109375 0.21953125 0.03359375 0.1015625
0 0.53046875 0.171875 0.0328125 0.109375
0 0.1015625 0.52265625 0.05 0.15859375
0 0.82265625 0.18359375 0.0296875 0.11796875
0 0.484375 0.11640625 0.0421875 0.0984375
0 0.28515625 0.4484375 0.04921875 0.15703125
0 0.6609375 0.35 0.06640625 0.1328125
0 0.38671875 0.1265625 0.03359375 0.1
0 0.484375 0.38046875 0.0484375 0.13828125
0 0.53046875 0.35546875 0.05859375 0.1375
0 0.459375 0.34296875 0.03671875 0.13828125
0 0.634375 0.33984375 0.0390625 0.121875
0 0.378125 0.390625 0.0375 0.14609375
0 0.4875 0.3203125 0.03203125 0.1265625
0 0.4046875 0.37265625 0.0390625 0.13046875
1 0.26953125 0.76953125 0.0515625 0.1828125
0 0.490625 0.35 0.0296875 0.13359375
0 0.36875 0.3390625 0.03828125 0.14765625