0 0.975 0.4609375 0.03359375 0.09296875
0 0.90390625 0.2765625 0.02734375 0.075
0 0.6203125 0.6828125 0.04609375 0.134375
0 0.5765625 0.6984375 0.0390625 0.10703125
0 0.45 0.834375 0.0734375 0.14375
0 0.46640625 0.64375 0.040625 0.1078125
0 0.5046875 0.57109375 0.034375 0.0984375
0 0.365625 0.52109375 0.03515625 0.1234375
0 0.3390625 0.56328125 0.034375 0.13125
0 0.21328125 0.63203125 0.05 0.13046875
0 0.23046875 0.59765625 0.0453125 0.13828125
0 0.1578125 0.53203125 0.0296875 0.1390625
0 0.23203125 0.5671875 0.03671875 0.13203125
0 0.48515625 0.57109375 0.040625 0.10625
0 0.45546875 0.62734375 0.0359375 0.1140625
0 0.5296875 0.7171875 0.06015625 0.1421875
0 0.6125 0.521875 0.03359375 0.1234375
0 0.47734375 0.790625 0.0328125 0.12734375
0 0.84453125 0.48671875 0.046875 0.1125
0 0.8046875 0.4546875 0.0453125 0.10703125
0 0.84453125 0.275 0.03671875 0.0734375
0 0.4609375 0.70625 0.0484375 0.12265625
1 0.5796875 0.5 0.03203125 0.1171875
1 0.28515625 0.84765625 0.04140625 0.17890625
1 0.44296875 0.184375 0.02109375 0.06328125