1 0.9203125 0.2890625 0.04453125 0.12265625
0 0.26640625 0.2328125 0.0328125 0.10859375
0 0.41640625 0.3203125 0.034375 0.11796875
0 0.09375 0.28125 0.034375 0.12421875
0 0.3375 0.2109375 0.028125 0.09921875
0 0.36484375 0.3546875 0.03359375 0.15390625
0 0.05390625 0.33515625 0.0328125 0.12578125
0 0.0546875 0.27421875 0.03671875 0.12265625
1 0.86640625 0.82109375 0.0515625 0.2296875
0 0.3859375 0.32578125 0.028125 0.1453125
0 0.28125 0.21953125 0.03046875 0.1109375
0 0.453125 0.2328125 0.0296875 0.11328125
0 0.440625 0.24765625 0.06015625 0.04140625
0 0.46484375 0.246875 0.06640625 0.03828125