0 0.52265625 0.68671875 0.04296875 0.1375
0 0.590625 0.67109375 0.02734375 0.09765625
0 0.55078125 0.63203125 0.0375 0.1171875
0 0.52734375 0.625 0.02578125 0.11484375
0 0.434375 0.5828125 0.025 0.11484375
0 0.4578125 0.49765625 0.021875 0.10234375
0 0.57578125 0.53046875 0.02578125 0.10390625
0 0.71328125 0.73125 0.03125 0.1390625
0 0.97109375 0.78203125 0.028125 0.13828125
0 0.353125 0.59453125 0.03671875 0.11953125
0 0.40703125 0.73046875 0.03671875 0.1234375
0 0.6328125 0.69453125 0.02890625 0.12890625
0 0.71875 0.61796875 0.02890625 0.11796875
0 0.70859375 0.521875 0.02890625 0.09765625
0 0.59375 0.6125 0.0359375 0.11484375
0 0.84296875 0.56171875 0.0375 0.10703125
0 0.8828125 0.640625 0.03046875 0.12109375
0 0.93515625 0.496875 0.03984375 0.10390625
0 0.9078125 0.33828125 0.01953125 0.078125
1 0.665625 0.246875 0.01640625 0.0578125
1 0.81484375 0.7828125 0.04375 0.13515625
0 0.68984375 0.890625 0.03515625 0.13046875
0 0.7078125 0.8828125 0.03828125 0.10546875