0 0.303125 0.575 0.02734375 0.0953125
0 0.35 0.503125 0.02734375 0.08046875
0 0.30390625 0.39296875 0.025 0.07578125
0 0.40703125 0.528125 0.02421875 0.08515625
0 0.14453125 0.5734375 0.04296875 0.0953125
0 0.7359375 0.48046875 0.0203125 0.0859375
0 0.25234375 0.4375 0.01796875 0.07421875
1 0.2703125 0.47578125 0.021875 0.0796875
0 0.515625 0.4375 0.01953125 0.0859375
0 0.640625 0.50546875 0.01875 0.09296875
0 0.66796875 0.5234375 0.01953125 0.09296875
0 0.31953125 0.43125 0.021875 0.0828125
0 0.57421875 0.36640625 0.01796875 0.0625
0 0.5484375 0.5078125 0.02734375 0.0890625
0 0.5390625 0.40625 0.02109375 0.07734375
0 0.38125 0.40078125 0.028125 0.07265625
0 0.53515625 0.3578125 0.01640625 0.0625
0 0.2484375 0.46875 0.0203125 0.08984375
0 0.7421875 0.54375 0.02578125 0.09375
0 0.36640625 0.3921875 0.02109375 0.065625
0 0.5140625 0.3953125 0.01640625 0.0734375
0 0.57578125 0.396875 0.0171875 0.06640625
1 0.14453125 0.2734375 0.01015625 0.05625
1 0.6265625 0.29453125 0.01328125 0.05703125