0 0.93671875 0.478125 0.0296875 0.0859375
0 0.83984375 0.40390625 0.025 0.0765625
0 0.74375 0.58671875 0.04296875 0.1046875
0 0.79140625 0.66796875 0.028125 0.11875
0 0.684375 0.559375 0.0359375 0.09140625
0 0.6375 0.50703125 0.03203125 0.08671875
0 0.5328125 0.48203125 0.03203125 0.0921875
0 0.46640625 0.49921875 0.03125 0.07578125
0 0.38125 0.58671875 0.02421875 0.08046875
0 0.34765625 0.53359375 0.0296875 0.1
0 0.303125 0.5421875 0.02265625 0.10078125
0 0.2546875 0.48359375 0.02890625 0.0921875
0 0.36953125 0.4921875 0.02578125 0.09453125
0 0.3984375 0.484375 0.02890625 0.07890625
0 0.41484375 0.4796875 0.0296875 0.07578125
0 0.4328125 0.46484375 0.0234375 0.08125
0 0.41484375 0.61796875 0.04296875 0.09296875
0 0.590625 0.66015625 0.0375 0.11328125
0 0.55859375 0.53671875 0.03046875 0.0875
0 0.6203125 0.52109375 0.0296875 0.08671875
0 0.64453125 0.51328125 0.03046875 0.08515625
0 0.75234375 0.4 0.0359375 0.04765625
1 0.18046875 0.70546875 0.03125 0.1171875
1 0.3421875 0.33203125 0.01640625 0.0703125
1 0.7578125 0.2765625 0.01640625 0.053125