1 0.22734375 0.81796875 0.09296875 0.22109375
0 0.4203125 0.28125 0.06875 0.13359375
0 0.50390625 0.09296875 0.04609375 0.11640625
0 0.8921875 0.2734375 0.03515625 0.1421875
0 0.69140625 0.10234375 0.03828125 0.10546875
0 0.65390625 0.38359375 0.03515625 0.17265625
0 0.1734375 0.20390625 0.021875 0.13828125
0 0.89765625 0.1375 0.028125 0.1296875
1 0.8015625 0.2046875 0.0203125 0.13828125
0 0.30625 0.20703125 0.02109375 0.1390625
0 0.47578125 0.2421875 0.0421875 0.08046875
0 0.56171875 0.209375 0.05546875 0.07890625
0 0.65703125 0.15859375 0.0265625 0.13515625
0 0.68046875 0.2734375 0.02421875 0.153125
0 0.3578125 0.2828125 0.05703125 0.14140625
0 0.446875 0.2234375 0.025 0.1296875
0 0.47109375 0.2 0.03125 0.13046875
0 0.67421875 0.21875 0.03359375 0.1265625
0 0.53671875 0.24140625 0.06171875 0.08359375
0 0.53828125 0.2765625 0.06484375 0.096875
0 0.353125 0.26640625 0.05 0.13828125
0 0.48203125 0.203125 0.0453125 0.08203125
0 0.43984375 0.271875 0.04296875 0.10078125