0 0.675 0.53984375 0.06640625 0.18359375
0 0.6921875 0.1703125 0.03671875 0.1203125
1 0.88828125 0.3109375 0.053125 0.14765625
0 0.24765625 0.36484375 0.065625 0.14921875
0 0.515625 0.30234375 0.05 0.153125
0 0.95078125 0.09296875 0.028125 0.11171875
0 0.878125 0.54765625 0.0625 0.16015625
0 0.77421875 0.72265625 0.08125 0.215625
0 0.71953125 0.18203125 0.04921875 0.12421875
0 0.97421875 0.72578125 0.0515625 0.18359375
0 0.38671875 0.425 0.0921875 0.1578125
0 0.27734375 0.340625 0.04296875 0.15078125
0 0.628125 0.34765625 0.05234375 0.1515625
0 0.6734375 0.2984375 0.0453125 0.13046875
0 0.73984375 0.1203125 0.028125 0.10625
1 0.434375 0.81484375 0.046875 0.21171875
0 0.37265625 0.39609375 0.053125 0.1453125
0 0.41640625 0.38515625 0.05234375 0.15390625
0 0.42734375 0.31796875 0.04453125 0.13984375
0 0.4734375 0.3265625 0.06171875 0.153125
0 0.4 0.36953125 0.03671875 0.165625
0 0.46484375 0.3015625 0.03671875 0.1296875
0 0.48046875 0.27890625 0.040625 0.1328125