0 0.178125 0.31171875 0.0515625 0.1515625
0 0.70390625 0.3765625 0.03984375 0.1296875
0 0.090625 0.15390625 0.03671875 0.1203125
0 0.7609375 0.38671875 0.03203125 0.16328125
0 0.334375 0.18984375 0.0375 0.1109375
1 0.7390625 0.7640625 0.06015625 0.19296875
0 0.71328125 0.24453125 0.028125 0.14140625
0 0.534375 0.390625 0.07265625 0.09375
0 0.61328125 0.140625 0.02265625 0.109375
0 0.403125 0.33671875 0.03671875 0.15625
0 0.52265625 0.3640625 0.06015625 0.1015625
0 0.44609375 0.39453125 0.03671875 0.1765625
0 0.4296875 0.1203125 0.0234375 0.11484375
0 0.38671875 0.321875 0.0265625 0.15546875
0 0.60234375 0.38203125 0.0640625 0.1265625
1 0.7 0.3203125 0.0328125 0.140625
0 0.44375 0.33671875 0.0296875 0.15546875
0 0.6046875 0.1234375 0.0171875 0.08125
0 0.3890625 0.35078125 0.0328125 0.15390625
0 0.6125 0.38359375 0.08671875 0.078125
0 0.5390625 0.409375 0.09296875 0.06015625