0 0.31328125 0.5578125 0.06484375 0.19609375
0 0.471875 0.2109375 0.03515625 0.14453125
0 0.39609375 0.63515625 0.04375 0.21328125
1 0.54296875 0.6171875 0.05078125 0.234375
0 0.084375 0.41484375 0.0359375 0.1890625
0 0.9484375 0.37265625 0.03828125 0.16484375
0 0.6765625 0.21015625 0.03203125 0.1515625
0 0.63984375 0.4015625 0.05 0.18359375
0 0.4984375 0.37890625 0.0375 0.1859375
0 0.521875 0.50625 0.05078125 0.18046875
0 0.8328125 0.52890625 0.04921875 0.19296875
0 0.3125 0.21796875 0.03046875 0.146875
0 0.934375 0.21796875 0.03046875 0.15
0 0.5640625 0.3359375 0.040625 0.1796875
0 0.61171875 0.546875 0.04375 0.20625
0 0.79609375 0.51171875 0.04921875 0.203125
0 0.66328125 0.2 0.03203125 0.14296875
0 0.9046875 0.38359375 0.03359375 0.171875
0 0.98203125 0.40546875 0.03515625 0.18046875
0 0.80625 0.44296875 0.0359375 0.17890625
1 0.54296875 0.4734375 0.0390625 0.1765625
0 0.85390625 0.3546875 0.03984375 0.1640625
0 0.89296875 0.32890625 0.0390625 0.178125
1 0.5796875 0.07109375 0.02265625 0.08125