1 0.2265625 0.8171875 0.0921875 0.21875
0 0.4171875 0.2875 0.06796875 0.13203125
0 0.5 0.10078125 0.04609375 0.11484375
0 0.88515625 0.2796875 0.034375 0.140625
0 0.6859375 0.109375 0.0375 0.10390625
0 0.6484375 0.38828125 0.034375 0.1703125
0 0.1734375 0.21015625 0.021875 0.13671875
0 0.890625 0.1453125 0.028125 0.128125
1 0.79453125 0.2109375 0.0203125 0.13671875
0 0.30546875 0.21328125 0.0203125 0.1375
0 0.47265625 0.24765625 0.0421875 0.0796875
0 0.55703125 0.215625 0.0546875 0.078125
0 0.65234375 0.165625 0.0265625 0.13359375
0 0.67578125 0.2796875 0.02421875 0.1515625
0 0.35625 0.2890625 0.05625 0.13984375
0 0.44375 0.2296875 0.02421875 0.128125
0 0.46796875 0.20625 0.03046875 0.12890625
0 0.66875 0.22578125 0.0328125 0.125
0 0.5328125 0.24765625 0.0609375 0.0828125
0 0.534375 0.28203125 0.0640625 0.09609375
0 0.35078125 0.271875 0.04921875 0.13671875
0 0.47890625 0.21015625 0.04453125 0.08125
0 0.43671875 0.27734375 0.04296875 0.09921875