0 0.33515625 0.553125 0.06953125 0.19140625
0 0.3171875 0.16796875 0.0390625 0.125
1 0.1125 0.3140625 0.05546875 0.15390625
0 0.78046875 0.3703125 0.06796875 0.15546875
0 0.5015625 0.30546875 0.05234375 0.16015625
0 0.04765625 0.08671875 0.02890625 0.11640625
0 0.12265625 0.5609375 0.06484375 0.1671875
0 0.23125 0.74375 0.084375 0.225
0 0.2890625 0.1796875 0.0515625 0.12890625
0 0.025 0.746875 0.05 0.19140625
0 0.6359375 0.4328125 0.09609375 0.16484375
0 0.75 0.3453125 0.0453125 0.15703125
0 0.38359375 0.353125 0.0546875 0.1578125
0 0.3359375 0.3015625 0.04765625 0.1359375
0 0.2671875 0.115625 0.0296875 0.1109375
1 0.5859375 0.83984375 0.0484375 0.22109375
0 0.65078125 0.40390625 0.0546875 0.1515625
0 0.6046875 0.39140625 0.0546875 0.16015625
0 0.59296875 0.32109375 0.04609375 0.14609375
0 0.5453125 0.33125 0.06484375 0.159375
0 0.62109375 0.37578125 0.03828125 0.17265625
0 0.55390625 0.3046875 0.03828125 0.13515625
0 0.53828125 0.28046875 0.0421875 0.13828125