0 0.3359375 0.35859375 0.02578125 0.065625
0 0.221875 0.55625 0.03203125 0.096875
0 0.4484375 0.5609375 0.0234375 0.10546875
0 0.103125 0.5609375 0.03671875 0.096875
0 0.5515625 0.6140625 0.025 0.1171875
0 0.53203125 0.73828125 0.02421875 0.1296875
0 0.59921875 0.7359375 0.0359375 0.1375
0 0.684375 0.68046875 0.0390625 0.12421875
0 0.77265625 0.6171875 0.021875 0.121875
0 0.88515625 0.553125 0.02265625 0.109375
0 0.36328125 0.75078125 0.034375 0.125
0 0.4703125 0.634375 0.0265625 0.10859375
0 0.5453125 0.68828125 0.03359375 0.11796875
0 0.65546875 0.5828125 0.0296875 0.10703125
0 0.6625 0.66171875 0.028125 0.12265625
0 0.67578125 0.61328125 0.0265625 0.11328125
0 0.74375 0.7078125 0.0265625 0.13984375
0 0.05234375 0.57421875 0.02734375 0.1078125
0 0.28359375 0.35390625 0.02421875 0.0625
0 0.49921875 0.78125 0.021875 0.1234375
1 0.67421875 0.26171875 0.009375 0.05234375
1 0.60703125 0.51953125 0.02890625 0.0890625
1 0.61875 0.771875 0.02734375 0.134375
1 0.11484375 0.45859375 0.02890625 0.078125