0 0.28125 0.09140625 0.0390625 0.10703125
0 0.27421875 0.625 0.090625 0.178125
0 0.3453125 0.43828125 0.06640625 0.1390625
0 0.2046875 0.39921875 0.059375 0.15078125
0 0.27734375 0.31796875 0.04453125 0.1421875
0 0.56015625 0.2296875 0.0640625 0.1140625
0 0.45546875 0.42109375 0.07109375 0.1734375
1 0.0703125 0.36484375 0.04375 0.128125
1 0.121875 0.815625 0.06015625 0.23828125
0 0.6328125 0.14921875 0.0546875 0.10546875
0 0.74140625 0.334375 0.0578125 0.13828125
0 0.41640625 0.15625 0.03828125 0.11484375
0 0.49140625 0.3296875 0.05703125 0.128125
0 0.384375 0.3546875 0.0515625 0.12734375
0 0.696875 0.34453125 0.04296875 0.18359375
0 0.66640625 0.103125 0.0265625 0.109375
0 0.45390625 0.2875 0.0484375 0.12421875
0 0.46640625 0.34453125 0.06796875 0.11640625
0 0.40703125 0.3546875 0.0453125 0.11875
0 0.46171875 0.37265625 0.07578125 0.15
0 0.46484375 0.35078125 0.071875 0.121875