0 0.2828125 0.27265625 0.0296875 0.13984375
0 0.096875 0.44140625 0.0359375 0.16484375
1 0.346875 0.76875 0.05234375 0.18984375
0 0.34296875 0.13671875 0.025 0.1125
0 0.23828125 0.36328125 0.034375 0.14453125
0 0.06484375 0.284375 0.02109375 0.1328125
0 0.434375 0.36796875 0.02734375 0.14765625
1 0.12109375 0.3515625 0.0265625 0.1515625
0 0.48125 0.59375 0.0453125 0.1921875
0 0.38828125 0.40078125 0.0328125 0.165625
0 0.47578125 0.3296875 0.03046875 0.14453125
0 0.825 0.328125 0.02578125 0.1484375
0 0.4703125 0.29375 0.0265625 0.14296875
0 0.6953125 0.18046875 0.0265625 0.12578125
0 0.30234375 0.32578125 0.02734375 0.14375
0 0.57265625 0.41015625 0.03671875 0.1625
0 0.5953125 0.33046875 0.04609375 0.0984375
0 0.68515625 0.1375 0.025 0.11328125
0 0.7890625 0.353125 0.03046875 0.1640625
0 0.79765625 0.38125 0.02734375 0.15
0 0.58125 0.3484375 0.0484375 0.096875
0 0.56875 0.36640625 0.05 0.08125
0 0.5703125 0.39765625 0.040625 0.13359375