0 0.7484375 0.47578125 0.03203125 0.090625
0 0.6546875 0.5140625 0.0265625 0.10234375
0 0.63828125 0.51484375 0.0234375 0.0875
0 0.625 0.4921875 0.0296875 0.08984375
0 0.58828125 0.47421875 0.03046875 0.08515625
0 0.44375 0.58515625 0.0421875 0.09609375
0 0.40703125 0.54453125 0.02734375 0.09453125
0 0.38671875 0.52890625 0.02890625 0.1015625
0 0.51484375 0.646875 0.04296875 0.10625
0 0.34609375 0.69375 0.034375 0.11015625
0 0.3828125 0.3734375 0.0390625 0.05703125
0 0.05859375 0.5203125 0.0359375 0.09453125
0 0.20859375 0.41796875 0.01875 0.08515625
0 0.23671875 0.63984375 0.03046875 0.09921875
0 0.34609375 0.5859375 0.0390625 0.1046875
0 0.396875 0.725 0.04453125 0.1296875
0 0.53203125 0.51875 0.03203125 0.08359375
0 0.45078125 0.48203125 0.03125 0.08828125
0 0.62421875 0.628125 0.03125 0.10625
0 0.6375 0.565625 0.03046875 0.10390625
0 0.76796875 0.571875 0.03203125 0.115625
0 0.36328125 0.5125 0.03125 0.0859375
1 0.78515625 0.7296875 0.04296875 0.12421875
1 0.75078125 0.33125 0.015625 0.07421875
1 0.31328125 0.265625 0.02109375 0.05859375