0 0.40859375 0.3078125 0.0734375 0.11875
0 0.06875 0.31328125 0.0671875 0.134375
0 0.34453125 0.4640625 0.04140625 0.1484375
0 0.1984375 0.31640625 0.0421875 0.1328125
0 0.8171875 0.32265625 0.0546875 0.1328125
0 0.83515625 0.41875 0.059375 0.1265625
0 0.0109375 0.43828125 0.021875 0.17109375
0 0.8640625 0.35 0.0484375 0.13515625
0 0.778125 0.42578125 0.05 0.1203125
0 0.58203125 0.32890625 0.05703125 0.11640625
0 0.74453125 0.41953125 0.08828125 0.1484375
0 0.61953125 0.30625 0.04921875 0.109375
1 0.60234375 0.4 0.028125 0.13984375
0 0.16328125 0.36328125 0.03359375 0.14296875
0 0.23046875 0.28515625 0.05078125 0.128125
1 0.2 0.12265625 0.0375 0.10234375