0 0.76953125 0.45859375 0.02265625 0.11328125
0 0.66796875 0.3765625 0.02890625 0.096875
0 0.33671875 0.6390625 0.02734375 0.140625
0 0.6171875 0.51875 0.028125 0.109375
0 0.21796875 0.35703125 0.01640625 0.0859375
0 0.375 0.66484375 0.04609375 0.13203125
0 0.26015625 0.65546875 0.025 0.1375
0 0.28671875 0.3453125 0.02578125 0.0890625
0 0.42734375 0.45703125 0.02265625 0.10078125
1 0.4046875 0.53046875 0.0234375 0.1125
0 0.63515625 0.540625 0.01875 0.12265625
0 0.58515625 0.40859375 0.02890625 0.10390625
0 0.1671875 0.38046875 0.021875 0.09296875
1 0.9296875 0.43359375 0.03125 0.10078125
0 0.71328125 0.50234375 0.025 0.115625
0 0.73671875 0.48359375 0.02578125 0.115625
0 0.90625 0.46640625 0.0234375 0.115625
0 0.6890625 0.5046875 0.0296875 0.11328125
0 0.09453125 0.60390625 0.03046875 0.1359375
1 0.18828125 0.73125 0.02890625 0.15390625
0 0.19609375 0.71640625 0.0265625 0.14609375
0 0.728125 0.478125 0.02265625 0.109375
0 0.78828125 0.4921875 0.025 0.11484375
0 0.8015625 0.50390625 0.02578125 0.11640625
0 0.79921875 0.47890625 0.028125 0.11796875
1 0.62578125 0.22421875 0.01640625 0.06171875