0 0.19609375 0.35625 0.0359375 0.153125
0 0.43671875 0.2953125 0.02421875 0.1515625
0 0.31484375 0.1359375 0.0296875 0.11484375
0 0.08046875 0.42578125 0.0359375 0.16953125
0 0.3578125 0.39140625 0.03203125 0.16875
0 0.453125 0.3296875 0.0265625 0.15390625
1 0.321875 0.78828125 0.0578125 0.20625
0 0.40390625 0.36484375 0.03515625 0.14921875
0 0.27265625 0.32734375 0.0265625 0.146875
0 0.0390625 0.28046875 0.02265625 0.1375
0 0.246875 0.28671875 0.02890625 0.14140625
0 0.690625 0.184375 0.02578125 0.121875
0 0.82421875 0.3265625 0.0296875 0.14609375
1 0.09609375 0.34765625 0.02421875 0.153125
0 0.48359375 0.58359375 0.046875 0.19609375
0 0.56484375 0.40703125 0.03203125 0.1765625
0 0.58125 0.32890625 0.0515625 0.09765625
0 0.6859375 0.1375 0.021875 0.11171875
0 0.78671875 0.3484375 0.03203125 0.16875
0 0.79921875 0.38359375 0.02421875 0.13671875
0 0.56953125 0.34609375 0.046875 0.10390625
0 0.55546875 0.375 0.04765625 0.11171875
0 0.5609375 0.378125 0.034375 0.159375