0 0.14453125 0.68125 0.0484375 0.190625
0 0.61484375 0.32421875 0.0640625 0.146875
0 0.32734375 0.2671875 0.05234375 0.134375
0 0.4359375 0.41796875 0.059375 0.14375
0 0.46796875 0.34453125 0.06015625 0.1375
0 0.18046875 0.31171875 0.05078125 0.14375
0 0.01640625 0.22734375 0.0328125 0.1171875
0 0.23359375 0.42265625 0.04140625 0.1671875
1 0.6390625 0.81640625 0.0546875 0.17890625
0 0.20703125 0.33125 0.03984375 0.146875
0 0.3765625 0.4265625 0.071875 0.16015625
0 0.3546875 0.66640625 0.0703125 0.21484375
0 0.234375 0.2734375 0.02890625 0.1421875
0 0.209375 0.27890625 0.04140625 0.12421875
0 0.31796875 0.32109375 0.0578125 0.1328125
0 0.36953125 0.37890625 0.06953125 0.15390625
0 0.2578125 0.3734375 0.0421875 0.14609375
0 0.26953125 0.26484375 0.0359375 0.13046875
0 0.2921875 0.29375 0.0390625 0.1375
0 0.4140625 0.3828125 0.05 0.140625
0 0.22890625 0.41328125 0.0546875 0.14921875