0 0.3484375 0.4328125 0.05 0.13671875
0 0.5 0.1328125 0.04453125 0.11953125
0 0.61328125 0.33984375 0.03125 0.14296875
0 0.828125 0.38515625 0.040625 0.16171875
0 0.4890625 0.45390625 0.07109375 0.11015625
0 0.6046875 0.240625 0.03515625 0.1453125
0 0.3421875 0.23359375 0.03203125 0.13203125
0 0.44765625 0.2734375 0.03359375 0.1390625
0 0.80703125 0.37265625 0.034375 0.1546875
0 0.7859375 0.29453125 0.03828125 0.1515625
0 0.73203125 0.42734375 0.05 0.16875
1 0.03125 0.2890625 0.03046875 0.1359375
0 0.640625 0.3625 0.0390625 0.16328125
0 0.4546875 0.42109375 0.0703125 0.11953125
0 0.4640625 0.321875 0.03671875 0.12890625
0 0.496875 0.2546875 0.03671875 0.1375
0 0.48046875 0.378125 0.0484375 0.11875
0 0.34609375 0.196875 0.0328125 0.13046875
0 0.44765625 0.41484375 0.06484375 0.12890625
0 0.496875 0.24921875 0.03125 0.13515625
0 0.7125 0.41875 0.0515625 0.1546875