0 0.559375 0.4703125 0.078125 0.1640625
1 0.1703125 0.2046875 0.0375 0.11796875
0 0.653125 0.1890625 0.04296875 0.11640625
0 0.18828125 0.30625 0.04140625 0.1375
0 0.784375 0.3875 0.05234375 0.153125
0 0.5890625 0.27265625 0.03828125 0.13203125
0 0.79296875 0.17734375 0.02421875 0.10703125
0 0.346875 0.1765625 0.04609375 0.1125
0 0.5015625 0.28515625 0.05078125 0.12578125
0 0.446875 0.146875 0.0359375 0.1171875
0 0.378125 0.21171875 0.04609375 0.1046875
0 0.040625 0.08828125 0.03359375 0.09921875
0 0.7171875 0.19921875 0.03125 0.10625
0 0.321875 0.13671875 0.0265625 0.10390625
0 0.20078125 0.08125 0.0359375 0.0984375
0 0.54921875 0.23515625 0.040625 0.1359375
0 0.50234375 0.21015625 0.03125 0.12265625
0 0.46953125 0.18046875 0.05390625 0.10390625
0 0.38828125 0.17578125 0.03515625 0.096875
0 0.5703125 0.225 0.03359375 0.115625
0 0.52578125 0.203125 0.03046875 0.11484375
0 0.49375 0.1875 0.0359375 0.10390625
0 0.4484375 0.1390625 0.03984375 0.1109375