0 0.353125 0.40703125 0.0359375 0.1515625
0 0.53515625 0.43359375 0.0375 0.1703125
0 0.29296875 0.23125 0.0296875 0.1328125
0 0.215625 0.196875 0.0265625 0.1140625
0 0.475 0.19921875 0.03203125 0.10703125
1 0.71796875 0.2046875 0.03125 0.1109375
0 0.16015625 0.17890625 0.03046875 0.103125
0 0.42890625 0.21015625 0.02734375 0.11875
1 0.45546875 0.2921875 0.03125 0.134375
0 0.49296875 0.22890625 0.02578125 0.1234375
0 0.046875 0.484375 0.0359375 0.175
0 0.93671875 0.5625 0.040625 0.18515625
0 0.52578125 0.25625 0.03203125 0.13984375
1 0.22734375 0.12421875 0.02109375 0.10078125
0 0.503125 0.1984375 0.0203125 0.10390625
0 0.58203125 0.25078125 0.0265625 0.1359375
0 0.59765625 0.21796875 0.021875 0.125
0 0.54921875 0.2421875 0.05234375 0.04765625
0 0.425 0.1953125 0.025 0.10859375
0 0.52265625 0.23203125 0.05859375 0.04453125