0 0.47578125 0.59375 0.0234375 0.11484375
0 0.30546875 0.6046875 0.02265625 0.11796875
0 0.43046875 0.60390625 0.02109375 0.11640625
0 0.2734375 0.5984375 0.02421875 0.10859375
0 0.61015625 0.578125 0.0375 0.11640625
0 0.7828125 0.56328125 0.0265625 0.10859375
0 0.37890625 0.528125 0.03359375 0.1
0 0.23984375 0.5734375 0.02109375 0.11015625
0 0.50625 0.5671875 0.02109375 0.11171875
0 0.28515625 0.6828125 0.02734375 0.13203125
0 0.11953125 0.58828125 0.02578125 0.11171875
1 0.075 0.65390625 0.03046875 0.15078125
0 0.1765625 0.571875 0.02578125 0.1078125
0 0.1171875 0.5484375 0.025 0.084375
0 0.209375 0.615625 0.01953125 0.115625
0 0.2078125 0.5765625 0.02265625 0.11171875
0 0.42109375 0.68203125 0.0296875 0.11875
0 0.496875 0.58515625 0.021875 0.115625
0 0.47421875 0.58515625 0.02109375 0.1140625
0 0.51875 0.565625 0.01640625 0.1140625
1 0.4609375 0.55078125 0.01875 0.1015625
0 0.628125 0.55546875 0.02578125 0.1046875
0 0.6015625 0.534375 0.0234375 0.09921875
1 0.34375 0.478125 0.01875 0.0921875