0 0.85390625 0.63125 0.02578125 0.10625
0 0.44453125 0.69140625 0.02734375 0.11484375
0 0.47890625 0.7625 0.02578125 0.10390625
0 0.384375 0.6765625 0.021875 0.11015625
0 0.2703125 0.678125 0.02421875 0.128125
0 0.26328125 0.61953125 0.0296875 0.1109375
0 0.22734375 0.62890625 0.0296875 0.1109375
0 0.159375 0.73359375 0.025 0.1359375
0 0.65703125 0.38515625 0.0203125 0.06484375
0 0.39296875 0.7796875 0.01796875 0.11640625
0 0.80234375 0.603125 0.028125 0.10703125
0 0.60546875 0.54609375 0.01796875 0.1
0 0.60078125 0.384375 0.015625 0.06796875
0 0.12578125 0.64296875 0.02421875 0.11953125
0 0.22265625 0.696875 0.03359375 0.125
0 0.290625 0.7328125 0.02578125 0.13359375
0 0.31328125 0.67109375 0.02421875 0.121875
0 0.38359375 0.753125 0.02109375 0.11953125
0 0.4546875 0.58515625 0.0265625 0.109375
1 0.33125 0.7546875 0.02890625 0.15390625
1 0.21171875 0.2890625 0.01171875 0.04921875
1 0.2921875 0.54765625 0.0234375 0.0890625
1 0.7921875 0.4859375 0.03046875 0.078125