0 0.28125 0.1171875 0.0375 0.10234375
0 0.27421875 0.62890625 0.08671875 0.17109375
0 0.34296875 0.44921875 0.0640625 0.1328125
0 0.2078125 0.4125 0.05703125 0.14453125
0 0.27734375 0.334375 0.04296875 0.1359375
0 0.54921875 0.25 0.0609375 0.109375
0 0.4484375 0.43359375 0.06796875 0.16640625
1 0.07890625 0.3796875 0.0421875 0.12265625
1 0.128125 0.81171875 0.0578125 0.228125
0 0.61796875 0.17265625 0.05234375 0.10078125
0 0.721875 0.35 0.05546875 0.1328125
0 0.4109375 0.1796875 0.03671875 0.11015625
0 0.4828125 0.34609375 0.0546875 0.12265625
0 0.38046875 0.36953125 0.04921875 0.121875
0 0.6796875 0.359375 0.04140625 0.17578125
0 0.65078125 0.128125 0.02578125 0.1046875
0 0.446875 0.30546875 0.04609375 0.11953125
0 0.00703125 0.25234375 0.0140625 0.14140625
0 0.45859375 0.36015625 0.06484375 0.11171875
0 0.4015625 0.36953125 0.04296875 0.11328125
0 0.45390625 0.38671875 0.07265625 0.14375
0 0.45703125 0.365625 0.06875 0.11640625