0 0.38203125 0.31640625 0.0515625 0.13125
0 0.840625 0.33046875 0.0609375 0.13046875
0 0.45703125 0.421875 0.0640625 0.14453125
1 0.01953125 0.21328125 0.03359375 0.121875
0 0.49296875 0.16640625 0.03515625 0.1078125
1 0.9359375 0.20625 0.028125 0.1296875
0 0.63671875 0.24140625 0.0375 0.12109375
0 0.3515625 0.19296875 0.034375 0.125
0 0.56796875 0.26015625 0.0375 0.1328125
0 0.31875 0.25859375 0.0390625 0.12265625
0 0.42578125 0.3046875 0.03671875 0.13359375
0 0.571875 0.15859375 0.04140625 0.11328125
0 0.5984375 0.24140625 0.0578125 0.13203125
0 0.5046875 0.25390625 0.0296875 0.12734375
0 0.7203125 0.2109375 0.0484375 0.12578125
0 0.525 0.2640625 0.03359375 0.1203125
0 0.515625 0.17109375 0.028125 0.11015625
0 0.53671875 0.15859375 0.0265625 0.11328125
0 0.74296875 0.2140625 0.04296875 0.11328125
0 0.72265625 0.1796875 0.0328125 0.11796875
0 0.25234375 0.228125 0.02265625 0.11875
0 0.60234375 0.23046875 0.04375 0.125