1 0.1421875 0.28359375 0.040625 0.121875
0 0.659375 0.21796875 0.028125 0.1125
0 0.54296875 0.32109375 0.03203125 0.13671875
0 0.58984375 0.3421875 0.03203125 0.1484375
0 0.82265625 0.25390625 0.034375 0.115625
0 0.86328125 0.315625 0.02890625 0.13203125
0 0.62109375 0.21015625 0.0265625 0.10390625
0 0.7890625 0.2546875 0.03359375 0.11796875
0 0.58984375 0.20390625 0.0234375 0.10234375
0 0.79296875 0.12265625 0.028125 0.1078125
0 0.54609375 0.26328125 0.0296875 0.10546875
0 0.51328125 0.2234375 0.02578125 0.10625
1 0.01640625 0.81015625 0.0328125 0.2296875
0 0.5546875 0.28046875 0.021875 0.09140625
0 0.5234375 0.234375 0.0484375 0.053125