0 0.3359375 0.35703125 0.0265625 0.06640625
0 0.2203125 0.55546875 0.03203125 0.096875
0 0.4484375 0.56015625 0.0234375 0.10625
0 0.1015625 0.56015625 0.03671875 0.09765625
0 0.55234375 0.61328125 0.025 0.11796875
0 0.5328125 0.7390625 0.025 0.13046875
0 0.6 0.73671875 0.0359375 0.13828125
0 0.68515625 0.68046875 0.0390625 0.125
0 0.77421875 0.6171875 0.021875 0.12265625
0 0.8875 0.553125 0.02265625 0.109375
0 0.36328125 0.75078125 0.034375 0.12578125
0 0.47109375 0.634375 0.02734375 0.109375
0 0.54609375 0.68828125 0.03359375 0.11796875
0 0.65703125 0.58203125 0.0296875 0.1078125
0 0.6640625 0.66171875 0.028125 0.1234375
0 0.67734375 0.61328125 0.0265625 0.1140625
0 0.7453125 0.70859375 0.0265625 0.140625
0 0.05078125 0.5734375 0.02734375 0.1078125
0 0.28359375 0.35234375 0.02421875 0.0625
0 0.49921875 0.78125 0.021875 0.12421875
1 0.675 0.26015625 0.009375 0.053125
1 0.6078125 0.51875 0.02890625 0.08984375
1 0.61953125 0.77265625 0.02734375 0.13515625
1 0.11328125 0.4578125 0.02890625 0.07890625