1 0.52734375 0.396875 0.01328125 0.04765625
1 0.2 0.38125 0.009375 0.03828125
1 0.21875 0.784375 0.02734375 0.11171875
1 0.75 0.59296875 0.02265625 0.07421875
0 0.5515625 0.52734375 0.0140625 0.0546875
0 0.55703125 0.578125 0.02421875 0.05625
0 0.49765625 0.50546875 0.01640625 0.05234375
0 0.415625 0.4921875 0.01953125 0.0390625
0 0.35625 0.515625 0.025 0.0265625
0 0.334375 0.4546875 0.02265625 0.0484375
0 0.28125 0.48671875 0.01796875 0.05546875
0 0.209375 0.50625 0.0234375 0.059375
0 0.19921875 0.46171875 0.01875 0.0453125
0 0.121875 0.44140625 0.0171875 0.05390625
0 0.59453125 0.4890625 0.02421875 0.05
0 0.5609375 0.53125 0.021875 0.0609375
0 0.496875 0.4921875 0.0171875 0.046875
0 0.45703125 0.515625 0.01875 0.0640625
0 0.41171875 0.4890625 0.015625 0.05703125
0 0.365625 0.503125 0.01640625 0.059375
0 0.32734375 0.51953125 0.01484375 0.05546875
0 0.2953125 0.490625 0.01484375 0.04921875
0 0.2234375 0.50390625 0.01796875 0.059375
0 0.21015625 0.46953125 0.01640625 0.025