1 0.803125 0.65390625 0.0390625 0.09453125
1 0.2328125 0.32890625 0.01796875 0.046875
1 0.57265625 0.3671875 0.0140625 0.0625
0 0.11640625 0.625 0.0328125 0.09296875
0 0.11640625 0.465625 0.0234375 0.06328125
0 0.17109375 0.4296875 0.025 0.0671875
0 0.284375 0.53828125 0.02734375 0.06640625
0 0.34765625 0.534375 0.034375 0.08125
0 0.3625 0.50703125 0.01953125 0.07421875
0 0.45234375 0.47890625 0.02265625 0.0625
0 0.50390625 0.5109375 0.0203125 0.03984375
0 0.6234375 0.6125 0.040625 0.06953125
0 0.6453125 0.53359375 0.03125 0.06796875
0 0.64765625 0.5265625 0.0296875 0.07578125
0 0.7078125 0.50546875 0.0265625 0.0765625
0 0.6125 0.5015625 0.0296875 0.071875
0 0.54140625 0.47734375 0.02578125 0.0703125
0 0.53515625 0.48984375 0.02578125 0.0703125
0 0.49921875 0.47890625 0.0203125 0.07109375
0 0.46640625 0.56484375 0.02421875 0.07734375
0 0.61015625 0.61953125 0.03203125 0.10390625
0 0.3890625 0.50703125 0.0234375 0.06875
0 0.303125 0.5109375 0.025 0.07109375
0 0.19140625 0.4484375 0.01953125 0.0359375
0 0.36640625 0.53046875 0.0375 0.07578125