1 0.18203125 0.659375 0.0390625 0.0953125
1 0.75859375 0.33046875 0.01796875 0.046875
1 0.41484375 0.36953125 0.0140625 0.06328125
0 0.8765625 0.6296875 0.03359375 0.09375
0 0.8765625 0.46875 0.0234375 0.06328125
0 0.82109375 0.4328125 0.025 0.06796875
0 0.70703125 0.5421875 0.028125 0.0671875
0 0.64296875 0.53828125 0.03515625 0.08203125
0 0.62734375 0.5109375 0.01953125 0.075
0 0.53671875 0.4828125 0.02265625 0.06328125
0 0.48515625 0.515625 0.02109375 0.040625
0 0.36328125 0.61796875 0.04140625 0.0703125
0 0.3421875 0.53828125 0.03203125 0.06875
0 0.33984375 0.53046875 0.0296875 0.0765625
0 0.27890625 0.509375 0.02734375 0.07734375
0 0.375 0.50546875 0.0296875 0.07265625
0 0.446875 0.48046875 0.02578125 0.07109375
0 0.453125 0.49375 0.0265625 0.07109375
0 0.48984375 0.4828125 0.0203125 0.071875
0 0.52265625 0.56953125 0.02421875 0.07890625
0 0.37734375 0.62421875 0.03203125 0.10546875
0 0.60078125 0.5109375 0.0234375 0.06953125
0 0.6875 0.51484375 0.02578125 0.071875
0 0.80078125 0.4515625 0.0203125 0.03671875
0 0.62421875 0.534375 0.0375 0.0765625