0 0.08828125 0.415625 0.04765625 0.15859375
0 0.40859375 0.2359375 0.05 0.08828125
0 0.6640625 0.17890625 0.03828125 0.1140625
0 0.775 0.3 0.0390625 0.14609375
0 0.8375 0.0828125 0.0390625 0.10234375
0 0.271875 0.2796875 0.0390625 0.1296875
0 0.63125 0.215625 0.028125 0.13515625
0 0.3625 0.46015625 0.0390625 0.175
0 0.31953125 0.16953125 0.021875 0.13125
0 0.6796875 0.121875 0.02578125 0.11953125
0 0.271875 0.16640625 0.021875 0.12578125
1 0.77890625 0.19921875 0.02421875 0.1578125
0 0.48828125 0.28359375 0.034375 0.14375
0 0.51015625 0.2296875 0.059375 0.0890625
0 0.5453125 0.209375 0.06171875 0.0765625
0 0.596875 0.171875 0.0515625 0.071875
0 0.190625 0.16640625 0.028125 0.1203125
0 0.4328125 0.1984375 0.0390625 0.13125
0 0.475 0.23203125 0.04296875 0.125
0 0.4890625 0.1921875 0.04140625 0.08046875
0 0.47890625 0.20703125 0.03515625 0.075
0 0.5140625 0.17421875 0.0375 0.075
0 0.659375 0.0765625 0.0390625 0.08984375