1 0.96796875 0.60625 0.02109375 0.1140625
0 0.6734375 0.48125 0.0203125 0.08359375
0 0.571875 0.61015625 0.03125 0.10390625
0 0.11484375 0.5546875 0.01875 0.10703125
1 0.67421875 0.42578125 0.01484375 0.07265625
0 0.76015625 0.55078125 0.0203125 0.0984375
0 0.7109375 0.62421875 0.03046875 0.11796875
0 0.728125 0.5484375 0.01640625 0.0859375
0 0.75 0.4890625 0.01875 0.078125
0 0.45546875 0.47265625 0.02265625 0.0828125
0 0.60390625 0.57109375 0.03046875 0.046875
1 0.06875 0.559375 0.01953125 0.1
0 0.790625 0.53515625 0.02421875 0.08125
1 0.5625 0.5 0.025 0.084375
0 0.93515625 0.559375 0.02265625 0.10234375
0 0.34765625 0.50546875 0.0171875 0.096875
0 0.52421875 0.5359375 0.03203125 0.0953125
0 0.440625 0.509375 0.0234375 0.0859375
1 0.07890625 0.34375 0.01796875 0.05859375
0 0.85390625 0.546875 0.01484375 0.09765625
0 0.6953125 0.5875 0.03984375 0.096875
0 0.5328125 0.54296875 0.0171875 0.0875
0 0.8078125 0.553125 0.03125 0.09453125
0 0.52890625 0.5171875 0.01875 0.096875
0 0.54140625 0.5640625 0.02109375 0.1046875
0 0.53359375 0.52421875 0.015625 0.10859375
0 0.4328125 0.5203125 0.021875 0.10546875