0 0.8390625 0.08515625 0.0390625 0.10546875
0 0.084375 0.42109375 0.04609375 0.1578125
0 0.26875 0.2828125 0.0390625 0.1296875
0 0.778125 0.29453125 0.03359375 0.1484375
0 0.40390625 0.22890625 0.0421875 0.11015625
0 0.50859375 0.23203125 0.05390625 0.08984375
0 0.35859375 0.47109375 0.03828125 0.16953125
0 0.65703125 0.0796875 0.03984375 0.096875
0 0.18828125 0.16484375 0.02734375 0.125
0 0.478125 0.2859375 0.03359375 0.1375
0 0.68515625 0.12421875 0.025 0.11796875
0 0.3171875 0.1703125 0.0203125 0.13046875
0 0.59140625 0.175 0.053125 0.0734375
0 0.66171875 0.18046875 0.0390625 0.11171875
0 0.26953125 0.17109375 0.021875 0.128125
0 0.5359375 0.21484375 0.05234375 0.075
1 0.7765625 0.19140625 0.021875 0.13515625
0 0.63046875 0.2171875 0.02578125 0.1375
0 0.43046875 0.1984375 0.03671875 0.1328125
0 0.48515625 0.18359375 0.040625 0.06875
0 0.471875 0.23046875 0.0453125 0.13515625
0 0.5109375 0.17578125 0.03671875 0.071875
0 0.475 0.20703125 0.03984375 0.071875