0 0.62734375 0.36328125 0.05390625 0.11015625
0 0.75390625 0.48828125 0.06875 0.1546875
0 0.71875 0.2890625 0.03203125 0.140625
0 0.353125 0.3578125 0.04140625 0.1296875
1 0.95390625 0.17734375 0.03125 0.11640625
0 0.509375 0.1796875 0.04296875 0.1046875
0 0.56328125 0.25859375 0.04140625 0.1078125
0 0.31328125 0.29375 0.034375 0.121875
0 0.29375 0.52109375 0.05078125 0.16015625
0 0.43359375 0.28671875 0.05703125 0.08046875
0 0.3109375 0.20234375 0.03828125 0.10078125
0 0.27265625 0.42890625 0.0484375 0.15078125
0 0.88125 0.284375 0.03828125 0.115625
0 0.46484375 0.31015625 0.059375 0.0859375
0 0.5015625 0.3421875 0.05546875 0.0828125
0 0.08125 0.278125 0.034375 0.12734375
0 0.53046875 0.39375 0.06484375 0.090625
0 0.58359375 0.34453125 0.04921875 0.09609375
0 0.10703125 0.09609375 0.02734375 0.084375
0 0.5609375 0.32265625 0.040625 0.09921875
0 0.53828125 0.30390625 0.04140625 0.07265625
0 0.53125 0.28203125 0.046875 0.0734375
0 0.35859375 0.08359375 0.0375 0.08671875
1 0.1875 0.35234375 0.03828125 0.12734375
1 0.85625 0.65703125 0.053125 0.1953125