0 0.76328125 0.459375 0.021875 0.1109375
0 0.66328125 0.37890625 0.02890625 0.0953125
0 0.3375 0.63671875 0.02734375 0.13828125
0 0.61328125 0.51875 0.028125 0.1078125
0 0.2203125 0.36015625 0.01640625 0.084375
0 0.375 0.66171875 0.0453125 0.1296875
0 0.26171875 0.653125 0.025 0.13515625
0 0.2875 0.34765625 0.025 0.0875
0 0.42578125 0.4578125 0.021875 0.09921875
1 0.4046875 0.5296875 0.0234375 0.11015625
0 0.63046875 0.53984375 0.01796875 0.1203125
0 0.58203125 0.41015625 0.028125 0.1015625
0 0.1703125 0.38203125 0.02109375 0.09140625
1 0.92109375 0.434375 0.03046875 0.09921875
0 0.7078125 0.50234375 0.02421875 0.1140625
0 0.73125 0.48359375 0.025 0.1140625
0 0.8984375 0.4671875 0.02265625 0.1140625
0 0.684375 0.5046875 0.02890625 0.1109375
0 0.0984375 0.60234375 0.0296875 0.134375
1 0.190625 0.72734375 0.02890625 0.1515625
0 0.19921875 0.7125 0.0265625 0.14375
0 0.72265625 0.478125 0.02265625 0.1078125
0 0.78125 0.49296875 0.02421875 0.11328125
0 0.79453125 0.50390625 0.025 0.1140625
0 0.79296875 0.4796875 0.02734375 0.115625
1 0.621875 0.22890625 0.015625 0.0609375