0 0.521875 0.4203125 0.02421875 0.0953125
1 0.225 0.3703125 0.01640625 0.09375
1 0.67578125 0.53828125 0.025 0.1265625
0 0.734375 0.3890625 0.01796875 0.10234375
0 0.44453125 0.365625 0.021875 0.0921875
0 0.49140625 0.43125 0.0203125 0.096875
0 0.803125 0.44921875 0.0265625 0.09921875
0 0.69609375 0.396875 0.021875 0.09453125
0 0.4375 0.45 0.0203125 0.1046875
1 0.77265625 0.29921875 0.03046875 0.0734375
0 0.653125 0.4140625 0.025 0.08359375
0 0.69609375 0.3625 0.01875 0.0796875
0 0.559375 0.40625 0.015625 0.10390625
0 0.66875 0.37265625 0.01796875 0.0953125
0 0.58359375 0.38984375 0.01953125 0.09140625
0 0.6734375 0.4015625 0.0203125 0.0984375
0 0.7859375 0.45859375 0.02265625 0.07578125
0 0.50390625 0.40078125 0.0203125 0.0921875
0 0.6078125 0.39609375 0.02265625 0.09140625
0 0.584375 0.43046875 0.021875 0.10390625
0 0.63125 0.4125 0.02890625 0.103125
0 0.596875 0.44296875 0.01484375 0.10390625
1 0.37421875 0.32265625 0.0171875 0.0859375
0 0.63515625 0.39609375 0.02578125 0.071875
0 0.59921875 0.4296875 0.0265625 0.09140625
0 0.6140625 0.43671875 0.028125 0.071875