0 0.82890625 0.36875 0.0453125 0.1578125
0 0.4046875 0.39453125 0.046875 0.134375
0 0.5578125 0.3234375 0.04609375 0.14375
0 0.440625 0.325 0.03203125 0.13203125
0 0.2875 0.21640625 0.0296875 0.11171875
0 0.34765625 0.23359375 0.03203125 0.1140625
0 0.62578125 0.4640625 0.04296875 0.1515625
0 0.66328125 0.37734375 0.0375 0.13828125
0 0.22734375 0.22578125 0.02890625 0.1203125
0 0.24375 0.375 0.04296875 0.13046875
0 0.48359375 0.41796875 0.0640625 0.140625
0 0.69921875 0.3953125 0.046875 0.16484375
0 0.665625 0.30390625 0.034375 0.16640625
0 0.49140625 0.2078125 0.034375 0.11484375
1 0.88671875 0.15390625 0.025 0.09921875
0 0.496875 0.3265625 0.03828125 0.1296875
0 0.39375 0.20859375 0.0296875 0.1265625
0 0.35625 0.39609375 0.071875 0.075
0 0.48203125 0.28515625 0.03828125 0.1375
0 0.61640625 0.3484375 0.05703125 0.09921875
1 0.4171875 0.2609375 0.034375 0.14296875
0 0.403125 0.225 0.04296875 0.09609375