0 0.58515625 0.271875 0.05234375 0.13671875
0 0.64140625 0.2125 0.03828125 0.13125
0 0.04375 0.16875 0.03359375 0.12109375
0 0.84609375 0.45234375 0.0734375 0.1421875
0 0.521875 0.28359375 0.04609375 0.1328125
0 0.5453125 0.534375 0.05546875 0.171875
0 0.1578125 0.25625 0.0375 0.1265625
0 0.675 0.37265625 0.053125 0.12890625
0 0.4078125 0.2765625 0.04765625 0.12734375
0 0.46640625 0.38203125 0.03671875 0.15859375
0 0.3515625 0.22109375 0.03828125 0.121875
1 0.6828125 0.15078125 0.028125 0.1140625
1 0.08984375 0.31484375 0.0390625 0.12265625
0 0.07265625 0.15703125 0.02578125 0.11171875
0 0.37578125 0.225 0.03828125 0.121875
0 0.38984375 0.21640625 0.0421875 0.11796875
0 0.4375 0.253125 0.03125 0.1359375
0 0.5140625 0.27421875 0.03203125 0.11953125
0 0.46484375 0.2484375 0.04921875 0.12109375