0 0.58515625 0.36796875 0.03515625 0.140625
0 0.61953125 0.353125 0.06171875 0.15859375
0 0.52578125 0.259375 0.03515625 0.1375
0 0.2984375 0.37421875 0.07578125 0.134375
0 0.3359375 0.36171875 0.0359375 0.134375
0 0.43984375 0.378125 0.07734375 0.08046875
0 0.553125 0.3328125 0.03515625 0.12265625
0 0.10703125 0.21953125 0.03828125 0.109375
0 0.1421875 0.2296875 0.03828125 0.103125
0 0.171875 0.3859375 0.0390625 0.15859375
1 0.25703125 0.35546875 0.01953125 0.14609375
0 0.509375 0.41015625 0.0640625 0.04296875
0 0.409375 0.25703125 0.053125 0.11875
0 0.4484375 0.29609375 0.046875 0.115625
0 0.52421875 0.3796875 0.03203125 0.1421875
0 0.53828125 0.40078125 0.06640625 0.06875
0 0.4609375 0.37109375 0.059375 0.0453125
0 0.41953125 0.38515625 0.06640625 0.04296875
0 0.43203125 0.29921875 0.02578125 0.125
0 0.4703125 0.35 0.0453125 0.09609375
0 0.44609375 0.253125 0.0390625 0.1078125
1 0.6828125 0.73203125 0.0546875 0.21328125
0 0.9890625 0.41015625 0.021875 0.1796875
1 0.25703125 0.06484375 0.03203125 0.07421875