0 0.4453125 0.43125 0.059375 0.1203125
0 0.75859375 0.2484375 0.034375 0.15
0 0.37734375 0.69296875 0.0671875 0.2078125
0 0.80703125 0.7015625 0.05703125 0.221875
0 0.6875 0.475 0.04609375 0.196875
1 0.8734375 0.33046875 0.03125 0.165625
0 0.7734375 0.09375 0.02578125 0.12109375
0 0.57578125 0.40234375 0.04609375 0.16796875
0 0.70234375 0.3515625 0.0359375 0.17265625
0 0.95703125 0.41015625 0.03671875 0.19296875
0 0.3453125 0.53125 0.05 0.2015625
0 0.25859375 0.33984375 0.028125 0.16953125
1 0.4109375 0.7921875 0.06640625 0.24453125
0 0.57421875 0.315625 0.05859375 0.10546875
0 0.18203125 0.33515625 0.03125 0.159375
0 0.7125 0.271875 0.03125 0.15546875
0 0.42421875 0.16796875 0.0234375 0.13984375
0 0.48046875 0.375 0.0640625 0.1
0 0.5296875 0.11171875 0.0328125 0.13125
0 0.475 0.30390625 0.05625 0.08046875
0 0.46953125 0.321875 0.05390625 0.09140625
0 0.446875 0.3625 0.02890625 0.17265625
0 0.57109375 0.3625 0.04921875 0.12421875