0 0.44296875 0.54453125 0.05234375 0.17109375
0 0.40546875 0.40703125 0.06328125 0.14453125
0 0.5015625 0.28125 0.04375 0.14296875
0 0.24453125 0.19609375 0.028125 0.11015625
0 0.7015625 0.4703125 0.0703125 0.16015625
0 0.0734375 0.24375 0.03125 0.12890625
0 0.64296875 0.209375 0.05234375 0.125
0 0.65 0.4046875 0.06328125 0.140625
0 0.009375 0.165625 0.01875 0.11328125
0 0.39453125 0.2546875 0.03515625 0.125
1 0.659375 0.14765625 0.0296875 0.12421875
1 0.0515625 0.30703125 0.0359375 0.1390625
0 0.46953125 0.2515625 0.0375 0.11484375
0 0.546875 0.2828125 0.05390625 0.13359375
0 0.4328125 0.2546875 0.05859375 0.1109375
0 0.35234375 0.20546875 0.0375 0.11953125
0 0.32421875 0.1890625 0.03828125 0.1265625
0 0.328125 0.20390625 0.0328125 0.1171875
0 0.55703125 0.26640625 0.06328125 0.140625