1 0.47265625 0.396875 0.01328125 0.04765625
1 0.8 0.38125 0.009375 0.03828125
1 0.78125 0.784375 0.02734375 0.11171875
1 0.25 0.59296875 0.02265625 0.07421875
0 0.4484375 0.52734375 0.0140625 0.0546875
0 0.44296875 0.578125 0.02421875 0.05625
0 0.50234375 0.50546875 0.01640625 0.05234375
0 0.584375 0.4921875 0.01953125 0.0390625
0 0.64375 0.515625 0.025 0.0265625
0 0.665625 0.4546875 0.02265625 0.0484375
0 0.71875 0.48671875 0.01796875 0.05546875
0 0.790625 0.50625 0.0234375 0.059375
0 0.80078125 0.46171875 0.01875 0.0453125
0 0.878125 0.44140625 0.0171875 0.05390625
0 0.40546875 0.4890625 0.02421875 0.05
0 0.4390625 0.53125 0.021875 0.0609375
0 0.503125 0.4921875 0.0171875 0.046875
0 0.54296875 0.515625 0.01875 0.0640625
0 0.58828125 0.4890625 0.015625 0.05703125
0 0.634375 0.503125 0.01640625 0.059375
0 0.67265625 0.51953125 0.01484375 0.05546875
0 0.7046875 0.490625 0.01484375 0.04921875
0 0.7765625 0.50390625 0.01796875 0.059375
0 0.78984375 0.46953125 0.01640625 0.025