1 0.29140625 0.75703125 0.03359375 0.16875
0 0.85859375 0.559375 0.0171875 0.13203125
0 0.48984375 0.56015625 0.02734375 0.11875
0 0.69375 0.48828125 0.0328125 0.06484375
0 0.56796875 0.534375 0.01953125 0.1234375
0 0.8265625 0.5796875 0.03203125 0.10703125
0 0.40390625 0.478125 0.02265625 0.109375
1 0.4484375 0.49609375 0.021875 0.10703125
0 0.28125 0.63671875 0.025 0.1296875
0 0.8640625 0.490625 0.02109375 0.1171875
0 0.65 0.5140625 0.021875 0.11328125
0 0.6671875 0.3953125 0.01875 0.090625
0 0.571875 0.46484375 0.015625 0.09609375
0 0.5 0.50546875 0.021875 0.0953125
0 0.69765625 0.42734375 0.015625 0.0984375
0 0.5375 0.41953125 0.015625 0.096875
1 0.284375 0.37578125 0.01953125 0.0875
0 0.76484375 0.51640625 0.02265625 0.11875
0 0.73984375 0.54296875 0.02890625 0.1203125
0 0.721875 0.55234375 0.03125 0.1234375
0 0.81171875 0.55859375 0.01953125 0.12421875
0 0.784375 0.5078125 0.02109375 0.109375
0 0.803125 0.53046875 0.02265625 0.1203125
0 0.8546875 0.55546875 0.02890625 0.115625
0 0.7453125 0.53359375 0.02421875 0.11875