1 0.3734375 0.27421875 0.01953125 0.09921875
0 0.3671875 0.196875 0.01875 0.0984375
0 0.840625 0.28984375 0.02109375 0.109375
0 0.48515625 0.29296875 0.0203125 0.121875
0 0.58828125 0.2109375 0.021875 0.09765625
0 0.8125 0.29609375 0.0234375 0.12265625
0 0.51953125 0.18515625 0.0140625 0.08984375
0 0.44296875 0.23671875 0.015625 0.1015625
0 0.60078125 0.2421875 0.01953125 0.10546875
0 0.7875 0.31015625 0.01875 0.11328125
0 0.16953125 0.36640625 0.02578125 0.12265625
0 0.38984375 0.2640625 0.0171875 0.096875
0 0.23515625 0.2671875 0.02421875 0.1140625
0 0.5375 0.26953125 0.01875 0.10546875
0 0.41171875 0.31796875 0.02265625 0.1171875
1 0.79453125 0.16171875 0.01796875 0.0859375
0 0.73359375 0.3078125 0.034375 0.1109375
0 0.73984375 0.2953125 0.021875 0.11953125
0 0.75703125 0.29765625 0.02421875 0.1171875
0 0.771875 0.2921875 0.021875 0.12265625
0 0.775 0.2890625 0.0203125 0.1296875
0 0.7765625 0.28671875 0.01953125 0.1203125
0 0.80859375 0.28515625 0.02109375 0.1171875
0 0.80625 0.30390625 0.0171875 0.1046875