0 0.38125 0.39140625 0.0203125 0.0765625
1 0.12265625 0.778125 0.03515625 0.146875
0 0.290625 0.39453125 0.015625 0.08359375
0 0.159375 0.3921875 0.01640625 0.078125
0 0.34140625 0.40625 0.0171875 0.07734375
0 0.03203125 0.37734375 0.01328125 0.07734375
0 0.25546875 0.37890625 0.01171875 0.075
0 0.40078125 0.33515625 0.01328125 0.0703125
0 0.2375 0.4140625 0.0125 0.07734375
1 0.5171875 0.4203125 0.0203125 0.08203125
0 0.4234375 0.36171875 0.01328125 0.07109375
0 0.30078125 0.42578125 0.01640625 0.08515625
0 0.30546875 0.34296875 0.01484375 0.071875
0 0.3125 0.3734375 0.0125 0.078125
0 0.22890625 0.421875 0.009375 0.08828125
0 0.88203125 0.36953125 0.015625 0.0765625
1 0.85859375 0.30546875 0.01640625 0.05859375
0 0.24453125 0.3984375 0.01171875 0.0859375
0 0.259375 0.35703125 0.009375 0.06484375
0 0.25625 0.3421875 0.01015625 0.0671875
0 0.225 0.38671875 0.01015625 0.08125
0 0.2359375 0.36171875 0.009375 0.06953125
0 0.23203125 0.3359375 0.01484375 0.06015625
1 0.30859375 0.26015625 0.01171875 0.0578125
0 0.38203125 0.378125 0.0140625 0.0734375
0 0.4765625 0.29375 0.0140625 0.0578125