0 0.23125 0.57265625 0.01953125 0.10390625
0 0.41875 0.58046875 0.0234375 0.11484375
0 0.5609375 0.49765625 0.021875 0.0921875
0 0.2609375 0.58984375 0.02421875 0.11484375
0 0.4734375 0.53984375 0.021875 0.10625
0 0.18359375 0.5578125 0.02578125 0.1046875
0 0.228125 0.6546875 0.0328125 0.13203125
0 0.3 0.5 0.02265625 0.09765625
0 0.07109375 0.58515625 0.02109375 0.11015625
0 0.42109375 0.60234375 0.03984375 0.04296875
0 0.140625 0.57578125 0.02265625 0.109375
0 0.3984375 0.653125 0.02890625 0.11796875
0 0.6921875 0.53515625 0.01953125 0.11328125
1 0.43046875 0.5171875 0.015625 0.08203125
1 0.01796875 0.62890625 0.02578125 0.13828125
0 0.5875 0.5421875 0.0140625 0.11875
0 0.16015625 0.5546875 0.0203125 0.109375
0 0.1640625 0.53203125 0.02109375 0.1015625
0 0.446875 0.565625 0.021875 0.11171875
0 0.44296875 0.56015625 0.01953125 0.11015625
0 0.47265625 0.53828125 0.01796875 0.109375
0 0.57734375 0.52578125 0.01875 0.09921875
0 0.06640625 0.53203125 0.021875 0.0859375
1 0.31171875 0.44375 0.01640625 0.08515625