0 0.81875 0.58359375 0.040625 0.14375
0 0.74921875 0.60390625 0.04375 0.090625
0 0.696875 0.571875 0.05234375 0.09296875
0 0.6453125 0.53984375 0.04375 0.0875
0 0.72109375 0.48828125 0.0375 0.075
0 0.6359375 0.48671875 0.034375 0.0921875
0 0.6015625 0.50390625 0.04296875 0.09453125
0 0.5890625 0.47734375 0.03828125 0.075
0 0.5890625 0.40390625 0.03671875 0.10390625
0 0.56015625 0.4515625 0.046875 0.0796875
0 0.36796875 0.328125 0.02734375 0.11640625
0 0.240625 0.3453125 0.02109375 0.121875
0 0.2890625 0.44296875 0.03359375 0.13671875
0 0.38828125 0.49140625 0.03515625 0.15
0 0.40859375 0.41953125 0.02578125 0.1296875
0 0.47890625 0.46484375 0.04375 0.0828125
0 0.496875 0.53203125 0.03125 0.12890625
0 0.55 0.51796875 0.05625 0.084375
0 0.61796875 0.5796875 0.059375 0.09140625
0 0.6671875 0.60390625 0.03359375 0.16953125
0 0.5140625 0.65703125 0.040625 0.17265625
0 0.3390625 0.59609375 0.03359375 0.15546875
1 0.25859375 0.490625 0.0265625 0.1453125
1 0.17265625 0.1828125 0.0203125 0.0875