0 0.34453125 0.428125 0.05078125 0.13828125
0 0.49765625 0.12421875 0.04453125 0.12109375
0 0.6125 0.33359375 0.03203125 0.14453125
0 0.8296875 0.37890625 0.040625 0.16328125
0 0.4875 0.44921875 0.071875 0.1109375
0 0.60390625 0.23359375 0.03515625 0.146875
0 0.3390625 0.2265625 0.03203125 0.1328125
0 0.44609375 0.26640625 0.034375 0.140625
0 0.80859375 0.3671875 0.034375 0.15703125
0 0.7875 0.2875 0.03828125 0.15390625
0 0.7328125 0.421875 0.05078125 0.1703125
1 0.02421875 0.28203125 0.03125 0.1375
0 0.63984375 0.35625 0.0390625 0.16484375
0 0.45234375 0.415625 0.0703125 0.12109375
0 0.4625 0.315625 0.03671875 0.1296875
0 0.4953125 0.24765625 0.0375 0.1390625
0 0.478125 0.371875 0.04921875 0.1203125
0 0.3421875 0.1890625 0.0328125 0.13203125
0 0.4453125 0.409375 0.065625 0.13046875
0 0.4953125 0.2421875 0.03125 0.13671875
0 0.7125 0.41328125 0.0515625 0.15625