0 0.37265625 0.29921875 0.0265625 0.11796875
0 0.16953125 0.38984375 0.0265625 0.14296875
0 0.140625 0.56953125 0.0328125 0.1734375
0 0.38515625 0.5234375 0.028125 0.15234375
0 0.42265625 0.5296875 0.02578125 0.1640625
0 0.51171875 0.5390625 0.0234375 0.17265625
0 0.5140625 0.4765625 0.025 0.1453125
0 0.51171875 0.4078125 0.03359375 0.134375
0 0.46484375 0.38203125 0.0296875 0.14375
0 0.38203125 0.44609375 0.02109375 0.125
0 0.1609375 0.77421875 0.03671875 0.19921875
0 0.84609375 0.5703125 0.03828125 0.16796875
0 0.77109375 0.52265625 0.04375 0.15859375
0 0.77578125 0.503125 0.04140625 0.15
0 0.7546875 0.49453125 0.0453125 0.13515625
0 0.75390625 0.4671875 0.0328125 0.14609375
0 0.75859375 0.45 0.028125 0.15
0 0.8359375 0.4875 0.0234375 0.14453125
0 0.865625 0.50390625 0.0375 0.14765625
0 0.8828125 0.475 0.02578125 0.1515625
0 0.90390625 0.48984375 0.02265625 0.16484375
0 0.8484375 0.4609375 0.02890625 0.13828125
1 0.78671875 0.88671875 0.06953125 0.16171875
1 0.9734375 0.3421875 0.02421875 0.13671875
1 0.50234375 0.10859375 0.034375 0.084375
1 0.490625 0.5171875 0.02734375 0.15234375