0 0.59296875 0.3109375 0.05 0.09921875
0 0.36015625 0.19375 0.03125 0.09375
0 0.55390625 0.36640625 0.02109375 0.1265625
0 0.73671875 0.36015625 0.03359375 0.12578125
0 0.55703125 0.296875 0.04453125 0.06796875
0 0.36171875 0.284375 0.0203125 0.11484375
0 0.32890625 0.265625 0.0203125 0.12265625
0 0.43125 0.253125 0.028125 0.09140625
0 0.2 0.2828125 0.01953125 0.11328125
1 0.1 0.25 0.02578125 0.1078125
1 0.69765625 0.246875 0.01953125 0.1078125
0 0.80703125 0.2921875 0.01875 0.1203125
0 0.65859375 0.225 0.02265625 0.0984375
0 0.51171875 0.26328125 0.0375 0.078125
0 0.6265625 0.259375 0.01953125 0.10234375
0 0.41015625 0.24453125 0.0296875 0.08359375
0 0.58828125 0.22890625 0.01875 0.10078125
0 0.484375 0.1796875 0.01796875 0.08828125
0 0.4828125 0.29140625 0.02734375 0.1078125
0 0.48671875 0.2421875 0.03359375 0.0546875
0 0.46328125 0.2796875 0.03125 0.06171875
0 0.46875 0.19921875 0.01953125 0.10234375
0 0.47265625 0.28984375 0.028125 0.08125
1 0.29375 0.13203125 0.01875 0.08359375
0 0.4796875 0.2953125 0.01953125 0.12578125