0 0.2625 0.53984375 0.03125 0.08671875
0 0.409375 0.3546875 0.01640625 0.06015625
0 0.053125 0.3515625 0.0125 0.06953125
0 0.2703125 0.43515625 0.02578125 0.071875
1 0.5390625 0.384375 0.01796875 0.0625
0 0.425 0.52578125 0.02421875 0.0859375
0 0.23984375 0.3421875 0.0171875 0.0578125
1 0.228125 0.746875 0.028125 0.11484375
0 0.9796875 0.37109375 0.01484375 0.07265625
0 0.3625 0.3921875 0.025 0.08125
0 0.303125 0.38359375 0.01875 0.05546875
0 0.89453125 0.3203125 0.0109375 0.05859375
0 0.3734375 0.3828125 0.025 0.05625
0 0.3671875 0.35703125 0.02109375 0.05859375
0 0.3671875 0.3375 0.01953125 0.05078125
0 0.36796875 0.33046875 0.01953125 0.04921875
0 0.3671875 0.31796875 0.01796875 0.0453125
0 0.371875 0.30390625 0.01640625 0.04453125
0 0.328125 0.3671875 0.0203125 0.03515625
0 0.33359375 0.29921875 0.015625 0.04921875
0 0.32265625 0.3390625 0.015625 0.04453125
0 0.2359375 0.36484375 0.01953125 0.05625
1 0.01875 0.31796875 0.015625 0.06328125
1 0.3578125 0.265625 0.0109375 0.05078125
1 0.89609375 0.2703125 0.01171875 0.0546875
0 0.3078125 0.3671875 0.01640625 0.0609375
0 0.32421875 0.3296875 0.015625 0.05078125