0 0.17265625 0.2375 0.0390625 0.1109375
0 0.48359375 0.2640625 0.04765625 0.134375
0 0.284375 0.5265625 0.05234375 0.16953125
0 0.94375 0.50078125 0.0484375 0.1859375
1 0.3046875 0.28984375 0.02734375 0.14375
0 0.60625 0.475 0.04609375 0.17265625
0 0.55390625 0.2359375 0.04375 0.140625
1 0.01953125 0.0984375 0.0296875 0.1125
0 0.59375 0.26875 0.0375 0.14296875
1 0.75703125 0.16796875 0.028125 0.1109375
0 0.18203125 0.15625 0.01953125 0.1015625
0 0.09375 0.17265625 0.03359375 0.10625
0 0.59453125 0.21953125 0.0296875 0.1171875
0 0.32578125 0.4765625 0.05625 0.13203125
0 0.46953125 0.2015625 0.03828125 0.115625
0 0.0859375 0.1671875 0.02578125 0.1171875
0 0.25546875 0.19375 0.0265625 0.11484375
0 0.4921875 0.2390625 0.0390625 0.12890625
0 0.490625 0.2 0.028125 0.1171875
0 0.5796875 0.215625 0.04453125 0.10625