0 0.41328125 0.49453125 0.08203125 0.1625
0 0.34921875 0.2140625 0.05390625 0.11171875
0 0.57578125 0.5421875 0.07578125 0.1703125
0 0.225 0.43125 0.0640625 0.16328125
0 0.92109375 0.23203125 0.03359375 0.10234375
0 0.509375 0.4265625 0.0734375 0.146875
0 0.665625 0.18046875 0.04375 0.1171875
1 0.85078125 0.29296875 0.040625 0.14140625
0 0.59140625 0.24140625 0.05078125 0.13203125
0 0.49296875 0.28359375 0.040625 0.1375
0 0.7671875 0.16875 0.02734375 0.109375
0 0.3953125 0.2890625 0.04375 0.12265625
0 0.42734375 0.22734375 0.04375 0.12578125
1 0.29140625 0.14921875 0.03046875 0.11640625
0 0.4390625 0.246875 0.0390625 0.14296875
0 0.55 0.240625 0.0453125 0.1265625
0 0.98125 0.13515625 0.02265625 0.10859375
0 0.99140625 0.16484375 0.0171875 0.1125
0 0.58828125 0.18984375 0.03046875 0.11328125
0 0.58828125 0.1859375 0.03515625 0.1171875