0 0.39921875 0.26484375 0.0421875 0.128125
0 0.9484375 0.31171875 0.05234375 0.1453125
0 0.6984375 0.25546875 0.0390625 0.13828125
0 0.3671875 0.2171875 0.040625 0.1296875
0 0.3125 0.22578125 0.0375 0.1546875
0 0.6515625 0.2 0.034375 0.1234375
0 0.8703125 0.22421875 0.02578125 0.14296875
0 0.675 0.3046875 0.06015625 0.14453125
0 0.45703125 0.20703125 0.0484375 0.090625
0 0.7203125 0.15859375 0.028125 0.12890625
0 0.63125 0.3046875 0.06328125 0.084375
0 0.590625 0.271875 0.0625 0.08125
0 0.56640625 0.2375 0.05390625 0.078125
0 0.55390625 0.22265625 0.05859375 0.08046875
0 0.525 0.175 0.03984375 0.09140625
0 0.5375 0.3171875 0.0515625 0.096875
0 0.51796875 0.28671875 0.0515625 0.11640625
0 0.51640625 0.26875 0.046875 0.103125
0 0.51171875 0.25390625 0.04375 0.1125
0 0.49453125 0.23984375 0.05 0.0921875
0 0.471875 0.21953125 0.04921875 0.0859375
0 0.13828125 0.2390625 0.040625 0.12890625
1 0.3625 0.0609375 0.0359375 0.09921875
1 0.93828125 0.24375 0.0234375 0.146875