0 0.453125 0.5890625 0.05 0.1703125
0 0.39453125 0.50625 0.03046875 0.16015625
1 0.26640625 0.4828125 0.02890625 0.16484375
0 0.62421875 0.73046875 0.0515625 0.196875
0 0.59609375 0.34453125 0.0203125 0.146875
0 0.28828125 0.34296875 0.02578125 0.1421875
0 0.575 0.38984375 0.0390625 0.12109375
0 0.45390625 0.4078125 0.02890625 0.1328125
0 0.7609375 0.28984375 0.02109375 0.11953125
0 0.32734375 0.73046875 0.0640625 0.203125
1 0.72265625 0.09453125 0.01953125 0.09453125
0 0.490625 0.28125 0.05390625 0.12109375
0 0.7765625 0.42578125 0.025 0.1609375
0 0.1625 0.48828125 0.02890625 0.16328125
0 0.68046875 0.38984375 0.0328125 0.11953125
0 0.6734375 0.42734375 0.0390625 0.09453125
0 0.6453125 0.56640625 0.04140625 0.13984375
0 0.5578125 0.4796875 0.03359375 0.103125
0 0.553125 0.5734375 0.0625 0.10859375
0 0.85078125 0.45625 0.02734375 0.15078125
0 0.834375 0.47265625 0.02890625 0.171875
0 0.65078125 0.46796875 0.05 0.0953125
0 0.62578125 0.5078125 0.05 0.0921875
0 0.6390625 0.52265625 0.05 0.10234375