1 0.74375 0.6125 0.021875 0.08203125
1 0.51875 0.39140625 0.0125 0.053125
1 0.2171875 0.36328125 0.015625 0.04453125
1 0.20703125 0.80625 0.02578125 0.12109375
0 0.58984375 0.5265625 0.02109375 0.06796875
0 0.59296875 0.51640625 0.02421875 0.06328125
0 0.55546875 0.60703125 0.0265625 0.06015625
0 0.47265625 0.48828125 0.01953125 0.04609375
0 0.34765625 0.503125 0.01640625 0.0390625
0 0.30859375 0.50546875 0.015625 0.06171875
0 0.24375 0.5109375 0.01953125 0.0515625
0 0.19765625 0.44765625 0.02265625 0.05546875
0 0.1203125 0.4515625 0.01171875 0.05625
0 0.0265625 0.60625 0.02265625 0.08671875
0 0.621875 0.521875 0.0171875 0.06640625
0 0.571875 0.596875 0.025 0.071875
0 0.55546875 0.50546875 0.0140625 0.0671875
0 0.5078125 0.50703125 0.021875 0.05625
0 0.49375 0.4984375 0.021875 0.05
0 0.4640625 0.48046875 0.0125 0.05234375
0 0.39609375 0.47734375 0.01484375 0.05234375
0 0.39765625 0.475 0.0171875 0.05234375
0 0.35546875 0.52734375 0.01796875 0.06015625
0 0.31015625 0.48984375 0.025 0.05625
0 0.25546875 0.515625 0.01796875 0.05234375
0 0.1953125 0.46796875 0.015625 0.02734375