0 0.66875 0.46640625 0.0234375 0.06484375
0 0.37109375 0.3875 0.01171875 0.07109375
0 0.7828125 0.46328125 0.01640625 0.06953125
0 0.33125 0.428125 0.01796875 0.07890625
0 0.7453125 0.453125 0.028125 0.0609375
0 0.1 0.54375 0.03125 0.0890625
0 0.3671875 0.48359375 0.02109375 0.075
0 0.05546875 0.48125 0.0265625 0.0796875
0 0.63203125 0.47109375 0.03046875 0.07265625
0 0.52265625 0.4625 0.03515625 0.071875
0 0.39140625 0.42734375 0.0203125 0.08671875
0 0.3453125 0.509375 0.02578125 0.05625
0 0.2671875 0.44921875 0.0234375 0.08515625
0 0.31796875 0.47421875 0.0296875 0.0671875
0 0.53984375 0.41796875 0.0203125 0.07734375
1 0.7015625 0.31328125 0.021875 0.05703125
0 0.56640625 0.39296875 0.0171875 0.06640625
0 0.58359375 0.38671875 0.01953125 0.0578125
1 0.265625 0.4734375 0.0234375 0.07578125
0 0.32421875 0.42890625 0.0171875 0.06171875
0 0.37890625 0.3921875 0.01328125 0.0640625
0 0.5796875 0.36328125 0.01484375 0.0609375
0 0.546875 0.39765625 0.02109375 0.07265625
0 0.5625 0.35625 0.021875 0.0546875