0 0.509375 0.40703125 0.02578125 0.1
1 0.19921875 0.3546875 0.0171875 0.09765625
1 0.6703125 0.53046875 0.0265625 0.13203125
0 0.73125 0.37421875 0.01875 0.10703125
0 0.428125 0.35 0.02265625 0.09609375
0 0.47734375 0.41796875 0.021875 0.1015625
0 0.80234375 0.4375 0.02734375 0.10390625
0 0.690625 0.3828125 0.0234375 0.09921875
0 0.42109375 0.43828125 0.02109375 0.109375
1 0.77109375 0.28046875 0.03125 0.07734375
0 0.64609375 0.4 0.02578125 0.0875
0 0.690625 0.34609375 0.01953125 0.0828125
0 0.54765625 0.3921875 0.01640625 0.10859375
0 0.6625 0.3578125 0.01875 0.09921875
0 0.57421875 0.37578125 0.0203125 0.0953125
0 0.66796875 0.3875 0.02109375 0.103125
0 0.78515625 0.44765625 0.0234375 0.07890625
0 0.490625 0.3859375 0.02109375 0.09609375
0 0.5984375 0.38125 0.0234375 0.0953125
0 0.57421875 0.41796875 0.02265625 0.10859375
0 0.6234375 0.39921875 0.03046875 0.1078125
0 0.5875 0.43046875 0.015625 0.10859375
1 0.35546875 0.3046875 0.01796875 0.08984375
0 0.62734375 0.38125 0.02734375 0.075
0 0.58984375 0.4171875 0.02734375 0.0953125
0 0.60546875 0.42421875 0.0296875 0.075