0 0.3015625 0.35703125 0.0484375 0.1328125
0 0.46015625 0.44609375 0.0734375 0.14375
0 0.8171875 0.3078125 0.04921875 0.1328125
0 0.58359375 0.22109375 0.04375 0.10625
0 0.33359375 0.1875 0.0421875 0.1203125
1 0.85234375 0.209375 0.03671875 0.11640625
0 0.88515625 0.09609375 0.034375 0.10859375
0 0.2828125 0.225 0.0328125 0.11640625
0 0.52421875 0.22265625 0.03125 0.12890625
0 0.20703125 0.20078125 0.0265625 0.11171875
0 0.434375 0.2375 0.0484375 0.12421875
0 0.45859375 0.29296875 0.04921875 0.1296875
0 0.67578125 0.15390625 0.03359375 0.09921875
0 0.54921875 0.15234375 0.0421875 0.11171875
0 0.6578125 0.1890625 0.040625 0.128125
0 0.67109375 0.18984375 0.0296875 0.1171875
0 0.46484375 0.2546875 0.03671875 0.1234375
0 0.49140625 0.1765625 0.034375 0.1
0 0.51953125 0.1453125 0.03046875 0.09296875
0 0.5 0.225 0.040625 0.13046875
0 0.48828125 0.16875 0.028125 0.0984375
0 0.4625 0.23984375 0.04609375 0.12109375