0 0.84921875 0.3828125 0.02109375 0.1359375
0 0.8640625 0.559375 0.0265625 0.17578125
0 0.8046875 0.77265625 0.046875 0.20390625
0 0.58125 0.5765625 0.028125 0.178125
0 0.6125 0.50859375 0.025 0.1546875
0 0.61796875 0.4390625 0.0203125 0.13125
0 0.65078125 0.29453125 0.0265625 0.1171875
0 0.54921875 0.36875 0.015625 0.14609375
0 0.49453125 0.40390625 0.0265625 0.14609375
0 0.4828125 0.4609375 0.01875 0.13984375
0 0.484375 0.53359375 0.0234375 0.1671875
0 0.24296875 0.60546875 0.0375 0.18046875
0 0.3109375 0.528125 0.0296875 0.1671875
0 0.296875 0.4953125 0.03203125 0.1703125
0 0.3421875 0.47109375 0.03671875 0.1421875
0 0.325 0.43984375 0.0296875 0.15390625
0 0.3203125 0.42734375 0.02578125 0.15
0 0.2078125 0.39375 0.03671875 0.13046875
0 0.1375 0.3953125 0.0375 0.1328125
0 0.1265625 0.4734375 0.028125 0.1625
0 0.0875 0.50546875 0.0359375 0.15390625
0 0.190625 0.515625 0.03203125 0.15
1 0.01328125 0.33046875 0.0265625 0.13515625
1 0.4921875 0.09453125 0.01796875 0.08359375
1 0.24765625 0.903125 0.053125 0.1546875
1 0.54140625 0.5140625 0.0265625 0.15625