1 0.290625 0.759375 0.034375 0.171875
0 0.86953125 0.5578125 0.01796875 0.134375
0 0.49296875 0.55859375 0.028125 0.12109375
0 0.7015625 0.48515625 0.03359375 0.065625
0 0.5734375 0.5328125 0.01953125 0.1265625
0 0.83671875 0.578125 0.0328125 0.109375
0 0.40546875 0.475 0.0234375 0.11171875
1 0.45078125 0.49296875 0.021875 0.10859375
0 0.2796875 0.63671875 0.02578125 0.1328125
0 0.87578125 0.4875 0.021875 0.11953125
0 0.65703125 0.51171875 0.021875 0.115625
0 0.675 0.38984375 0.01953125 0.0921875
0 0.57734375 0.4609375 0.01640625 0.0984375
0 0.50390625 0.503125 0.02265625 0.096875
0 0.70625 0.4234375 0.015625 0.10078125
0 0.54140625 0.41484375 0.01640625 0.09921875
1 0.28359375 0.3703125 0.0203125 0.08984375
0 0.77421875 0.5140625 0.02265625 0.12109375
0 0.7484375 0.54140625 0.0296875 0.12265625
0 0.73046875 0.55 0.03203125 0.12578125
0 0.821875 0.55625 0.0203125 0.1265625
0 0.79375 0.5046875 0.02109375 0.11171875
0 0.81328125 0.528125 0.0234375 0.1234375
0 0.86640625 0.55390625 0.02890625 0.11796875
0 0.75390625 0.53125 0.025 0.12109375