0 0.36796875 0.60390625 0.0484375 0.16484375
0 0.88828125 0.50234375 0.03203125 0.1515625
0 0.43359375 0.53828125 0.03046875 0.1734375
0 0.0796875 0.48515625 0.03515625 0.16328125
0 0.646875 0.5109375 0.03671875 0.16875
0 0.18203125 0.35 0.02109375 0.1359375
0 0.22421875 0.70703125 0.05078125 0.1890625
0 0.54765625 0.45625 0.03671875 0.1453125
0 0.34375 0.44375 0.025 0.14375
0 0.6609375 0.28203125 0.02734375 0.12265625
0 0.2875 0.52109375 0.04765625 0.15078125
0 0.7328125 0.484375 0.04609375 0.165625
0 0.70859375 0.2078125 0.02109375 0.11640625
0 0.58203125 0.409375 0.03046875 0.153125
0 0.446875 0.35 0.02734375 0.14296875
0 0.465625 0.40546875 0.040625 0.11640625
0 0.5203125 0.5140625 0.0484375 0.09453125
0 0.38203125 0.25 0.0265625 0.11953125
0 0.5390625 0.54453125 0.03046875 0.1671875
0 0.45078125 0.4859375 0.05078125 0.11328125
0 0.52890625 0.51171875 0.0375 0.146875
0 0.56484375 0.44296875 0.03515625 0.121875
1 0.6078125 0.11015625 0.01875 0.08828125
1 0.28203125 0.50625 0.05078125 0.15234375