0 0.96328125 0.48046875 0.0171875 0.06015625
0 0.071875 0.5984375 0.028125 0.0640625
0 0.11015625 0.53203125 0.01875 0.0625
0 0.38984375 0.53359375 0.01796875 0.06015625
0 0.13046875 0.49765625 0.01953125 0.053125
1 0.390625 0.67890625 0.02421875 0.0921875
0 0.6046875 0.46640625 0.0140625 0.0421875
0 0.3875 0.4578125 0.01640625 0.046875
0 0.78671875 0.41875 0.0140625 0.040625
0 0.08515625 0.56953125 0.02734375 0.06015625
0 0.5484375 0.378125 0.01015625 0.0375
0 0.08984375 0.46328125 0.015625 0.05390625
0 0.384375 0.40390625 0.01640625 0.034375
0 0.15078125 0.46953125 0.01796875 0.0484375
0 0.8890625 0.3578125 0.009375 0.03828125
0 0.2015625 0.38515625 0.0109375 0.0359375
0 0.2140625 0.3671875 0.0125 0.034375
1 0.9546875 0.3609375 0.0078125 0.040625
0 0.7515625 0.3578125 0.0078125 0.0359375
0 0.38125 0.36484375 0.01171875 0.03359375
0 0.221875 0.35546875 0.01015625 0.0296875
0 0.18984375 0.4046875 0.0140625 0.03203125
0 0.18125 0.421875 0.015625 0.0390625
1 0.27578125 0.33828125 0.0078125 0.034375
1 0.559375 0.32578125 0.00703125 0.03125