0 0.5671875 0.47578125 0.04375 0.096875
0 0.890625 0.5078125 0.034375 0.1375
0 0.58203125 0.44296875 0.03671875 0.1125
0 0.66640625 0.28203125 0.0359375 0.1078125
1 0.2578125 0.49921875 0.03984375 0.14609375
0 0.4359375 0.60078125 0.04765625 0.1484375
0 0.68984375 0.19296875 0.0265625 0.09375
0 0.109375 0.50234375 0.028125 0.1453125
0 0.50859375 0.4328125 0.05 0.07265625
1 0.6265625 0.12578125 0.01875 0.08515625
0 0.61328125 0.553125 0.03203125 0.171875
0 0.5953125 0.41875 0.03671875 0.11171875
0 0.53984375 0.509375 0.04765625 0.0796875
0 0.73203125 0.48046875 0.02734375 0.15546875
0 0.4296875 0.23828125 0.02265625 0.10078125
0 0.55859375 0.55859375 0.0390625 0.13671875
0 0.25546875 0.7046875 0.03203125 0.1859375
0 0.4828125 0.3578125 0.028125 0.13203125
0 0.34140625 0.51015625 0.0265625 0.15
0 0.2265625 0.34140625 0.01796875 0.128125
0 0.375 0.440625 0.0234375 0.134375
0 0.4515625 0.5546875 0.05234375 0.09453125
0 0.48203125 0.4890625 0.03203125 0.10234375
0 0.55 0.53046875 0.05 0.11328125