0 0.35078125 0.409375 0.03515625 0.14921875
0 0.53046875 0.43515625 0.0375 0.16796875
0 0.2921875 0.2359375 0.0296875 0.13125
0 0.21484375 0.20234375 0.0265625 0.1125
0 0.4703125 0.2046875 0.03125 0.10546875
1 0.71015625 0.209375 0.03046875 0.109375
0 0.1609375 0.184375 0.03046875 0.1015625
0 0.42578125 0.21484375 0.02734375 0.1171875
1 0.4515625 0.29609375 0.03125 0.13203125
0 0.48828125 0.23359375 0.025 0.12109375
0 0.04921875 0.48515625 0.0359375 0.17265625
0 0.92578125 0.5625 0.03984375 0.1828125
0 0.5203125 0.26015625 0.03203125 0.1375
1 0.22734375 0.13046875 0.0203125 0.09921875
0 0.4984375 0.203125 0.0203125 0.10234375
0 0.5765625 0.25546875 0.02578125 0.13359375
0 0.59140625 0.2234375 0.02109375 0.12265625
0 0.54453125 0.246875 0.0515625 0.046875
0 0.421875 0.20078125 0.02421875 0.10625
0 0.51796875 0.23671875 0.05703125 0.04453125