0 0.21015625 0.35234375 0.03515625 0.1515625
0 0.4484375 0.29296875 0.02421875 0.15
0 0.328125 0.134375 0.02890625 0.1140625
0 0.09609375 0.42109375 0.03515625 0.1671875
0 0.3703125 0.3875 0.03125 0.1671875
0 0.46484375 0.3265625 0.02578125 0.15234375
1 0.334375 0.78046875 0.05703125 0.20390625
0 0.415625 0.36171875 0.034375 0.14765625
0 0.2859375 0.32421875 0.02578125 0.1453125
0 0.05546875 0.278125 0.02265625 0.13671875
0 0.26015625 0.28359375 0.028125 0.13984375
0 0.69921875 0.18203125 0.02578125 0.12109375
0 0.83125 0.3234375 0.0296875 0.14453125
1 0.11171875 0.34453125 0.02421875 0.1515625
0 0.49453125 0.57734375 0.046875 0.19375
0 0.575 0.403125 0.03203125 0.175
0 0.59140625 0.32578125 0.0515625 0.09609375
0 0.69453125 0.1359375 0.021875 0.1109375
0 0.79453125 0.3453125 0.03203125 0.1671875
0 0.80703125 0.3796875 0.02421875 0.1359375
0 0.5796875 0.3421875 0.04609375 0.103125
0 0.565625 0.371875 0.046875 0.1109375
0 0.57109375 0.37421875 0.03359375 0.1578125