0 0.32109375 0.2921875 0.053125 0.13515625
0 0.41875 0.36015625 0.04296875 0.13984375
0 0.1140625 0.47421875 0.0515625 0.17265625
0 0.24609375 0.471875 0.05 0.16328125
0 0.9703125 0.2984375 0.04296875 0.1359375
0 0.55234375 0.24921875 0.06171875 0.12578125
0 0.52734375 0.31953125 0.034375 0.13515625
0 0.61328125 0.3203125 0.0609375 0.13515625
0 0.43671875 0.28984375 0.046875 0.1078125
0 0.4859375 0.29765625 0.05625 0.10703125
1 0.98515625 0.175 0.02890625 0.11953125
0 0.06484375 0.121875 0.02421875 0.0890625
0 0.009375 0.11953125 0.01875 0.08828125
0 0.13125 0.26796875 0.0296875 0.10078125
0 0.43125 0.3109375 0.04296875 0.103125
0 0.47734375 0.28125 0.03828125 0.11484375
0 0.46484375 0.19375 0.03671875 0.10078125
0 0.540625 0.23359375 0.0359375 0.11953125
0 0.51875 0.31328125 0.0421875 0.11953125
0 0.490625 0.2015625 0.03046875 0.09765625
0 0.50546875 0.2796875 0.028125 0.10703125
1 0.875 0.68515625 0.0609375 0.2171875
1 0.20078125 0.34921875 0.03515625 0.12890625