0 0.41796875 0.62890625 0.03671875 0.11953125
0 0.34296875 0.4421875 0.01875 0.08359375
0 0.7625 0.74375 0.03125 0.1296875
0 0.2875 0.58515625 0.02578125 0.11171875
0 0.56015625 0.6671875 0.02265625 0.1234375
0 0.76640625 0.4765625 0.028125 0.0984375
0 0.83828125 0.45390625 0.021875 0.0828125
0 0.9640625 0.68671875 0.0546875 0.12578125
0 0.45 0.43125 0.01796875 0.09453125
0 0.70625 0.4203125 0.01875 0.07890625
0 0.5125 0.7921875 0.03828125 0.12890625
0 0.47578125 0.46484375 0.021875 0.09140625
0 0.50703125 0.70625 0.04453125 0.11328125
1 0.653125 0.509375 0.0234375 0.08984375
0 0.4625 0.78984375 0.040625 0.06796875
0 0.484375 0.51953125 0.02734375 0.11328125
0 0.66953125 0.43046875 0.02109375 0.06875
1 0.09453125 0.67734375 0.0390625 0.1078125
0 0.6640625 0.3953125 0.021875 0.078125
0 0.7703125 0.4703125 0.021875 0.0875
0 0.4859375 0.76015625 0.04140625 0.0890625
0 0.4578125 0.39296875 0.01640625 0.075
0 0.46484375 0.4828125 0.02265625 0.09375
1 0.8078125 0.2625 0.01015625 0.053125