0 0.57421875 0.1875 0.03203125 0.115625
0 0.32890625 0.16640625 0.0453125 0.1171875
0 0.68671875 0.32890625 0.0421875 0.12734375
0 0.72578125 0.40390625 0.04375 0.14296875
0 0.85625 0.50703125 0.046875 0.17109375
0 0.53203125 0.40390625 0.05546875 0.08984375
0 0.89609375 0.2328125 0.0296875 0.1234375
1 0.88203125 0.3640625 0.0484375 0.134375
0 0.5359375 0.61796875 0.0734375 0.18515625
0 0.43203125 0.33359375 0.05234375 0.09609375
0 0.2078125 0.334375 0.04296875 0.1421875
0 0.66953125 0.1125 0.0265625 0.1046875
0 0.45390625 0.409375 0.05390625 0.10390625
1 0.6984375 0.80234375 0.06015625 0.21171875
0 0.51953125 0.3296875 0.05234375 0.09453125
0 0.5734375 0.46640625 0.071875 0.09453125
0 0.52578125 0.36640625 0.05859375 0.08828125
0 0.34296875 0.11875 0.03515625 0.10546875
0 0.23984375 0.35 0.02890625 0.16328125
0 0.446875 0.3515625 0.04765625 0.07734375
0 0.45703125 0.36875 0.05078125 0.09921875
0 0.45234375 0.43828125 0.0546875 0.1328125
0 0.23125 0.40546875 0.0421875 0.14453125