0 0.37109375 0.29140625 0.02734375 0.121875
0 0.1625 0.38515625 0.02734375 0.14765625
0 0.13203125 0.5703125 0.03359375 0.17890625
0 0.384375 0.52265625 0.02890625 0.15703125
0 0.4234375 0.5296875 0.0265625 0.16953125
0 0.515625 0.5390625 0.02421875 0.17890625
0 0.51796875 0.475 0.02578125 0.15
0 0.51484375 0.40390625 0.034375 0.1390625
0 0.46640625 0.3765625 0.03046875 0.1484375
0 0.38125 0.44296875 0.021875 0.12890625
0 0.153125 0.78203125 0.03828125 0.20546875
0 0.8609375 0.571875 0.0390625 0.1734375
0 0.7828125 0.52265625 0.04453125 0.1640625
0 0.78828125 0.50234375 0.04296875 0.15546875
0 0.765625 0.49375 0.046875 0.13984375
0 0.765625 0.46484375 0.03359375 0.15078125
0 0.76953125 0.44765625 0.02890625 0.1546875
0 0.85 0.4859375 0.02421875 0.15
0 0.88125 0.50234375 0.03828125 0.15234375
0 0.8984375 0.4734375 0.02734375 0.15625
0 0.9203125 0.48828125 0.0234375 0.1703125
0 0.86328125 0.45859375 0.0296875 0.14296875
1 0.79921875 0.8984375 0.071875 0.1671875
1 0.98984375 0.3359375 0.0203125 0.14140625
1 0.50546875 0.0953125 0.0359375 0.0875
1 0.49296875 0.51640625 0.028125 0.15703125