0 0.4171875 0.38203125 0.01015625 0.071875
0 0.359375 0.36171875 0.0109375 0.06171875
0 0.3921875 0.3765625 0.0140625 0.06328125
0 0.3921875 0.33828125 0.01171875 0.05390625
1 0.44765625 0.409375 0.0140625 0.06953125
0 0.26328125 0.39140625 0.0109375 0.0640625
0 0.234375 0.39375 0.0140625 0.06640625
1 0.4671875 0.27890625 0.01328125 0.06015625
1 0.971875 0.38125 0.0171875 0.0625
0 0.95234375 0.4375 0.01328125 0.07421875
0 0.3046875 0.40078125 0.01328125 0.07109375
0 0.30390625 0.3921875 0.015625 0.06875
0 0.3203125 0.39296875 0.0109375 0.06484375
0 0.328125 0.38046875 0.01328125 0.0625
0 0.3671875 0.35625 0.01328125 0.05546875
0 0.425 0.37734375 0.00859375 0.0671875
0 0.16875 0.34765625 0.00859375 0.059375
0 0.221875 0.36640625 0.0125 0.05859375
0 0.28046875 0.38203125 0.01328125 0.06328125
0 0.28203125 0.3671875 0.0109375 0.0640625
0 0.30625 0.35546875 0.0109375 0.065625
0 0.3125 0.365625 0.0125 0.06015625
0 0.34609375 0.340625 0.0078125 0.05859375
0 0.3375 0.35078125 0.009375 0.0546875
0 0.33359375 0.33203125 0.00859375 0.05234375