0 0.45 0.190625 0.03046875 0.1125
0 0.6875 0.16953125 0.04453125 0.11328125
0 0.34140625 0.32734375 0.040625 0.1234375
0 0.30390625 0.4 0.0421875 0.1390625
0 0.1765625 0.50078125 0.0453125 0.165625
0 0.490625 0.4 0.053125 0.0875
0 0.13828125 0.234375 0.02890625 0.1203125
1 0.1515625 0.36171875 0.04765625 0.13046875
0 0.48671875 0.6078125 0.07109375 0.1796875
0 0.58828125 0.33125 0.05078125 0.09296875
0 0.8046875 0.33203125 0.04140625 0.13828125
0 0.3578125 0.1171875 0.02578125 0.1015625
0 0.56640625 0.40546875 0.05234375 0.10078125
1 0.33046875 0.78671875 0.0578125 0.2046875
0 0.503125 0.328125 0.05078125 0.09140625
0 0.45078125 0.46015625 0.06953125 0.09140625
0 0.496875 0.3640625 0.05703125 0.0859375
0 0.67421875 0.1234375 0.034375 0.10234375
0 0.77421875 0.34765625 0.028125 0.15859375
0 0.5734375 0.34921875 0.04609375 0.075
0 0.56328125 0.36640625 0.04921875 0.09609375
0 0.56875 0.43359375 0.053125 0.12890625
0 0.7828125 0.4015625 0.040625 0.13984375