0 0.590625 0.22265625 0.01875 0.0984375
0 0.49609375 0.29765625 0.01875 0.115625
0 0.74140625 0.31640625 0.021875 0.1046875
0 0.2453125 0.27734375 0.025 0.1078125
0 0.66953125 0.34140625 0.03046875 0.1171875
0 0.778125 0.2484375 0.01875 0.10078125
0 0.18359375 0.3734375 0.02890625 0.11796875
0 0.52734375 0.19609375 0.01953125 0.0828125
0 0.54375 0.2765625 0.0203125 0.10234375
0 0.67109375 0.2765625 0.028125 0.11171875
0 0.60859375 0.30859375 0.02421875 0.1109375
0 0.60625 0.24453125 0.0171875 0.09453125
0 0.42109375 0.32265625 0.021875 0.109375
0 0.4640625 0.24453125 0.015625 0.0953125
0 0.6234375 0.2953125 0.02421875 0.11015625
0 0.6921875 0.3078125 0.02890625 0.12109375
0 0.40234375 0.2046875 0.0171875 0.0828125
0 0.63125 0.340625 0.028125 0.10859375
0 0.4078125 0.27265625 0.01875 0.09296875
1 0.39296875 0.278125 0.0125 0.10234375
1 0.7875 0.17265625 0.0171875 0.08359375
0 0.634375 0.29453125 0.01796875 0.115625
0 0.6671875 0.26875 0.0171875 0.10703125
0 0.746875 0.296875 0.01640625 0.11328125