0 0.60546875 0.5171875 0.0859375 0.17109375
0 0.671875 0.2234375 0.05625 0.1171875
0 0.43515625 0.5671875 0.0796875 0.17890625
0 0.80234375 0.4515625 0.0671875 0.171875
0 0.0734375 0.2421875 0.03515625 0.10703125
0 0.5046875 0.446875 0.07734375 0.15390625
0 0.340625 0.1875 0.04609375 0.1234375
1 0.14609375 0.30625 0.04296875 0.1484375
0 0.41875 0.25234375 0.05390625 0.13828125
0 0.521875 0.296875 0.0421875 0.14375
0 0.234375 0.17578125 0.028125 0.11484375
0 0.62421875 0.3015625 0.0453125 0.128125
0 0.58984375 0.2375 0.0453125 0.13203125
1 0.7328125 0.15546875 0.03203125 0.121875
0 0.578125 0.2578125 0.040625 0.15
0 0.46171875 0.2515625 0.04765625 0.1328125
0 0.0109375 0.13984375 0.021875 0.1140625
0 0.00390625 0.17109375 0.0078125 0.1171875
0 0.42109375 0.19765625 0.03203125 0.11875
0 0.42109375 0.19375 0.03671875 0.12265625