0 0.28359375 0.3859375 0.05546875 0.146875
0 0.41171875 0.175 0.040625 0.1171875
0 0.26796875 0.10859375 0.03984375 0.0953125
1 0.0953125 0.35859375 0.0421875 0.125
0 0.5375 0.29921875 0.04609375 0.1421875
0 0.5609375 0.11328125 0.0390625 0.09765625
0 0.06484375 0.21875 0.0265625 0.125
0 0.28046875 0.5921875 0.0625 0.1796875
0 0.51328125 0.1421875 0.03671875 0.103125
0 0.4125 0.4359375 0.078125 0.15390625
0 0.22734375 0.5 0.05078125 0.16171875
0 0.84609375 0.25 0.0328125 0.1484375
1 0.24765625 0.79375 0.05546875 0.2265625
0 0.4921875 0.3140625 0.05390625 0.13046875
0 0.70078125 0.3375 0.0421875 0.15078125
0 0.43828125 0.3546875 0.05390625 0.1234375
0 0.32109375 0.315625 0.0359375 0.1265625
0 0.48046875 0.35390625 0.05625 0.146875
0 0.68828125 0.35625 0.05078125 0.1484375
0 0.45 0.31796875 0.0375 0.1234375
0 0.4109375 0.4453125 0.0625 0.15625
0 0.446875 0.34765625 0.0328125 0.12734375
0 0.46640625 0.31015625 0.03671875 0.1203125
1 0.6 0.0453125 0.03125 0.08671875