0 0.5234375 0.4859375 0.0671875 0.15234375
1 0.9578125 0.1734375 0.03046875 0.11953125
0 0.7765625 0.2875 0.05234375 0.11640625
0 0.6109375 0.2984375 0.04609375 0.13125
0 0.45546875 0.3296875 0.0578125 0.140625
0 0.36953125 0.40078125 0.05 0.153125
0 0.37109375 0.19140625 0.0390625 0.10390625
0 0.57890625 0.33125 0.040625 0.12578125
0 0.39453125 0.19609375 0.025 0.1109375
0 0.209375 0.5078125 0.05859375 0.1703125
0 0.3984375 0.3359375 0.0359375 0.128125
0 0.46484375 0.28515625 0.04375 0.12734375
0 0.73203125 0.28046875 0.0453125 0.10546875
0 0.525 0.2953125 0.03203125 0.13359375
0 0.5359375 0.28046875 0.03671875 0.1296875
1 0.1875 0.3546875 0.0390625 0.1265625
0 0.06484375 0.27265625 0.04296875 0.12421875
0 0.50390625 0.2953125 0.0328125 0.125
1 0.85546875 0.6640625 0.05390625 0.2125
0 0.059375 0.09921875 0.046875 0.08515625
0 0.41328125 0.28359375 0.03671875 0.1
0 0.50078125 0.28125 0.02890625 0.1109375
0 0.51015625 0.253125 0.0359375 0.12578125
0 0.2234375 0.0921875 0.0375 0.0828125