0 0.58984375 0.3140625 0.0703125 0.12734375
0 0.25234375 0.44453125 0.08125 0.15234375
0 0.31875 0.3046875 0.071875 0.128125
0 0.1921875 0.4078125 0.06484375 0.1390625
0 0.38828125 0.33046875 0.0625 0.12265625
0 0.5203125 0.4765625 0.0609375 0.153125
0 0.98046875 0.3453125 0.03828125 0.14375
0 0.034375 0.38203125 0.06171875 0.1359375
0 0.52421875 0.36015625 0.03828125 0.1359375
0 0.46953125 0.27578125 0.04921875 0.13125
0 0.934375 0.45390625 0.0875 0.1515625
0 0.12109375 0.3484375 0.0390625 0.15
0 0.10078125 0.38984375 0.04296875 0.11640625
0 0.78515625 0.35390625 0.06875 0.11796875
0 0.15390625 0.33984375 0.0421875 0.1671875
1 0.928125 0.40234375 0.03046875 0.14140625
0 0.81640625 0.3296875 0.059375 0.12734375
0 0.14921875 0.35703125 0.05234375 0.1390625
1 0.509375 0.12421875 0.03671875 0.10234375