0 0.61953125 0.59375 0.0375 0.13515625
1 0.7109375 0.35390625 0.02109375 0.096875
0 0.2625 0.5515625 0.02734375 0.10703125
0 0.3671875 0.41015625 0.01796875 0.09453125
0 0.728125 0.45625 0.02265625 0.115625
0 0.58203125 0.5 0.03203125 0.08984375
0 0.3796875 0.54375 0.03359375 0.1140625
0 0.4234375 0.509375 0.028125 0.09609375
1 0.95546875 0.67265625 0.0265625 0.153125
0 0.67734375 0.57421875 0.02578125 0.09296875
0 0.32265625 0.48046875 0.034375 0.07265625
0 0.49921875 0.46015625 0.025 0.096875
0 0.52109375 0.41328125 0.02421875 0.08125
0 0.53984375 0.5703125 0.0390625 0.08125
0 0.5109375 0.55234375 0.03671875 0.078125
0 0.478125 0.53046875 0.03671875 0.08203125
0 0.35390625 0.49296875 0.0375 0.07109375
0 0.646875 0.55546875 0.03828125 0.10703125
0 0.36171875 0.44453125 0.03203125 0.07734375
0 0.56171875 0.53515625 0.046875 0.0625
1 0.625 0.475 0.03046875 0.08828125
0 0.4796875 0.503125 0.04375 0.0640625
0 0.415625 0.4859375 0.0421875 0.06953125
0 0.4421875 0.5125 0.03046875 0.07578125
0 0.3953125 0.503125 0.0375 0.07578125