0 0.61875 0.35625 0.05546875 0.11328125
0 0.7484375 0.48515625 0.0703125 0.15859375
0 0.7125 0.28046875 0.0328125 0.14453125
0 0.33671875 0.35078125 0.04296875 0.13359375
1 0.95390625 0.16640625 0.03203125 0.11953125
0 0.49765625 0.16796875 0.04453125 0.10703125
0 0.55234375 0.24921875 0.0421875 0.11015625
0 0.296875 0.28515625 0.03515625 0.125
0 0.27578125 0.51875 0.05234375 0.1640625
0 0.41953125 0.278125 0.05859375 0.0828125
0 0.29375 0.19140625 0.03984375 0.103125
0 0.2546875 0.42421875 0.05 0.1546875
0 0.87890625 0.27578125 0.0390625 0.11875
0 0.45234375 0.30234375 0.0609375 0.0875
0 0.4890625 0.33515625 0.05625 0.08515625
0 0.0578125 0.26953125 0.03515625 0.13046875
0 0.51953125 0.38828125 0.06640625 0.09296875
0 0.57421875 0.3375 0.05078125 0.0984375
0 0.084375 0.0828125 0.028125 0.08671875
0 0.55078125 0.31484375 0.04140625 0.1015625
0 0.52734375 0.29609375 0.04296875 0.07421875
0 0.51953125 0.2734375 0.04765625 0.07578125
0 0.34296875 0.06953125 0.0390625 0.0890625
1 0.1671875 0.3453125 0.0390625 0.13125
1 0.853125 0.6578125 0.0546875 0.2