0 0.53125 0.20234375 0.01796875 0.090625
0 0.77578125 0.2890625 0.01953125 0.11484375
0 0.23203125 0.30859375 0.0234375 0.11640625
1 0.9265625 0.290625 0.02421875 0.11953125
0 0.49921875 0.29375 0.01875 0.11953125
0 0.31796875 0.375 0.0171875 0.12578125
0 0.45859375 0.24140625 0.02109375 0.096875
0 0.69609375 0.29140625 0.01484375 0.11328125
0 0.55859375 0.2703125 0.0203125 0.10390625
0 0.46875 0.215625 0.01875 0.0953125
0 0.584375 0.2375 0.02734375 0.1109375
0 0.74765625 0.3015625 0.021875 0.1140625
0 0.80234375 0.290625 0.021875 0.10703125
0 0.709375 0.28515625 0.0234375 0.1078125
0 0.44453125 0.31640625 0.025 0.121875
0 0.59140625 0.2140625 0.01875 0.1015625
1 0.4265625 0.27421875 0.01796875 0.10859375
0 0.7484375 0.28203125 0.025 0.096875
0 0.72265625 0.26875 0.02265625 0.10625
0 0.796875 0.25234375 0.0234375 0.09140625
0 0.734375 0.2609375 0.0171875 0.10546875
1 0.7671875 0.1578125 0.01953125 0.08515625
0 0.4375 0.2796875 0.015625 0.1078125
0 0.7515625 0.32421875 0.02890625 0.1015625
0 0.70234375 0.284375 0.0203125 0.1015625