0 0.59375 0.63984375 0.0359375 0.11640625
0 0.66640625 0.4578125 0.01796875 0.08125
0 0.2578125 0.7515625 0.03046875 0.1265625
0 0.7203125 0.596875 0.025 0.10859375
0 0.45546875 0.6765625 0.021875 0.1203125
0 0.25390625 0.490625 0.02734375 0.09609375
0 0.184375 0.46953125 0.021875 0.08046875
0 0.06171875 0.6953125 0.053125 0.12265625
0 0.5625 0.446875 0.0171875 0.09140625
0 0.3125 0.43671875 0.01796875 0.0765625
0 0.5015625 0.7984375 0.0375 0.125
0 0.5375 0.4796875 0.021875 0.0890625
0 0.50703125 0.71484375 0.04296875 0.11015625
1 0.3640625 0.5234375 0.02265625 0.0875
0 0.55078125 0.79609375 0.03984375 0.065625
0 0.52890625 0.5328125 0.0265625 0.11015625
0 0.3484375 0.44609375 0.0203125 0.0671875
1 0.90859375 0.68671875 0.0375 0.10546875
0 0.35390625 0.4125 0.02109375 0.07578125
0 0.25 0.48515625 0.02109375 0.0859375
0 0.52734375 0.7671875 0.03984375 0.08671875
0 0.5546875 0.409375 0.01640625 0.07265625
0 0.54765625 0.496875 0.02265625 0.09140625
1 0.2140625 0.2828125 0.009375 0.0515625