0 0.74765625 0.48671875 0.04609375 0.14921875
0 0.38671875 0.32734375 0.05078125 0.128125
0 0.46796875 0.134375 0.04140625 0.0875
0 0.75234375 0.121875 0.03671875 0.09375
0 0.3265625 0.37734375 0.05546875 0.13671875
0 0.3984375 0.38046875 0.0578125 0.13828125
0 0.6421875 0.47265625 0.06875 0.14453125
1 0.90625 0.3703125 0.0390625 0.12734375
0 0.6515625 0.340625 0.03203125 0.1296875
0 0.925 0.22421875 0.03046875 0.12734375
0 0.828125 0.56953125 0.0578125 0.175
0 0.56171875 0.446875 0.046875 0.16015625
0 0.1578125 0.2203125 0.0375 0.125
1 0.753125 0.7953125 0.0546875 0.2046875
0 0.5390625 0.1875 0.03046875 0.1125
0 0.496875 0.32578125 0.05234375 0.1359375
0 0.5609375 0.1421875 0.03125 0.109375
0 0.5078125 0.3703125 0.04453125 0.14140625
0 0.5421875 0.3625 0.0484375 0.13203125
0 0.53671875 0.32734375 0.04296875 0.121875
0 0.64375 0.39921875 0.040625 0.11953125
0 0.59140625 0.33125 0.040625 0.13203125
0 0.59765625 0.38515625 0.0390625 0.1421875
1 0.40390625 0.06015625 0.0296875 0.0796875