0 0.36171875 0.3171875 0.025 0.1171875
0 0.5265625 0.3640625 0.02890625 0.125
1 0.43046875 0.31171875 0.01796875 0.1109375
0 0.4953125 0.28046875 0.01875 0.10546875
0 0.68984375 0.26796875 0.0234375 0.11328125
0 0.225 0.40859375 0.021875 0.13203125
0 0.56796875 0.278125 0.0203125 0.10234375
0 0.58828125 0.34296875 0.01640625 0.12734375
0 0.53984375 0.2375 0.02421875 0.103125
0 0.6359375 0.31953125 0.01953125 0.1140625
1 0.08203125 0.26015625 0.0265625 0.10390625
0 0.6546875 0.2421875 0.021875 0.10625
0 0.825 0.32265625 0.021875 0.11796875
0 0.66484375 0.215625 0.0171875 0.0890625
0 0.90625 0.31640625 0.01875 0.11171875
1 0.0265625 0.7703125 0.03828125 0.1875
0 0.8875 0.3203125 0.01953125 0.11953125
0 0.87421875 0.303125 0.01640625 0.109375
0 0.82890625 0.31640625 0.01953125 0.11953125
0 0.83125 0.31796875 0.015625 0.11484375
0 0.8421875 0.30859375 0.02109375 0.12109375
0 0.85703125 0.32890625 0.0171875 0.125
0 0.87578125 0.33984375 0.02578125 0.1125
0 0.8546875 0.31484375 0.01875 0.12734375