0 0.41015625 0.58984375 0.05625 0.16640625
1 0.23046875 0.4765625 0.0234375 0.15625
0 0.25859375 0.74765625 0.0328125 0.2
0 0.25078125 0.340625 0.02734375 0.13828125
0 0.71796875 0.65234375 0.0453125 0.18125
0 0.40078125 0.415625 0.0234375 0.140625
0 0.3609375 0.5046875 0.02734375 0.15234375
0 0.540625 0.3515625 0.028125 0.1390625
0 0.76484375 0.3109375 0.028125 0.12421875
0 0.503125 0.5453125 0.05390625 0.146875
0 0.40234375 0.278125 0.03046875 0.1171875
0 0.6015625 0.53828125 0.034375 0.15703125
0 0.14453125 0.46484375 0.046875 0.14765625
0 0.79921875 0.4765625 0.03203125 0.16640625
0 0.51875 0.46640625 0.03984375 0.12265625
0 0.6515625 0.39375 0.02890625 0.13046875
0 0.78359375 0.4234375 0.0359375 0.14765625
0 0.534375 0.37890625 0.02265625 0.14609375
0 0.803125 0.4515625 0.0203125 0.14765625
0 0.59765625 0.52109375 0.0421875 0.16640625
0 0.5859375 0.5046875 0.04921875 0.09609375
0 0.62734375 0.4328125 0.03984375 0.12734375
0 0.60703125 0.44609375 0.03671875 0.1265625
1 0.68046875 0.10078125 0.0203125 0.08984375