0 0.709375 0.54296875 0.03359375 0.1171875
0 0.48671875 0.52109375 0.02265625 0.12265625
0 0.56953125 0.55 0.034375 0.12578125
0 0.38984375 0.5640625 0.03046875 0.1296875
1 0.0421875 0.665625 0.02890625 0.15390625
0 0.3546875 0.475 0.021875 0.103125
0 0.59609375 0.44453125 0.0234375 0.0921875
0 0.27890625 0.43046875 0.021875 0.1109375
0 0.43984375 0.4421875 0.025 0.1046875
0 0.61328125 0.509375 0.02890625 0.11875
0 0.5359375 0.5265625 0.0234375 0.128125
0 0.56171875 0.46640625 0.02890625 0.08984375
0 0.2921875 0.5125 0.02265625 0.1265625
0 0.34765625 0.53046875 0.03046875 0.11484375
0 0.45859375 0.45 0.02265625 0.103125
0 0.42421875 0.53125 0.0359375 0.0625
0 0.44140625 0.4109375 0.01953125 0.10234375
1 0.33125 0.4578125 0.01875 0.10859375
1 0.27578125 0.35703125 0.02109375 0.0953125
0 0.5 0.4890625 0.025 0.08359375
0 0.50859375 0.50546875 0.025 0.11875
0 0.5375 0.51015625 0.03359375 0.06484375
0 0.5828125 0.49609375 0.0390625 0.0734375
0 0.63203125 0.509375 0.02265625 0.12421875
0 0.62421875 0.48203125 0.03515625 0.078125