0 0.11015625 0.4625 0.053125 0.13828125
0 0.8328125 0.2421875 0.03828125 0.10546875
1 0.84921875 0.32421875 0.03203125 0.10859375
0 0.63125 0.31875 0.04140625 0.10703125
0 0.42109375 0.509375 0.04453125 0.1640625
0 0.8 0.35 0.025 0.1265625
0 0.93984375 0.2171875 0.04375 0.08828125
0 0.528125 0.26953125 0.03125 0.11484375
0 0.66640625 0.26328125 0.03828125 0.11484375
0 0.48984375 0.3015625 0.03671875 0.1140625
1 0.89453125 0.17109375 0.01953125 0.09453125
0 0.80078125 0.25078125 0.025 0.1125
0 0.57109375 0.35078125 0.03046875 0.13046875
0 0.646875 0.2609375 0.02890625 0.1078125
0 0.59453125 0.2828125 0.03125 0.11171875
0 0.415625 0.259375 0.0359375 0.10546875
1 0.24609375 0.184375 0.02578125 0.1015625
0 0.5703125 0.30234375 0.034375 0.10703125
0 0.43359375 0.26640625 0.02734375 0.09375
0 0.61953125 0.26640625 0.02890625 0.11171875
0 0.63046875 0.26328125 0.03515625 0.1109375
0 0.58515625 0.27734375 0.034375 0.10546875