0 0.24609375 0.55546875 0.0390625 0.11015625
0 0.29453125 0.54140625 0.0484375 0.0921875
0 0.40625 0.37734375 0.02265625 0.1125
0 0.60859375 0.396875 0.02421875 0.13359375
0 0.1875 0.54296875 0.03046875 0.13125
0 0.45546875 0.48125 0.04453125 0.0921875
0 0.2765625 0.4453125 0.03046875 0.1140625
0 0.54140625 0.49609375 0.025 0.1328125
0 0.53203125 0.4140625 0.0265625 0.12734375
0 0.7421875 0.3671875 0.02265625 0.12734375
0 0.4078125 0.4953125 0.03671875 0.13125
0 0.64609375 0.46796875 0.02890625 0.1390625
0 0.5546875 0.33046875 0.02890625 0.10625
0 0.74453125 0.49453125 0.0328125 0.134375
0 0.390625 0.54453125 0.025 0.1515625
0 0.34453125 0.50078125 0.034375 0.09609375
1 0.67265625 0.4625 0.02578125 0.1390625
0 0.75 0.54296875 0.03515625 0.14765625
0 0.359375 0.46875 0.02734375 0.09921875
0 0.3890625 0.48046875 0.03828125 0.084375
0 0.40859375 0.4546875 0.0375 0.075
0 0.43046875 0.42890625 0.04140625 0.0671875
0 0.74453125 0.45859375 0.0234375 0.1234375
1 0.81328125 0.178125 0.02109375 0.08671875