1 0.340625 0.27109375 0.02421875 0.1109375
0 0.4734375 0.2765625 0.02890625 0.1296875
0 0.421875 0.29765625 0.025 0.128125
0 0.3984375 0.265625 0.021875 0.109375
0 0.26953125 0.39453125 0.02265625 0.134375
0 0.55234375 0.1921875 0.02109375 0.10546875
0 0.19375 0.2578125 0.02265625 0.12109375
0 0.27734375 0.18671875 0.01796875 0.10625
0 0.5078125 0.24765625 0.0203125 0.1140625
0 0.4953125 0.1578125 0.01953125 0.10390625
0 0.74296875 0.28359375 0.01875 0.12265625
0 0.7890625 0.27734375 0.01875 0.12109375
0 0.50546875 0.209375 0.0171875 0.1015625
0 0.41953125 0.23203125 0.015625 0.1
1 0.6734375 0.12109375 0.0171875 0.0875
0 0.771875 0.28671875 0.02421875 0.11875
0 0.7640625 0.27734375 0.01484375 0.11953125
0 0.7328125 0.2765625 0.01484375 0.128125
0 0.74140625 0.2578125 0.01171875 0.134375
0 0.75 0.259375 0.01328125 0.12265625
0 0.76171875 0.26875 0.01953125 0.12734375
0 0.7828125 0.27109375 0.01328125 0.11796875
0 0.74921875 0.2703125 0.01328125 0.1140625