0 0.74375 0.2875 0.02265625 0.10859375
0 0.39375 0.3640625 0.02109375 0.12265625
0 0.5640625 0.21171875 0.01875 0.09375
0 0.23984375 0.30234375 0.0203125 0.1203125
0 0.27421875 0.32421875 0.01875 0.1078125
0 0.47890625 0.30546875 0.02265625 0.11640625
0 0.825 0.38984375 0.02890625 0.1234375
0 0.32109375 0.32734375 0.02578125 0.121875
0 0.42578125 0.20078125 0.0171875 0.0875
0 0.30703125 0.27578125 0.02421875 0.1
0 0.50625 0.25078125 0.01953125 0.103125
0 0.559375 0.2796875 0.02109375 0.09921875
0 0.36796875 0.29375 0.021875 0.09296875
0 0.37578125 0.21796875 0.01875 0.0859375
0 0.42265625 0.35625 0.034375 0.128125
0 0.22109375 0.2421875 0.01875 0.09765625
1 0.58984375 0.28359375 0.025 0.10546875
0 0.5359375 0.33359375 0.025 0.1109375
0 0.33203125 0.2796875 0.02265625 0.11171875
0 0.42890625 0.28203125 0.0203125 0.1015625
0 0.37734375 0.29453125 0.01796875 0.103125
0 0.38046875 0.24453125 0.0203125 0.0875
0 0.3875 0.3109375 0.01875 0.1015625
1 0.1765625 0.17421875 0.0203125 0.0875