0 0.72421875 0.31484375 0.03359375 0.1453125
0 0.53671875 0.390625 0.0484375 0.1484375
0 0.434375 0.4484375 0.0359375 0.159375
0 0.81796875 0.32421875 0.0375 0.13359375
0 0.13359375 0.5421875 0.04921875 0.1734375
0 0.36640625 0.23828125 0.04765625 0.11328125
0 0.09453125 0.40078125 0.0359375 0.15703125
0 0.38984375 0.3703125 0.05078125 0.12421875
1 0.7515625 0.73125 0.0515625 0.221875
0 0.48984375 0.3421875 0.05234375 0.1390625
0 0.5234375 0.51796875 0.059375 0.1578125
0 0.6046875 0.32421875 0.0609375 0.11875
0 0.3609375 0.31875 0.06171875 0.12578125
0 0.440625 0.2765625 0.04921875 0.1125
0 0.44765625 0.353125 0.0375 0.12734375
1 0.15234375 0.3546875 0.040625 0.121875
0 0.1515625 0.1 0.0375 0.08515625
0 0.30625 0.09375 0.0359375 0.084375
0 0.7203125 0.30546875 0.046875 0.11875
0 0.48671875 0.34765625 0.046875 0.13046875
0 0.47421875 0.32734375 0.0453125 0.11875
0 0.51796875 0.34296875 0.03828125 0.1484375
0 0.553125 0.3765625 0.03828125 0.13828125
0 0.47890625 0.271875 0.0390625 0.12578125