0 0.53359375 0.41796875 0.0296875 0.1375
0 0.64140625 0.4703125 0.02265625 0.14296875
0 0.2765625 0.4359375 0.02890625 0.12421875
0 0.24765625 0.54296875 0.02890625 0.14375
0 0.56015625 0.5078125 0.02734375 0.134375
0 0.596875 0.41875 0.0234375 0.134375
0 0.740625 0.41796875 0.0234375 0.1265625
0 0.79765625 0.3140625 0.02265625 0.11171875
0 0.5609375 0.6109375 0.0421875 0.1671875
1 0.715625 0.4703125 0.0203125 0.13515625
0 0.33203125 0.56015625 0.0375 0.16171875
0 0.47421875 0.46484375 0.0375 0.13359375
0 0.56875 0.33125 0.03671875 0.1015625
0 0.30390625 0.5421875 0.04921875 0.09453125
0 0.40078125 0.53125 0.02890625 0.13828125
1 0.84296875 0.175 0.02265625 0.0921875
0 0.43125 0.3984375 0.0234375 0.11484375
0 0.7328125 0.52109375 0.03359375 0.14765625
0 0.17265625 0.55078125 0.028125 0.15
0 0.378125 0.45078125 0.02890625 0.1390625
0 0.4140625 0.37265625 0.01875 0.1125
0 0.35078125 0.4953125 0.04140625 0.1078125
0 0.41640625 0.45625 0.0390625 0.0703125
0 0.409375 0.47578125 0.0390625 0.0734375