0 0.70234375 0.59453125 0.04140625 0.1140625
0 0.64140625 0.3859375 0.0203125 0.08359375
0 0.36875 0.47890625 0.02421875 0.10859375
0 0.8484375 0.44375 0.0234375 0.11328125
1 0.278125 0.746875 0.028125 0.16796875
0 0.54296875 0.53359375 0.0234375 0.1234375
0 0.63125 0.51484375 0.02890625 0.1046875
0 0.6484375 0.553125 0.02421875 0.12109375
0 0.51640625 0.4125 0.0171875 0.09609375
0 0.5734375 0.4640625 0.01875 0.09921875
0 0.85078125 0.56171875 0.0171875 0.12109375
0 0.48125 0.56015625 0.021875 0.121875
0 0.290625 0.6296875 0.025 0.1328125
1 0.43125 0.49453125 0.01796875 0.1046875
0 0.77890625 0.4953125 0.02265625 0.1140625
0 0.73984375 0.50390625 0.02265625 0.0953125
0 0.8078125 0.5328125 0.02265625 0.12421875
0 0.46796875 0.50390625 0.0203125 0.1046875
0 0.71640625 0.50390625 0.01953125 0.11484375
0 0.68828125 0.42265625 0.01640625 0.10078125
1 0.27578125 0.36796875 0.0140625 0.08828125
0 0.81953125 0.55 0.0234375 0.1265625
0 0.68203125 0.52421875 0.0234375 0.11015625
0 0.67265625 0.53671875 0.02734375 0.1171875
0 0.671875 0.496875 0.0328125 0.05625