1 0.0375 0.17265625 0.0328125 0.125
0 0.65703125 0.490625 0.05859375 0.1578125
0 0.12578125 0.284375 0.0453125 0.11875
0 0.59453125 0.403125 0.0546875 0.14921875
0 0.4671875 0.25546875 0.0375 0.12421875
0 0.58671875 0.2078125 0.03125 0.109375
1 0.83359375 0.35390625 0.04140625 0.1296875
0 0.4953125 0.28671875 0.046875 0.12890625
0 0.53515625 0.2640625 0.04765625 0.115625
0 0.94375 0.25625 0.046875 0.115625
0 0.40859375 0.31015625 0.04296875 0.14375
0 0.646875 0.31484375 0.04296875 0.14140625
0 0.603125 0.30703125 0.04296875 0.1265625
0 0.44296875 0.32265625 0.03984375 0.13515625
1 0.14140625 0.66640625 0.06171875 0.19453125
0 0.9015625 0.1015625 0.03828125 0.08984375
0 0.5609375 0.284375 0.04609375 0.13359375
0 0.88828125 0.51484375 0.05078125 0.17265625
0 0.528125 0.2984375 0.03828125 0.11796875
0 0.53359375 0.29453125 0.0328125 0.11875
0 0.59140625 0.19140625 0.03046875 0.0984375
0 0.584375 0.28046875 0.05 0.1109375
0 0.39921875 0.28984375 0.05078125 0.11328125
0 0.46796875 0.253125 0.03984375 0.1203125