0 0.559375 0.5609375 0.03125 0.12734375
0 0.29140625 0.6078125 0.01953125 0.1265625
0 0.82578125 0.45 0.01953125 0.0984375
0 0.40078125 0.45703125 0.0234375 0.1015625
0 0.68671875 0.4375 0.0203125 0.1078125
0 0.27109375 0.35546875 0.01796875 0.0875
0 0.9296875 0.43359375 0.02265625 0.1140625
1 0.346875 0.5375 0.02421875 0.11484375
0 0.40390625 0.5890625 0.0296875 0.13046875
0 0.603125 0.3890625 0.01875 0.1046875
1 0.85 0.415625 0.0171875 0.1015625
0 0.39140625 0.36484375 0.01953125 0.09140625
0 0.52734375 0.5015625 0.03203125 0.109375
0 0.2734375 0.70625 0.04375 0.14140625
0 0.7390625 0.4828125 0.028125 0.11171875
0 0.78046875 0.4703125 0.021875 0.11015625
0 0.2046875 0.38125 0.02421875 0.0921875
0 0.709375 0.38125 0.021875 0.1
0 0.11171875 0.553125 0.02578125 0.128125
0 0.5578125 0.525 0.0328125 0.1203125
0 0.7796875 0.415625 0.01953125 0.0859375
0 0.7515625 0.446875 0.02109375 0.096875
1 0.64453125 0.2203125 0.0140625 0.0625
0 0.79453125 0.47421875 0.0203125 0.11484375
0 0.7375 0.4625 0.0234375 0.1140625
1 0.02578125 0.7046875 0.0203125 0.14375