0 0.596875 0.253125 0.04296875 0.12890625
0 0.04453125 0.30078125 0.05234375 0.14609375
0 0.29609375 0.24375 0.0390625 0.1390625
0 0.62890625 0.20546875 0.040625 0.13046875
0 0.68359375 0.2140625 0.0375 0.15546875
0 0.34375 0.18828125 0.034375 0.1234375
0 0.1234375 0.2125 0.02578125 0.14375
0 0.31953125 0.29296875 0.06015625 0.1453125
0 0.5390625 0.1953125 0.0484375 0.09140625
0 0.27421875 0.146875 0.028125 0.1296875
0 0.3640625 0.29296875 0.0640625 0.08515625
0 0.4046875 0.2609375 0.0625 0.08125
0 0.42890625 0.22578125 0.05390625 0.07890625
0 0.44140625 0.2109375 0.05859375 0.08046875
0 0.4703125 0.16328125 0.03984375 0.0921875
0 0.4578125 0.30625 0.05234375 0.096875
0 0.47734375 0.27578125 0.0515625 0.1171875
0 0.4796875 0.25703125 0.046875 0.103125
0 0.48359375 0.2421875 0.04453125 0.11328125
0 0.50078125 0.228125 0.05 0.09296875
0 0.52421875 0.2078125 0.05 0.0859375
0 0.859375 0.22734375 0.040625 0.1296875
1 0.63359375 0.04921875 0.03671875 0.0984375
1 0.05546875 0.2328125 0.0234375 0.14765625