0 0.78984375 0.21953125 0.03984375 0.13515625
1 0.26328125 0.1921875 0.034375 0.11796875
1 0.67109375 0.3046875 0.03046875 0.14296875
0 0.428125 0.49140625 0.040625 0.1765625
0 0.54296875 0.2703125 0.02734375 0.1296875
0 0.03203125 0.565625 0.03828125 0.1890625
0 0.82578125 0.5125 0.04375 0.1796875
0 0.92265625 0.18515625 0.0296875 0.11640625
0 0.434375 0.278125 0.0296875 0.1390625
0 0.72890625 0.5140625 0.040625 0.18671875
0 0.771875 0.24296875 0.04609375 0.10703125
0 0.878125 0.18828125 0.0359375 0.11796875
1 0.9640625 0.11875 0.01953125 0.115625
0 0.50234375 0.23828125 0.0328125 0.1265625
0 0.45703125 0.23125 0.03125 0.1171875
0 0.534375 0.2234375 0.034375 0.1234375
0 0.4703125 0.2546875 0.03359375 0.15078125
0 0.88828125 0.16953125 0.03046875 0.10546875
0 0.5375 0.2109375 0.02578125 0.11953125
0 0.484375 0.24140625 0.02890625 0.1390625
0 0.48203125 0.23515625 0.01953125 0.12890625