1 0.74453125 0.6109375 0.021875 0.08203125
1 0.51875 0.3890625 0.01328125 0.053125
1 0.215625 0.3609375 0.015625 0.04453125
1 0.20546875 0.80625 0.02578125 0.121875
0 0.590625 0.52421875 0.02109375 0.06796875
0 0.59375 0.5140625 0.02421875 0.06328125
0 0.55625 0.60546875 0.0265625 0.0609375
0 0.471875 0.48671875 0.01953125 0.04609375
0 0.346875 0.50078125 0.01640625 0.0390625
0 0.30703125 0.503125 0.01640625 0.0625
0 0.2421875 0.50859375 0.01953125 0.05234375
0 0.19609375 0.4453125 0.02265625 0.05546875
0 0.11796875 0.45 0.01171875 0.05703125
0 0.0234375 0.60546875 0.02265625 0.0875
0 0.62265625 0.5203125 0.01796875 0.06640625
0 0.571875 0.59609375 0.02578125 0.071875
0 0.55546875 0.503125 0.01484375 0.0671875
0 0.5078125 0.50546875 0.021875 0.05625
0 0.49375 0.496875 0.021875 0.05
0 0.4640625 0.478125 0.0125 0.053125
0 0.3953125 0.475 0.01484375 0.05234375
0 0.396875 0.4734375 0.01796875 0.053125
0 0.3546875 0.525 0.01875 0.06015625
0 0.309375 0.4875 0.025 0.05703125
0 0.25390625 0.5140625 0.01796875 0.05234375
0 0.19375 0.46640625 0.015625 0.02734375