0 0.6984375 0.36171875 0.04921875 0.1359375
0 0.5359375 0.45234375 0.075 0.146875
0 0.17109375 0.31171875 0.05 0.13515625
0 0.41015625 0.22265625 0.04453125 0.10859375
0 0.665625 0.18828125 0.04296875 0.12265625
1 0.13515625 0.2109375 0.0375 0.11875
0 0.10234375 0.0953125 0.03515625 0.1109375
0 0.7171875 0.22734375 0.03359375 0.11875
0 0.47109375 0.22421875 0.03125 0.13203125
0 0.7953125 0.20234375 0.0265625 0.1140625
0 0.56328125 0.23984375 0.05 0.1265625
0 0.5375 0.29609375 0.05 0.1328125
0 0.31640625 0.1546875 0.034375 0.10078125
0 0.4453125 0.153125 0.04296875 0.1140625
0 0.334375 0.18984375 0.04140625 0.13046875
0 0.32109375 0.19140625 0.03046875 0.11953125
0 0.53203125 0.2578125 0.0375 0.1265625
0 0.5046875 0.17734375 0.03515625 0.10234375
0 0.47578125 0.1453125 0.03125 0.09453125
0 0.4953125 0.22734375 0.04140625 0.1328125
0 0.5078125 0.16953125 0.02890625 0.1
0 0.534375 0.24140625 0.046875 0.12421875