0 0.65234375 0.3484375 0.04296875 0.1375
0 0.56875 0.3703125 0.03671875 0.128125
0 0.4328125 0.3359375 0.0484375 0.1078125
0 0.72109375 0.29765625 0.046875 0.15390625
0 0.803125 0.3375 0.03203125 0.13125
0 0.384375 0.46171875 0.0625 0.1578125
1 0.7515625 0.71953125 0.0546875 0.215625
0 0.49296875 0.396875 0.065625 0.1421875
0 0.18046875 0.53984375 0.05703125 0.16015625
0 0.42265625 0.2921875 0.059375 0.11328125
0 0.6375 0.521875 0.078125 0.13359375
0 0.5453125 0.3546875 0.046875 0.11796875
0 0.35 0.37421875 0.0484375 0.1296875
0 0.31484375 0.23046875 0.05859375 0.09609375
0 0.49609375 0.2765625 0.04609375 0.08828125
0 0.4828125 0.36171875 0.046875 0.11953125
0 0.30625 0.309375 0.05703125 0.1203125
0 0.0796875 0.39609375 0.0375 0.15390625
1 0.15234375 0.3515625 0.04140625 0.12109375
0 0.71484375 0.28515625 0.03515625 0.11484375
0 0.51875 0.3296875 0.0375 0.12109375
0 0.50390625 0.31015625 0.03828125 0.08828125
0 0.36796875 0.090625 0.0359375 0.0796875
0 0.1609375 0.096875 0.025 0.08125
1 0.3421875 0.05703125 0.02578125 0.06484375