1 0.33671875 0.27265625 0.0234375 0.10859375
0 0.4671875 0.27734375 0.028125 0.12734375
0 0.4171875 0.2984375 0.02421875 0.12578125
0 0.39375 0.2671875 0.021875 0.1078125
0 0.26640625 0.39375 0.021875 0.13203125
0 0.5453125 0.19453125 0.0203125 0.103125
0 0.1921875 0.25859375 0.02265625 0.11875
0 0.27421875 0.18984375 0.01796875 0.10390625
0 0.5015625 0.24921875 0.0203125 0.1125
0 0.4890625 0.16015625 0.01875 0.10234375
0 0.7328125 0.284375 0.01875 0.1203125
0 0.77890625 0.278125 0.01875 0.11875
0 0.49921875 0.2109375 0.01640625 0.1
0 0.41484375 0.23359375 0.015625 0.0984375
1 0.6640625 0.12421875 0.0171875 0.0859375
0 0.7609375 0.2875 0.0234375 0.1171875
0 0.753125 0.278125 0.01484375 0.11796875
0 0.72265625 0.27734375 0.01484375 0.1265625
0 0.73125 0.259375 0.01171875 0.13203125
0 0.73984375 0.26015625 0.01328125 0.12109375
0 0.7515625 0.26953125 0.01953125 0.125
0 0.77265625 0.27265625 0.01328125 0.115625
0 0.7390625 0.27109375 0.01328125 0.1125