0 0.73125 0.39375 0.05078125 0.13671875
0 0.3484375 0.32265625 0.05390625 0.14921875
0 0.90234375 0.34609375 0.046875 0.13203125
0 0.49140625 0.43828125 0.0578125 0.16171875
0 0.21640625 0.4015625 0.06015625 0.17578125
0 0.028125 0.38671875 0.04609375 0.17109375
0 0.38671875 0.1953125 0.04765625 0.11640625
0 0.33828125 0.503125 0.04609375 0.16640625
0 0.58984375 0.2046875 0.03515625 0.1296875
0 0.19375 0.290625 0.04453125 0.1375
0 0.9859375 0.38046875 0.028125 0.1359375
0 0.30234375 0.36171875 0.04609375 0.1375
0 0.3875 0.31640625 0.0421875 0.1375
0 0.26796875 0.4015625 0.04609375 0.1625
0 0.53515625 0.40859375 0.071875 0.146875
0 0.52578125 0.23046875 0.03515625 0.13203125
0 0.446875 0.3359375 0.04375 0.1515625
0 0.44453125 0.28046875 0.0484375 0.13828125
0 0.48046875 0.23125 0.04765625 0.125
0 0.684375 0.21875 0.0359375 0.13515625
0 0.484375 0.19921875 0.0390625 0.1390625
1 0.94375 0.1328125 0.04140625 0.10234375
1 0.00703125 0.13828125 0.0140625 0.1171875