0 0.1515625 0.39453125 0.0203125 0.13125
0 0.1375 0.565625 0.02578125 0.1703125
0 0.1953125 0.771875 0.0453125 0.19765625
0 0.4109375 0.58203125 0.02734375 0.17265625
0 0.38046875 0.51640625 0.02421875 0.15
0 0.37578125 0.44921875 0.01953125 0.12734375
0 0.34453125 0.309375 0.02578125 0.11328125
0 0.44296875 0.38125 0.015625 0.1421875
0 0.4953125 0.41484375 0.02578125 0.14140625
0 0.50703125 0.4703125 0.01796875 0.1359375
0 0.50546875 0.54140625 0.0234375 0.1625
0 0.7390625 0.6109375 0.0359375 0.17421875
0 0.6734375 0.5359375 0.02890625 0.16171875
0 0.68671875 0.50390625 0.03125 0.16484375
0 0.64296875 0.48046875 0.03515625 0.13828125
0 0.659375 0.45 0.02890625 0.14921875
0 0.66484375 0.4375 0.025 0.1453125
0 0.7734375 0.40546875 0.0359375 0.1265625
0 0.84140625 0.40703125 0.0359375 0.12890625
0 0.8515625 0.48203125 0.02734375 0.1578125
0 0.8890625 0.51328125 0.03515625 0.1484375
0 0.78984375 0.5234375 0.03125 0.1453125
1 0.9640625 0.34453125 0.0296875 0.13046875
1 0.49765625 0.115625 0.0171875 0.08125
1 0.73515625 0.89921875 0.0515625 0.15
1 0.45 0.521875 0.02578125 0.15078125