0 0.75390625 0.41796875 0.0328125 0.12578125
0 0.1640625 0.27265625 0.02421875 0.090625
0 0.6953125 0.31484375 0.0234375 0.10703125
0 0.3625 0.31484375 0.0359375 0.08203125
0 0.19375 0.33046875 0.025 0.1140625
0 0.51875 0.25234375 0.0203125 0.08203125
0 0.3046875 0.35625 0.028125 0.11796875
0 0.41875 0.3390625 0.0296875 0.0890625
0 0.43359375 0.36640625 0.03046875 0.10234375
0 0.2828125 0.3125 0.02265625 0.09453125
0 0.4421875 0.28359375 0.01796875 0.0953125
0 0.2328125 0.35390625 0.01796875 0.1078125
0 0.2578125 0.3078125 0.02421875 0.08359375
0 0.38828125 0.4 0.025 0.12421875
0 0.4796875 0.31015625 0.01875 0.1
0 0.3453125 0.23828125 0.01640625 0.084375
0 0.334375 0.3484375 0.01953125 0.10625
1 0.9390625 0.3125 0.01875 0.1046875
0 0.31328125 0.25390625 0.01640625 0.0875
1 0.5296875 0.309375 0.02109375 0.10234375
1 0.125 0.2078125 0.01640625 0.07890625
0 0.325 0.2921875 0.02421875 0.06171875
0 0.4109375 0.38828125 0.025 0.12109375
0 0.32734375 0.33984375 0.025 0.1
0 0.31796875 0.3375 0.02890625 0.0625