0 0.36328125 0.346875 0.06015625 0.1515625
0 0.60546875 0.30546875 0.04609375 0.15546875
0 0.40703125 0.35078125 0.03515625 0.12578125
1 0.259375 0.70703125 0.0546875 0.18984375
0 0.45859375 0.246875 0.03203125 0.128125
0 0.546875 0.36328125 0.04453125 0.1328125
0 0.7890625 0.38671875 0.0609375 0.134375
0 0.7203125 0.3421875 0.0328125 0.1453125
0 0.92109375 0.19296875 0.040625 0.10234375
0 0.82890625 0.3890625 0.03046875 0.16328125
0 0.88046875 0.18671875 0.04609375 0.10390625
1 0.75078125 0.34921875 0.021875 0.146875
0 0.53203125 0.27578125 0.0328125 0.1234375
0 0.54453125 0.240625 0.03515625 0.12421875
0 0.52578125 0.24921875 0.0265625 0.1296875
0 0.5671875 0.33984375 0.05625 0.075
0 0.46171875 0.39453125 0.065625 0.06796875
0 0.49296875 0.3828125 0.04140625 0.09375
0 0.53203125 0.36953125 0.0625 0.05546875
0 0.4265625 0.36328125 0.04140625 0.12890625
0 0.44921875 0.334375 0.0375 0.12890625
0 0.49453125 0.31640625 0.0390625 0.11484375