0 0.18984375 0.18125 0.04453125 0.11640625
0 0.56875 0.4765625 0.0453125 0.178125
0 0.29453125 0.484375 0.040625 0.16875
0 0.3171875 0.2375 0.03359375 0.1125
0 0.98359375 0.559375 0.0328125 0.19296875
0 0.22890625 0.215625 0.03828125 0.1375
0 0.575 0.26328125 0.02890625 0.1375
0 0.11015625 0.496875 0.03984375 0.18203125
1 0.74296875 0.1875 0.02265625 0.1171875
1 0.36953125 0.30390625 0.03046875 0.1421875
0 0.46640625 0.2484375 0.03046875 0.125
0 0.45390625 0.19921875 0.04453125 0.11328125
1 0.0796875 0.1125 0.0390625 0.11953125
0 0.50625 0.22265625 0.028125 0.11328125
0 0.10625 0.17734375 0.028125 0.12109375
0 0.53359375 0.25234375 0.02578125 0.14296875
0 0.10078125 0.16328125 0.028125 0.1109375
0 0.5578125 0.21875 0.03359375 0.11953125
0 0.46171875 0.20390625 0.034375 0.1078125
0 0.51015625 0.21484375 0.0375 0.128125
0 0.5171875 0.21640625 0.025 0.11640625