1 0.0578125 0.2859375 0.0265625 0.1265625
0 0.6984375 0.3703125 0.02265625 0.13125
0 0.53828125 0.23359375 0.0203125 0.10546875
0 0.46875 0.190625 0.01953125 0.09453125
0 0.2609375 0.2796875 0.015625 0.121875
0 0.50859375 0.2859375 0.01875 0.12578125
0 0.41640625 0.23125 0.02890625 0.1109375
0 0.78125 0.296875 0.01953125 0.12421875
0 0.4109375 0.20546875 0.0171875 0.10546875
0 0.446875 0.26328125 0.021875 0.109375
0 0.56875 0.30859375 0.02421875 0.12890625
0 0.578125 0.27421875 0.0171875 0.10625
1 0.5859375 0.26640625 0.01796875 0.11328125
0 0.54609375 0.20390625 0.0125 0.10625