1 0.68984375 0.4984375 0.0265625 0.1484375
0 0.228125 0.27890625 0.0390625 0.1265625
0 0.56796875 0.52265625 0.040625 0.14375
0 0.7515625 0.76015625 0.05390625 0.1671875
0 0.65859375 0.33828125 0.028125 0.13046875
0 0.540625 0.61875 0.059375 0.159375
0 0.5328125 0.4203125 0.034375 0.12734375
1 0.2640625 0.10234375 0.02109375 0.09375
0 0.43515625 0.27734375 0.03125 0.109375
0 0.37421875 0.3421875 0.02265625 0.13359375
0 0.1546875 0.48359375 0.028125 0.17109375
0 0.81796875 0.49296875 0.040625 0.15078125
0 0.4171875 0.771875 0.06328125 0.19140625
0 0.39140625 0.4328125 0.0578125 0.09921875
0 0.165625 0.46328125 0.0328125 0.1375
0 0.34765625 0.5890625 0.0484375 0.1125
0 0.428125 0.49453125 0.071875 0.11640625
0 0.30390625 0.40625 0.04609375 0.0859375
0 0.3609375 0.50859375 0.05625 0.09140625
0 0.44765625 0.5828125 0.06328125 0.10859375
0 0.353125 0.54609375 0.05859375 0.11796875
0 0.334375 0.48125 0.046875 0.1015625
0 0.32421875 0.45 0.04375 0.10234375
0 0.31640625 0.42890625 0.0453125 0.08984375