0 0.8484375 0.575 0.03359375 0.115625
0 0.590625 0.46171875 0.01953125 0.10234375
0 0.33671875 0.5359375 0.0265625 0.0875
0 0.06640625 0.57109375 0.028125 0.11328125
0 0.39140625 0.6421875 0.06953125 0.1046875
0 0.29921875 0.578125 0.02734375 0.09921875
0 0.6921875 0.49765625 0.03203125 0.10703125
0 0.49921875 0.51875 0.02578125 0.1
0 0.278125 0.5609375 0.02734375 0.0953125
0 0.58203125 0.52109375 0.03203125 0.11328125
0 0.5609375 0.54375 0.02421875 0.08515625
0 0.4171875 0.471875 0.0296875 0.08984375
0 0.4828125 0.58671875 0.03359375 0.1078125
1 0.4375 0.4921875 0.025 0.0953125
0 0.33203125 0.45703125 0.021875 0.08125
0 0.48125 0.528125 0.03359375 0.10625
0 0.090625 0.56796875 0.0296875 0.0875
1 0.31328125 0.41171875 0.01875 0.0796875
0 0.32421875 0.57578125 0.03515625 0.0921875
0 0.38046875 0.55703125 0.059375 0.03828125
0 0.365625 0.64375 0.0390625 0.09921875
0 0.4875 0.565625 0.02578125 0.1109375
0 0.60625 0.528125 0.03203125 0.11015625
0 0.590625 0.54765625 0.0234375 0.09296875