1 0.8828125 0.34453125 0.0140625 0.075
1 0.4296875 0.25625 0.0109375 0.05546875
1 0.784375 0.74765625 0.04609375 0.12734375
0 0.1609375 0.540625 0.03125 0.1015625
0 0.28828125 0.434375 0.0296875 0.08671875
0 0.4015625 0.5328125 0.02578125 0.09140625
0 0.37734375 0.62265625 0.03515625 0.10703125
0 0.37734375 0.709375 0.02265625 0.1015625
0 0.49375 0.6984375 0.05078125 0.12578125
0 0.5421875 0.55 0.03125 0.0953125
0 0.4703125 0.48828125 0.0375 0.09765625
0 0.64140625 0.5890625 0.03828125 0.096875
0 0.62734375 0.67109375 0.05078125 0.1125
0 0.85078125 0.60078125 0.040625 0.11484375
0 0.796875 0.47734375 0.02890625 0.09609375
0 0.72265625 0.5375 0.02734375 0.10390625
0 0.69453125 0.5015625 0.025 0.09296875
0 0.684375 0.54140625 0.034375 0.09453125
0 0.62890625 0.48828125 0.028125 0.090625
0 0.4546875 0.5796875 0.0234375 0.10546875
0 0.4453125 0.5390625 0.02890625 0.09375
0 0.42109375 0.61875 0.0265625 0.084375
0 0.44140625 0.66953125 0.05546875 0.12265625
0 0.3875 0.72109375 0.0265625 0.1234375
0 0.5609375 0.34140625 0.015625 0.07421875