1 0.03984375 0.17265625 0.03203125 0.12265625
0 0.646875 0.48359375 0.05703125 0.1546875
0 0.1265625 0.2828125 0.04375 0.11640625
0 0.58515625 0.3984375 0.053125 0.14609375
0 0.4609375 0.25390625 0.03671875 0.12109375
0 0.578125 0.20703125 0.03046875 0.10703125
1 0.81953125 0.35078125 0.040625 0.12734375
0 0.48828125 0.284375 0.04609375 0.1265625
0 0.52734375 0.2625 0.046875 0.11328125
0 0.92734375 0.2546875 0.04609375 0.11328125
0 0.403125 0.30703125 0.0421875 0.140625
0 0.63671875 0.31171875 0.0421875 0.13828125
0 0.990625 0.10234375 0.01875 0.0859375
0 0.59375 0.3046875 0.0421875 0.1234375
0 0.43671875 0.31953125 0.0390625 0.1328125
1 0.1421875 0.65625 0.0609375 0.18984375
0 0.8859375 0.103125 0.0375 0.0875
0 0.55234375 0.28203125 0.0453125 0.13046875
0 0.8734375 0.5078125 0.05 0.16875
0 0.5203125 0.29609375 0.0375 0.115625
0 0.52578125 0.2921875 0.03203125 0.115625
0 0.5828125 0.19140625 0.03046875 0.09609375
0 0.57578125 0.278125 0.0484375 0.10859375
0 0.39453125 0.2875 0.05 0.11015625
0 0.4609375 0.2515625 0.0390625 0.1171875